VAR1	VAR2	VAR3	VAR4
1.011000000000000e-5	0.0000000000000000		
1.031000000000000e-5	0.0000000000000000		
1.052000000000000e-5	0.0000000000000000		
1.073000000000000e-5	0.0000000000000000		
1.095000000000000e-5	0.0000000000000000		
1.117000000000000e-5	0.0000000000000000		
1.139000000000000e-5	0.0000000000000000		
1.162000000000000e-5	0.0000000000000000		
1.186000000000000e-5	0.0000000000000000		
1.210000000000000e-5	0.0000000000000000		
1.234000000000000e-5	0.0000000000000000		
1.259000000000000e-5	0.0000000000000000		
1.284000000000000e-5	0.0000000000000000		
1.310000000000000e-5	0.0000000000000000		
1.336000000000000e-5	0.0000000000000000		
1.363000000000000e-5	0.0000000000000000		
1.391000000000000e-5	0.0000000000000000		
1.419000000000000e-5	0.0000000000000000		
1.447000000000000e-5	0.0000000000000000		
1.476000000000000e-5	0.0000000000000000		
1.506000000000000e-5	0.0000000000000000		
1.537000000000000e-5	0.0000000000000000		
1.567000000000000e-5	0.0000000000000000		
1.599000000000000e-5	0.0000000000000000		
1.631000000000000e-5	0.0000000000000000		
1.664000000000000e-5	0.0000000000000000		
1.698000000000000e-5	0.0000000000000000		
1.732000000000000e-5	0.0000000000000000		
1.767000000000000e-5	0.0000000000000000		
1.802000000000000e-5	0.0000000000000000		
1.838000000000000e-5	0.0000000000000000		
1.875000000000000e-5	0.0000000000000000		
1.913000000000000e-5	0.0000000000000000		
1.952000000000000e-5	0.0000000000000000		
1.991000000000000e-5	0.0000000000000000		
2.031000000000000e-5	0.0000000000000000		
2.072000000000000e-5	0.0000000000000000		
2.114000000000000e-5	0.0000000000000000		
2.156000000000000e-5	0.0000000000000000		
2.200000000000000e-5	0.0000000000000000		
2.244000000000000e-5	0.0000000000000000		
2.289000000000000e-5	0.0000000000000000		
2.335000000000000e-5	0.0000000000000000		
2.382000000000000e-5	0.0000000000000000		
2.430000000000000e-5	0.0000000000000000		
2.479000000000000e-5	0.0000000000000000		
2.529000000000000e-5	0.0000000000000000		
2.580000000000000e-5	0.0000000000000000		
2.632000000000000e-5	0.0000000000000000		
2.685000000000000e-5	0.0000000000000000		
2.739000000000000e-5	0.0000000000000000		
2.794000000000000e-5	0.0000000000000000		
2.850000000000000e-5	0.0000000000000000		
2.908000000000000e-5	0.0000000000000000		
2.966000000000000e-5	0.0000000000000000		
3.026000000000000e-5	0.0000000000000000		
3.087000000000000e-5	0.0000000000000000		
3.149000000000000e-5	0.0000000000000000		
3.212000000000000e-5	0.0000000000000000		
3.277000000000000e-5	0.0000000000000000		
3.343000000000000e-5	0.0000000000000000		
3.410000000000000e-5	0.0000000000000000		
3.479000000000000e-5	0.0000000000000000		
3.548999999999999e-5	0.0000000000000000		
3.620000000000000e-5	0.0000000000000000		
3.692999999999999e-5	0.0000000000000000		
3.768000000000000e-5	0.0000000000000000		
3.843000000000000e-5	0.0000000000000000		
3.921000000000000e-5	0.0000000000000000		
4.000000000000000e-5	0.0000000000000000		
4.079999999999999e-5	0.0000000000000000		
4.162000000000000e-5	0.0000000000000000		
4.246000000000000e-5	0.0000000000000000		
4.332000000000000e-5	0.0000000000000000		
4.418999999999999e-5	0.0000000000000000		
4.507999999999999e-5	0.0000000000000000		
4.599000000000000e-5	0.0000000000000000		
4.691000000000000e-5	0.0000000000000000		
4.786000000000000e-5	0.0000000000000000		
4.882000000000000e-5	0.0000000000000000		
4.980000000000000e-5	0.0000000000000000		
5.081000000000000e-5	0.0000000000000000		
5.183000000000000e-5	0.0000000000000000		
5.286999999999999e-5	0.0000000000000000		
5.393999999999999e-5	0.0000000000000000		
5.502000000000000e-5	0.0000000000000000		
5.613000000000000e-5	0.0000000000000000		
5.726000000000000e-5	0.0000000000000000		
5.841000000000000e-5	0.0000000000000000		
5.959000000000000e-5	0.0000000000000000		
6.079000000000000e-5	0.0000000000000000		
6.201000000000000e-5	0.0000000000000000		
6.325999999999998e-5	0.0000000000000000		
6.452999999999999e-5	0.0000000000000000		
6.583000000000000e-5	0.0000000000000000		
6.715999999999998e-5	0.0000000000000000		
6.850999999999999e-5	0.0000000000000000		
6.989000000000000e-5	0.0000000000000000		
7.130000000000000e-5	0.0000000000000000		
7.272999999999998e-5	0.0000000000000000		
7.419999999999998e-5	0.0000000000000000		
7.568999999999998e-5	0.0000000000000000		
7.720999999999998e-5	0.0000000000000000		
7.877000000000000e-5	0.0000000000000000		
8.034999999999998e-5	0.0000000000000000		
8.196999999999998e-5	0.0000000000000000		
8.361999999999998e-5	0.0000000000000000		
8.530000000000000e-5	0.0000000000000000		
8.701999999999998e-5	0.0000000000000000		
8.877000000000000e-5	0.0000000000000000		
9.055999999999998e-5	0.0000000000000000		
9.238000000000000e-5	0.0000000000000000		
9.424000000000000e-5	0.0000000000000000		
9.614000000000000e-5	0.0000000000000000		
9.808000000000000e-5	0.0000000000000000		
1.000000000000000e-4	0.0000000000000000		
1.021000000000000e-4	0.0000000000000000		
1.041000000000000e-4	0.0000000000000000		
1.062000000000000e-4	0.0000000000000000		
1.084000000000000e-4	0.0000000000000000		
1.105000000000000e-4	0.0000000000000000		
1.128000000000000e-4	0.0000000000000000		
1.150000000000000e-4	0.0000000000000000		
1.173000000000000e-4	0.0000000000000000		
1.197000000000000e-4	0.0000000000000000		
1.221000000000000e-4	0.0000000000000000		
1.246000000000000e-4	0.0000000000000000		
1.271000000000000e-4	0.0000000000000000		
1.296000000000000e-4	0.0000000000000000		
1.323000000000000e-4	0.0000000000000000		
1.349000000000000e-4	0.0000000000000000		
1.376000000000000e-4	0.0000000000000000		
1.404000000000000e-4	0.0000000000000000		
1.432000000000000e-4	0.0000000000000000		
1.461000000000000e-4	0.0000000000000000		
1.491000000000000e-4	0.0000000000000000	C  1	
1.521000000000000e-4	0.0000000000000000		
1.551000000000000e-4	0.0000000000000000		
1.582000000000000e-4	0.0000000000000000		
1.614000000000000e-4	0.0000000000000000		
1.647000000000000e-4	0.0000000000000000		
1.685000000000000e-4	1.805000000000000e-24		
1.717000000000000e-4	6.650999999999999e-24		
1.751000000000000e-4	2.163000000000000e-23		
1.787000000000000e-4	6.875999999999999e-23		
1.823000000000000e-4	2.138000000000000e-22		
1.859000000000000e-4	6.505000000000000e-22		
1.897000000000000e-4	1.937000000000000e-21		
1.935000000000000e-4	5.650999999999999e-21		
1.974000000000000e-4	1.615000000000000e-20		
2.013000000000000e-4	4.522000000000000e-20		
2.054000000000000e-4	1.242000000000000e-19		
2.095000000000000e-4	3.345000000000000e-19		
2.137000000000000e-4	8.839999999999998e-19		
2.180000000000000e-4	2.293000000000000e-18		
2.224000000000000e-4	5.841999999999999e-18		
2.269000000000000e-4	1.462000000000000e-17		
2.314000000000000e-4	3.595000000000000e-17		
2.361000000000000e-4	8.690999999999998e-17		
2.408000000000000e-4	2.066000000000000e-16		
2.457000000000000e-4	4.830000000000000e-16	C  1	
2.506000000000000e-4	1.111000000000000e-15		
2.556000000000000e-4	2.517000000000000e-15		
2.608000000000000e-4	5.611000000000000e-15		
2.660000000000000e-4	1.232000000000000e-14		
2.714000000000000e-4	2.666000000000000e-14		
2.768000000000000e-4	5.683999999999999e-14		
2.824000000000000e-4	1.195000000000000e-13		
2.881000000000000e-4	2.476000000000000e-13		
2.939000000000000e-4	5.060999999999999e-13		
2.998000000000000e-4	1.021000000000000e-12		
3.058000000000000e-4	2.031000000000000e-12		
3.119000000000000e-4	3.989999999999999e-12		
3.182000000000000e-4	7.739999999999998e-12		
3.246000000000000e-4	1.483000000000000e-11		
3.311000000000000e-4	2.806000000000000e-11		
3.378000000000000e-4	5.246000000000000e-11		
3.446000000000000e-4	9.693999999999998e-11		
3.515000000000000e-4	1.771000000000000e-10		
3.586000000000000e-4	3.199000000000000e-10		
3.657999999999999e-4	5.713999999999999e-10		
3.732000000000000e-4	1.010000000000000e-9		
3.807000000000000e-4	1.766000000000000e-9		
3.882999999999999e-4	3.055000000000000e-9		
3.961000000000000e-4	5.232000000000000e-9		
4.040999999999999e-4	8.871000000000000e-9		
4.122000000000000e-4	1.490000000000000e-8		
4.205000000000000e-4	2.477000000000000e-8		
4.290000000000000e-4	4.079999999999999e-8		
4.375999999999999e-4	6.659999999999998e-8		
4.463999999999999e-4	1.077000000000000e-7	N  2	
4.553999999999999e-4	1.727000000000000e-7		
4.646000000000000e-4	2.744000000000000e-7		
4.739000000000000e-4	4.323999999999999e-7		
4.835000000000000e-4	6.755999999999998e-7		
4.931999999999999e-4	1.047000000000000e-6		
5.030999999999999e-4	1.610000000000000e-6		
5.131999999999999e-4	2.455000000000000e-6		
5.235000000000000e-4	3.714999999999999e-6		
5.340999999999999e-4	5.580000000000000e-6		
5.447999999999999e-4	8.320000000000000e-6		
5.557999999999999e-4	1.231000000000000e-5		
5.669999999999999e-4	1.810000000000000e-5		
5.784000000000000e-4	2.641000000000000e-5		
5.899999999999999e-4	3.827000000000000e-5	C  2	
6.018999999999999e-4	5.510000000000000e-5		
6.140000000000000e-4	7.879000000000000e-5		
6.263999999999999e-4	1.120000000000000e-4	O  1	
6.389999999999999e-4	1.581000000000000e-4		
6.517999999999999e-4	2.218000000000000e-4		
6.648999999999999e-4	3.093000000000000e-4		
6.782999999999999e-4	4.288000000000000e-4		
6.919999999999999e-4	5.909999999999999e-4		
7.059000000000000e-4	8.098999999999998e-4		
7.201000000000000e-4	1.104000000000000e-3		
7.346000000000000e-4	1.496000000000000e-3		
7.493999999999998e-4	2.016000000000000e-3	N  2	
7.644000000000000e-4	2.703000000000000e-3		
7.798000000000000e-4	3.605000000000000e-3		
7.955000000000000e-4	4.783999999999999e-3		
8.115000000000000e-4	6.317000000000000e-3		
8.278000000000000e-4	8.299999999999998e-3		
8.445000000000000e-4	1.085000000000000e-2		
8.615000000000000e-4	1.413000000000000e-2		
8.787999999999998e-4	1.830000000000000e-2		
8.965000000000000e-4	2.360000000000000e-2		
9.145999999999998e-4	3.031000000000000e-2		
9.329999999999998e-4	3.875000000000000e-2		
9.517000000000000e-4	4.933000000000000e-2		
9.708999999999998e-4	6.252999999999999e-2		
9.903999999999998e-4	7.895000000000000e-2		
1.005000000000000e-3	9.366999999999998e-2		He 1
1.015000000000000e-3	1.050000000000000e-1		
1.025000000000000e-3	1.175000000000000e-1		
1.036000000000000e-3	1.314000000000000e-1	O  3	
1.046000000000000e-3	1.468000000000000e-1		
1.057000000000000e-3	1.639000000000000e-1		
1.067000000000000e-3	1.828000000000000e-1		
1.078000000000000e-3	2.037000000000000e-1		
1.089000000000000e-3	2.267000000000000e-1		
1.100000000000000e-3	2.521000000000000e-1		
1.111000000000000e-3	2.801000000000000e-1		
1.122000000000000e-3	3.110000000000000e-1		
1.133000000000000e-3	3.449000000000000e-1		
1.144000000000000e-3	3.822000000000000e-1		
1.156000000000000e-3	4.232000000000000e-1		
1.168000000000000e-3	4.681000000000000e-1		
1.179000000000000e-3	5.174000000000000e-1		
1.191000000000000e-3	5.713999999999999e-1		
1.203000000000000e-3	6.304000000000000e-1		
1.215000000000000e-3	6.950999999999999e-1		
1.227000000000000e-3	7.657000000000000e-1		
1.240000000000000e-3	8.428000000000000e-1		
1.252000000000000e-3	9.269000000000000e-1		
1.265000000000000e-3	1.019000000000000e+0		
1.277000000000000e-3	1.119000000000000e+0		
1.290000000000000e-3	1.227000000000000e+0		
1.303000000000000e-3	1.346000000000000e+0		
1.316000000000000e-3	1.474000000000000e+0		
1.329000000000000e-3	1.614000000000000e+0		
1.343000000000000e-3	1.765000000000000e+0		
1.356000000000000e-3	1.929000000000000e+0		
1.370000000000000e-3	2.107000000000000e+0		
1.384000000000000e-3	2.300000000000000e+0		
1.398000000000000e-3	2.509000000000000e+0		
1.412000000000000e-3	2.734000000000000e+0		
1.426000000000000e-3	2.978000000000000e+0		
1.440000000000000e-3	3.241000000000000e+0	O  1	
1.454000000000000e-3	3.525000000000000e+0		
1.469000000000000e-3	3.831000000000000e+0		
1.484000000000000e-3	4.160999999999999e+0		
1.499000000000000e-3	4.515999999999999e+0		
1.514000000000000e-3	4.898999999999999e+0		
1.529000000000000e-3	5.310000000000000e+0		
1.544000000000000e-3	5.752000000000000e+0		
1.560000000000000e-3	6.226999999999999e+0		
1.575000000000000e-3	6.736999999999999e+0		
1.591000000000000e-3	7.283000000000000e+0	N  3	
1.607000000000000e-3	7.870000000000000e+0		
1.623000000000000e-3	8.498000000000000e+0		
1.640000000000000e-3	9.171000000000000e+0		
1.656000000000000e-3	9.890999999999998e+0		
1.673000000000000e-3	1.066000000000000e+1		
1.690000000000000e-3	1.148000000000000e+1		
1.707000000000000e-3	1.236000000000000e+1		
1.724000000000000e-3	1.330000000000000e+1		
1.741000000000000e-3	1.430000000000000e+1		
1.758000000000000e-3	1.537000000000000e+1	O  3	
1.776000000000000e-3	1.651000000000000e+1		
1.794000000000000e-3	1.772000000000000e+1		
1.812000000000000e-3	1.902000000000000e+1		
1.830000000000000e-3	2.039000000000000e+1		
1.848000000000000e-3	2.185000000000000e+1		
1.867000000000000e-3	2.341000000000000e+1		
1.886000000000000e-3	2.506000000000000e+1		
1.905000000000000e-3	2.682000000000000e+1		
1.924000000000000e-3	2.868000000000000e+1		
1.943000000000000e-3	3.065000000000000e+1		
1.963000000000000e-3	3.275000000000000e+1		
1.982000000000000e-3	3.497000000000000e+1		
2.002000000000000e-3	3.731999999999999e+1		
2.022000000000000e-3	3.980999999999999e+1		
2.043000000000000e-3	4.244000000000000e+1		
2.063000000000000e-3	4.523000000000000e+1		
2.084000000000000e-3	4.818000000000000e+1		
2.105000000000000e-3	5.129000000000000e+1		
2.126000000000000e-3	5.458000000000000e+1		
2.147000000000000e-3	5.805999999999999e+1		
2.169000000000000e-3	6.172000000000000e+1		
2.191000000000000e-3	6.558999999999999e+1		
2.213000000000000e-3	6.966999999999998e+1		
2.235000000000000e-3	7.397000000000000e+1		
2.257000000000000e-3	7.850000000000000e+1		
2.280000000000000e-3	8.327000000000000e+1		
2.303000000000000e-3	8.829000000000000e+1		
2.326000000000000e-3	9.357000000000000e+1		
2.349000000000000e-3	9.911999999999998e+1		
2.373000000000000e-3	1.050000000000000e+2		
2.397000000000000e-3	1.111000000000000e+2		
2.421000000000000e-3	1.176000000000000e+2		
2.445000000000000e-3	1.243000000000000e+2		
2.470000000000000e-3	1.314000000000000e+2		
2.494000000000000e-3	1.389000000000000e+2		
2.519000000000000e-3	1.467000000000000e+2	Ne 3	
2.545000000000000e-3	1.549000000000000e+2		
2.570000000000000e-3	1.635000000000000e+2		
2.596000000000000e-3	1.725000000000000e+2	Si 2	
2.622000000000000e-3	1.819000000000000e+2		
2.648000000000000e-3	1.918000000000000e+2		
2.675000000000000e-3	2.022000000000000e+2		
2.702000000000000e-3	2.130000000000000e+2	S  3	
2.729000000000000e-3	2.243000000000000e+2		
2.756000000000000e-3	2.361000000000000e+2		
2.784000000000000e-3	2.484000000000000e+2		
2.812000000000000e-3	2.613000000000000e+2		
2.840000000000000e-3	2.748000000000000e+2		
2.869000000000000e-3	2.889000000000000e+2		
2.897000000000000e-3	3.036000000000000e+2		
2.927000000000000e-3	3.189000000000000e+2		
2.956000000000000e-3	3.349000000000000e+2		
2.986000000000000e-3	3.515000000000000e+2		
3.016000000000000e-3	3.689000000000000e+2		
3.046000000000000e-3	3.870000000000000e+2		
3.076000000000000e-3	4.059000000000000e+2		
3.107000000000000e-3	4.255000000000000e+2		
3.139000000000000e-3	4.459000000000000e+2		
3.170000000000000e-3	4.672000000000000e+2		
3.202000000000000e-3	4.894000000000000e+2		
3.234000000000000e-3	5.124000000000000e+2		
3.266000000000000e-3	5.362999999999999e+2	H  1	
3.299000000000000e-3	5.611999999999999e+2		
3.332000000000000e-3	5.870999999999999e+2		
3.366000000000000e-3	6.139000000000000e+2		
3.400000000000000e-3	6.417999999999999e+2		
3.434000000000000e-3	6.707999999999999e+2		
3.468000000000000e-3	7.009000000000000e+2		
3.503000000000000e-3	7.320999999999998e+2		
3.538000000000000e-3	7.645000000000000e+2	O  4	
3.574000000000000e-3	7.980999999999998e+2		
3.610000000000000e-3	8.330000000000000e+2		
3.646000000000000e-3	8.690999999999998e+2		
3.682000000000000e-3	9.065999999999998e+2		
3.719000000000000e-3	9.454000000000000e+2		
3.757000000000000e-3	9.855999999999998e+2		
3.794000000000000e-3	1.027000000000000e+3	Ne 5	
3.833000000000000e-3	1.070000000000000e+3		
3.871000000000000e-3	1.115000000000000e+3		
3.909999999999999e-3	1.161000000000000e+3		
3.948999999999999e-3	1.209000000000000e+3		
3.988999999999999e-3	1.258000000000000e+3		He 2
4.028999999999999e-3	1.310000000000000e+3		
4.069000000000000e-3	1.362000000000000e+3		
4.110000000000000e-3	1.417000000000000e+3		
4.150999999999999e-3	1.474000000000000e+3		
4.193000000000000e-3	1.532000000000000e+3	Ar 3	
4.234999999999999e-3	1.592000000000000e+3		
4.278000000000000e-3	1.655000000000000e+3		
4.320999999999999e-3	1.719000000000000e+3		
4.364000000000000e-3	1.785000000000000e+3		
4.407999999999999e-3	1.854000000000000e+3		
4.451999999999999e-3	1.925000000000000e+3		
4.496999999999999e-3	1.998000000000000e+3		
4.541999999999999e-3	2.073000000000000e+3		
4.587000000000000e-3	2.151000000000000e+3		
4.633000000000000e-3	2.231000000000000e+3		
4.679999999999999e-3	2.314000000000000e+3		
4.726999999999999e-3	2.399000000000000e+3	He 1	
4.773999999999999e-3	2.487000000000000e+3	H  1	
4.822000000000000e-3	2.577000000000000e+3		
4.870999999999999e-3	2.670000000000000e+3	S  3	
4.920000000000000e-3	2.766000000000000e+3		
4.968999999999999e-3	2.865000000000000e+3		
5.018999999999999e-3	2.967000000000000e+3		
5.069000000000000e-3	3.072000000000000e+3		
5.119999999999999e-3	3.179000000000000e+3		
5.171999999999999e-3	3.290000000000000e+3		
5.223999999999999e-3	3.405000000000000e+3		
5.275999999999999e-3	3.522000000000000e+3		
5.328999999999999e-3	3.643000000000000e+3		
5.382000000000000e-3	3.767000000000000e+3		
5.436000000000000e-3	3.895000000000000e+3		
5.490999999999999e-3	4.026000000000000e+3		
5.546000000000000e-3	4.161000000000000e+3		
5.601999999999999e-3	4.300000000000000e+3		
5.658000000000000e-3	4.443000000000000e+3		
5.714999999999999e-3	4.590000000000000e+3		
5.771999999999999e-3	4.740000000000000e+3		
5.829999999999999e-3	4.895000000000000e+3	Ne 3	
5.888999999999999e-3	5.054000000000000e+3		
5.947999999999999e-3	5.217000000000000e+3		
6.007999999999999e-3	5.384000000000000e+3		
6.068000000000000e-3	5.556000000000000e+3		
6.129000000000000e-3	5.733000000000000e+3		
6.189999999999999e-3	5.914000000000000e+3		
6.252000000000000e-3	6.100000000000000e+3		
6.314999999999999e-3	6.290000000000000e+3		
6.378999999999999e-3	6.486000000000000e+3	Ne 5	
6.443000000000000e-3	6.687000000000000e+3		
6.507000000000000e-3	6.892000000000000e+3		
6.573000000000000e-3	7.103000000000000e+3		
6.639000000000000e-3	7.320000000000000e+3		
6.704999999999999e-3	7.541000000000000e+3	Mg 5	
6.772999999999999e-3	7.769000000000000e+3		
6.841000000000000e-3	8.002000000000000e+3		
6.908999999999999e-3	8.241000000000000e+3		
6.979000000000000e-3	8.485000000000000e+3	Ar 5	
7.049000000000000e-3	8.736000000000000e+3		
7.118999999999999e-3	8.993000000000000e+3	Ne 2	
7.190999999999999e-3	9.256000000000000e+3		
7.263000000000000e-3	9.525000000000000e+3	He 1	
7.336000000000000e-3	9.801000000000000e+3	H  1	
7.410000000000000e-3	1.008000000000000e+4		
7.484000000000000e-3	1.037000000000000e+4		
7.559000000000000e-3	1.067000000000000e+4		
7.635000000000000e-3	1.097000000000000e+4		
7.712000000000000e-3	1.128000000000000e+4		
7.789000000000000e-3	1.160000000000000e+4		
7.866999999999998e-3	1.192000000000000e+4		
7.946000000000000e-3	1.226000000000000e+4	Ca 5	
8.025999999999998e-3	1.260000000000000e+4	H  1	
8.107000000000000e-3	1.294000000000000e+4		
8.187999999999998e-3	1.330000000000000e+4		
8.270000000000000e-3	1.366000000000000e+4		
8.353000000000000e-3	1.404000000000000e+4		
8.436999999999998e-3	1.442000000000000e+4		
8.521999999999998e-3	1.481000000000000e+4		
8.606999999999998e-3	1.520000000000000e+4		
8.693999999999998e-3	1.561000000000000e+4	S  4	
8.780999999999998e-3	1.603000000000000e+4		
8.868999999999998e-3	1.645000000000000e+4		
8.957999999999998e-3	1.689000000000000e+4		
9.047999999999998e-3	1.733000000000000e+4		
9.139000000000000e-3	1.778000000000000e+4		
9.231000000000000e-3	1.825000000000000e+4		
9.323000000000000e-3	1.872000000000000e+4		
9.416999999999998e-3	1.920000000000000e+4		
9.510999999999998e-3	1.970000000000000e+4		
9.607000000000000e-3	2.020000000000000e+4		
9.703000000000000e-3	2.072000000000000e+4		
9.800999999999998e-3	2.124000000000000e+4		
9.899000000000000e-3	2.178000000000000e+4		
9.999000000000000e-3	2.233000000000000e+4		
1.010000000000000e-2	2.289000000000000e+4	Ar 3	
1.020000000000000e-2	2.346000000000000e+4		
1.030000000000000e-2	2.404000000000000e+4		
1.041000000000000e-2	2.464000000000000e+4		
1.051000000000000e-2	2.524000000000000e+4		
1.062000000000000e-2	2.586000000000000e+4		
1.072000000000000e-2	2.650000000000000e+4		
1.083000000000000e-2	2.714000000000000e+4		
1.094000000000000e-2	2.780000000000000e+4		
1.105000000000000e-2	2.847000000000000e+4		
1.116000000000000e-2	2.916000000000000e+4		
1.127000000000000e-2	2.986000000000000e+4		
1.138000000000000e-2	3.057000000000000e+4		
1.150000000000000e-2	3.130000000000000e+4	Ar 5	
1.161000000000000e-2	3.204000000000000e+4		
1.173000000000000e-2	3.280000000000000e+4		
1.185000000000000e-2	3.357000000000000e+4		
1.197000000000000e-2	3.436000000000000e+4	He 1	
1.209000000000000e-2	3.516000000000000e+4	H  1	
1.221000000000000e-2	3.598000000000000e+4	H  1	
1.233000000000000e-2	3.682000000000000e+4	He 1	H  1
1.246000000000000e-2	3.767000000000000e+4		
1.258000000000000e-2	3.854000000000000e+4		
1.271000000000000e-2	3.942000000000000e+4		
1.283000000000000e-2	4.032000000000000e+4		
1.296000000000000e-2	4.124000000000000e+4	Ar 2	
1.309000000000000e-2	4.218000000000000e+4	He 2	
1.323000000000000e-2	4.313000000000000e+4		
1.336000000000000e-2	4.410000000000000e+4		
1.349000000000000e-2	4.509000000000000e+4		
1.363000000000000e-2	4.610000000000000e+4		
1.376000000000000e-2	4.713000000000000e+4		
1.390000000000000e-2	4.818000000000000e+4		
1.404000000000000e-2	4.925000000000000e+4	Si 7	
1.418000000000000e-2	5.033000000000000e+4		
1.433000000000000e-2	5.144000000000000e+4		
1.447000000000000e-2	5.257000000000000e+4		
1.461000000000000e-2	5.372000000000000e+4	He 1	
1.476000000000000e-2	5.489000000000000e+4		
1.491000000000000e-2	5.608000000000000e+4		
1.506000000000000e-2	5.729000000000000e+4		
1.521000000000000e-2	5.853000000000000e+4		
1.536000000000000e-2	5.979000000000000e+4	H  1	
1.552000000000000e-2	6.107000000000000e+4		He 1
1.567000000000000e-2	6.237000000000000e+4		H  1
1.583000000000000e-2	6.370000000000000e+4		
1.599000000000000e-2	6.506000000000000e+4		
1.615000000000000e-2	6.643000000000000e+4	Fe11	
1.631000000000000e-2	6.783000000000000e+4	Mg 5	
1.648000000000000e-2	6.926000000000000e+4		
1.664000000000000e-2	7.071000000000000e+4		
1.681000000000000e-2	7.219000000000000e+4		
1.698000000000000e-2	7.370000000000000e+4		
1.715000000000000e-2	7.523000000000000e+4		
1.732000000000000e-2	7.679000000000000e+4		
1.749000000000000e-2	7.837000000000000e+4		
1.767000000000000e-2	7.999000000000000e+4		
1.785000000000000e-2	8.163000000000000e+4		
1.803000000000000e-2	8.330000000000000e+4		
1.821000000000000e-2	8.500000000000000e+4		
1.839000000000000e-2	8.673000000000000e+4		
1.857000000000000e-2	8.849000000000000e+4		
1.876000000000000e-2	9.029000000000000e+4		
1.895000000000000e-2	9.211000000000000e+4	He 1	
1.914000000000000e-2	9.396000000000000e+4	He 2	
1.933000000000000e-2	9.585000000000000e+4	He 1	
1.952000000000000e-2	9.777000000000000e+4	H  1	
1.972000000000000e-2	9.972000000000000e+4		
1.992000000000000e-2	1.017000000000000e+5	O  1	
2.012000000000000e-2	1.037000000000000e+5		He 1
2.032000000000000e-2	1.058000000000000e+5	Mg 4	H  1
2.052000000000000e-2	1.079000000000000e+5		
2.073000000000000e-2	1.100000000000000e+5		
2.094000000000000e-2	1.121000000000000e+5		
2.115000000000000e-2	1.143000000000000e+5		
2.136000000000000e-2	1.166000000000000e+5		
2.158000000000000e-2	1.189000000000000e+5		
2.179000000000000e-2	1.212000000000000e+5		
2.201000000000000e-2	1.235000000000000e+5	Ca 5	
2.223000000000000e-2	1.259000000000000e+5	He 1	
2.246000000000000e-2	1.283000000000000e+5	H  1	
2.268000000000000e-2	1.308000000000000e+5		
2.291000000000000e-2	1.333000000000000e+5		
2.314000000000000e-2	1.359000000000000e+5		
2.337000000000000e-2	1.384000000000000e+5		
2.361000000000000e-2	1.411000000000000e+5	Si 9	
2.384000000000000e-2	1.438000000000000e+5		
2.408000000000000e-2	1.465000000000000e+5	He 1	
2.432000000000000e-2	1.493000000000000e+5	H  1	
2.457000000000000e-2	1.521000000000000e+5		
2.481000000000000e-2	1.549000000000000e+5		
2.506000000000000e-2	1.578000000000000e+5		
2.531000000000000e-2	1.608000000000000e+5		
2.557000000000000e-2	1.638000000000000e+5		
2.583000000000000e-2	1.669000000000000e+5		
2.609000000000000e-2	1.700000000000000e+5		
2.635000000000000e-2	1.731000000000000e+5		
2.661000000000000e-2	1.763000000000000e+5		
2.688000000000000e-2	1.796000000000000e+5	He 1	
2.715000000000000e-2	1.829000000000000e+5		
2.742000000000000e-2	1.862000000000000e+5		He 1
2.770000000000000e-2	1.897000000000000e+5	H  1	H  1
2.797000000000000e-2	1.931000000000000e+5		
2.826000000000000e-2	1.967000000000000e+5		
2.854000000000000e-2	2.002000000000000e+5	Ca 4	
2.883000000000000e-2	2.039000000000000e+5		
2.911000000000000e-2	2.076000000000000e+5		
2.941000000000000e-2	2.113000000000000e+5	He 2	
2.970000000000000e-2	2.151000000000000e+5		
3.000000000000000e-2	2.190000000000000e+5		
3.030000000000000e-2	2.230000000000000e+5		
3.061000000000000e-2	2.270000000000000e+5		
3.091000000000000e-2	2.310000000000000e+5		
3.122000000000000e-2	2.351000000000000e+5		
3.154000000000000e-2	2.393000000000000e+5	O  3	
3.185000000000000e-2	2.436000000000000e+5		
3.217000000000000e-2	2.479000000000000e+5	He 2	
3.250000000000000e-2	2.523000000000000e+5		
3.282000000000000e-2	2.568000000000000e+5		
3.315000000000000e-2	2.613000000000000e+5		
3.348000000000000e-2	2.659000000000000e+5		
3.382000000000000e-2	2.706000000000000e+5		
3.416000000000000e-2	2.753000000000000e+5		
3.450000000000000e-2	2.801000000000000e+5	He 1	
3.485000000000000e-2	2.850000000000000e+5	H  1	
3.520000000000000e-2	2.900000000000000e+5	Si 9	
3.555000000000000e-2	2.951000000000000e+5		
3.591000000000000e-2	3.002000000000000e+5		
3.627000000000000e-2	3.054000000000000e+5		
3.662999999999999e-2	3.107000000000000e+5	Si 7	
3.700000000000000e-2	3.160000000000000e+5		
3.736999999999999e-2	3.215000000000000e+5		
3.775000000000000e-2	3.270000000000000e+5		
3.813000000000000e-2	3.326000000000000e+5		
3.850999999999999e-2	3.383000000000000e+5		
3.890000000000000e-2	3.441000000000000e+5	He 1	
3.929000000000000e-2	3.500000000000000e+5		
3.968000000000000e-2	3.559000000000000e+5		He 1
4.008000000000000e-2	3.620000000000000e+5		H  1
4.047999999999999e-2	3.681000000000000e+5		
4.088999999999999e-2	3.744000000000000e+5		
4.130000000000000e-2	3.807000000000000e+5		
4.171000000000000e-2	3.871000000000000e+5	He 1	
4.212999999999999e-2	3.936000000000000e+5	H  1	
4.255999999999999e-2	4.003000000000000e+5		
4.298000000000000e-2	4.070000000000000e+5		
4.341000000000000e-2	4.138000000000000e+5		
4.384999999999999e-2	4.207000000000000e+5		
4.429000000000000e-2	4.277000000000000e+5		
4.473000000000000e-2	4.349000000000000e+5		
4.518000000000000e-2	4.421000000000000e+5		
4.563999999999999e-2	4.494000000000000e+5		
4.609999999999999e-2	4.569000000000000e+5		
4.656000000000000e-2	4.644000000000000e+5	He 1	
4.702999999999999e-2	4.721000000000000e+5	H  1	
4.749999999999999e-2	4.799000000000000e+5	He 2	
4.797000000000000e-2	4.878000000000000e+5	He 1	
4.846000000000000e-2	4.958000000000000e+5	H  1	
4.894000000000000e-2	5.039000000000000e+5	He 2	
4.942999999999999e-2	5.122000000000000e+5		
4.992999999999999e-2	5.206000000000000e+5	H  1	
5.042999999999999e-2	5.290000000000000e+5		
5.094000000000000e-2	5.377000000000000e+5		
5.144999999999999e-2	5.464000000000000e+5		
5.196999999999999e-2	5.553000000000000e+5		
5.248999999999999e-2	5.643000000000000e+5		
5.300999999999999e-2	5.734000000000000e+5		
5.354999999999999e-2	5.827000000000000e+5		
5.408000000000000e-2	5.920000000000000e+5		
5.463000000000000e-2	6.016000000000000e+5		
5.518000000000000e-2	6.112000000000000e+5		H-
5.572999999999999e-2	6.210000000000000e+5		
5.629000000000000e-2	6.310000000000000e+5		
5.685000000000000e-2	6.411000000000000e+5		
5.742000000000000e-2	6.513000000000000e+5		
5.800000000000000e-2	6.617000000000000e+5		
5.857999999999999e-2	6.722000000000000e+5		
5.916999999999999e-2	6.829000000000000e+5		
5.977000000000000e-2	6.937000000000000e+5		
6.036999999999999e-2	7.047000000000000e+5		
6.097000000000000e-2	7.158000000000000e+5	He 2	
6.157999999999999e-2	7.271000000000000e+5	He 1	He 1
6.220000000000000e-2	7.385000000000000e+5		H  1
6.283000000000000e-2	7.501000000000000e+5		
6.345999999999999e-2	7.619000000000000e+5		
6.408999999999999e-2	7.738000000000000e+5		
6.473999999999999e-2	7.859000000000000e+5		
6.538999999999999e-2	7.982000000000000e+5		
6.603999999999998e-2	8.107000000000000e+5		
6.670999999999999e-2	8.233000000000000e+5		
6.737999999999999e-2	8.361000000000000e+5		
6.805000000000000e-2	8.490000000000000e+5		
6.873999999999999e-2	8.622000000000000e+5		
6.942999999999999e-2	8.755000000000000e+5	O  1	
7.011999999999998e-2	8.890000000000000e+5	He 1	
7.082999999999999e-2	9.027000000000000e+5	H  1	
7.153999999999999e-2	9.166000000000000e+5		
7.225999999999998e-2	9.307000000000000e+5		He 2
7.297999999999998e-2	9.449000000000000e+5		
7.371000000000000e-2	9.594000000000000e+5		
7.444999999999998e-2	9.741000000000000e+5		
7.519999999999998e-2	9.889000000000000e+5		
7.596000000000000e-2	1.004000000000000e+6		
7.672000000000000e-2	1.019000000000000e+6		
7.748999999999998e-2	1.035000000000000e+6		
7.827000000000000e-2	1.050000000000000e+6	He 2	
7.905000000000000e-2	1.066000000000000e+6		
7.984999999999998e-2	1.082000000000000e+6	Fe 2	
8.065000000000000e-2	1.099000000000000e+6	O  1	
8.145999999999998e-2	1.115000000000000e+6		
8.228000000000000e-2	1.132000000000000e+6	He 1	
8.310000000000000e-2	1.149000000000000e+6	H  1	
8.393999999999998e-2	1.166000000000000e+6	He 1	
8.478000000000000e-2	1.184000000000000e+6		
8.563000000000000e-2	1.201000000000000e+6		
8.649000000000000e-2	1.219000000000000e+6		
8.736000000000000e-2	1.237000000000000e+6		
8.822999999999998e-2	1.256000000000000e+6		
8.911999999999998e-2	1.274000000000000e+6	He 2	
9.001000000000000e-2	1.293000000000000e+6	He 1	
9.091999999999998e-2	1.312000000000000e+6	H  1	
9.183000000000000e-2	1.332000000000000e+6		He 2
9.275000000000000e-2	1.351000000000000e+6	C  1	
9.368000000000000e-2	1.371000000000000e+6		
9.462000000000000e-2	1.391000000000000e+6	He 1	
9.556999999999998e-2	1.411000000000000e+6	H  1	
9.652999999999998e-2	1.432000000000000e+6		
9.749999999999998e-2	1.453000000000000e+6	He 2	
9.848000000000000e-2	1.474000000000000e+6	H  1	
9.946999999999998e-2	1.496000000000000e+6		
1.005000000000000e-1	1.517000000000000e+6		
1.015000000000000e-1	1.539000000000000e+6		
1.025000000000000e-1	1.562000000000000e+6	Fe 2	
1.035000000000000e-1	1.584000000000000e+6	Ca 2	
1.046000000000000e-1	1.607000000000000e+6	C  1	
1.056000000000000e-1	1.630000000000000e+6	Ca 2	
1.067000000000000e-1	1.653000000000000e+6	Ca 2	
1.077000000000000e-1	1.677000000000000e+6	O  1	
1.088000000000000e-1	1.701000000000000e+6		
1.099000000000000e-1	1.725000000000000e+6	He 1	He 1
1.110000000000000e-1	1.750000000000000e+6	He 2	H  1
1.121000000000000e-1	1.775000000000000e+6		
1.133000000000000e-1	1.800000000000000e+6		
1.144000000000000e-1	1.825000000000000e+6		
1.155000000000000e-1	1.851000000000000e+6	Fe11	
1.167000000000000e-1	1.877000000000000e+6		
1.179000000000000e-1	1.904000000000000e+6		
1.191000000000000e-1	1.931000000000000e+6	K  1	
1.203000000000000e-1	1.958000000000000e+6		
1.215000000000000e-1	1.985000000000000e+6		He 2
1.227000000000000e-1	2.013000000000000e+6		
1.239000000000000e-1	2.041000000000000e+6	Ca 2	
1.252000000000000e-1	2.069000000000000e+6	Ca 2	
1.264000000000000e-1	2.098000000000000e+6		
1.277000000000000e-1	2.127000000000000e+6		
1.290000000000000e-1	2.157000000000000e+6		
1.303000000000000e-1	2.186000000000000e+6		
1.316000000000000e-1	2.216000000000000e+6		
1.329000000000000e-1	2.247000000000000e+6		
1.342000000000000e-1	2.278000000000000e+6		
1.356000000000000e-1	2.309000000000000e+6	Li 1	
1.369000000000000e-1	2.340000000000000e+6	He 1	
1.383000000000000e-1	2.372000000000000e+6	H  1	
1.397000000000000e-1	2.405000000000000e+6	He 2	
1.411000000000000e-1	2.437000000000000e+6		
1.425000000000000e-1	2.470000000000000e+6	O  1	
1.439000000000000e-1	2.504000000000000e+6	O  1	
1.454000000000000e-1	2.537000000000000e+6		
1.469000000000000e-1	2.571000000000000e+6		
1.483000000000000e-1	2.606000000000000e+6		
1.498000000000000e-1	2.641000000000000e+6		
1.513000000000000e-1	2.676000000000000e+6		
1.528000000000000e-1	2.712000000000000e+6		
1.544000000000000e-1	2.748000000000000e+6	Na 1	
1.559000000000000e-1	2.784000000000000e+6		
1.575000000000000e-1	2.821000000000000e+6		
1.591000000000000e-1	2.858000000000000e+6		
1.607000000000000e-1	2.896000000000000e+6		
1.623000000000000e-1	2.934000000000000e+6		
1.639000000000000e-1	2.973000000000000e+6	O  1	
1.656000000000000e-1	3.012000000000000e+6		
1.672000000000000e-1	3.051000000000000e+6		
1.689000000000000e-1	3.091000000000000e+6	He 2	
1.706000000000000e-1	3.131000000000000e+6		He 2
1.723000000000000e-1	3.171000000000000e+6		
1.740000000000000e-1	3.212000000000000e+6		
1.758000000000000e-1	3.253000000000000e+6		
1.775000000000000e-1	3.295000000000000e+6		
1.793000000000000e-1	3.337000000000000e+6		
1.811000000000000e-1	3.380000000000000e+6		
1.829000000000000e-1	3.423000000000000e+6	Fe 2	
1.848000000000000e-1	3.467000000000000e+6	He 1	
1.866000000000000e-1	3.511000000000000e+6	H  1	
1.885000000000000e-1	3.555000000000000e+6	He 2	
1.904000000000000e-1	3.600000000000000e+6		
1.923000000000000e-1	3.645000000000000e+6		
1.942000000000000e-1	3.691000000000000e+6	He 2	
1.962000000000000e-1	3.737000000000000e+6		
1.982000000000000e-1	3.783000000000000e+6	Mg 1	
2.002000000000000e-1	3.830000000000000e+6	He 2	
2.022000000000000e-1	3.878000000000000e+6		
2.042000000000000e-1	3.926000000000000e+6		
2.062000000000000e-1	3.974000000000000e+6	O  1	
2.083000000000000e-1	4.023000000000000e+6	He 1	
2.104000000000000e-1	4.072000000000000e+6	H  1	
2.125000000000000e-1	4.122000000000000e+6		
2.146000000000000e-1	4.172000000000000e+6	Ca 1	
2.168000000000000e-1	4.222000000000000e+6		
2.190000000000000e-1	4.273000000000000e+6	He 1	
2.212000000000000e-1	4.325000000000000e+6	H  1	
2.234000000000000e-1	4.377000000000000e+6	Ca 2	
2.256000000000000e-1	4.429000000000000e+6	Al 1	
2.279000000000000e-1	4.482000000000000e+6	He 1	
2.302000000000000e-1	4.535000000000000e+6	H  1	
2.325000000000000e-1	4.589000000000000e+6	He 1	
2.348000000000000e-1	4.643000000000000e+6	H  1	
2.372000000000000e-1	4.697000000000000e+6	H  1	
2.396000000000000e-1	4.752000000000000e+6	Ca 2	
2.420000000000000e-1	4.808000000000000e+6	Fe 1	
2.444000000000000e-1	4.864000000000000e+6	Fe 1	
2.469000000000000e-1	4.920000000000000e+6	He 1	He 1
2.493000000000000e-1	4.977000000000000e+6		H  1
2.518000000000000e-1	5.034000000000000e+6		
2.544000000000000e-1	5.092000000000000e+6		
2.569000000000000e-1	5.150000000000000e+6		
2.595000000000000e-1	5.208000000000000e+6		He 2
2.621000000000000e-1	5.267000000000000e+6		
2.647000000000000e-1	5.326000000000000e+6	Fe 1	
2.674000000000000e-1	5.386000000000000e+6		
2.701000000000000e-1	5.446000000000000e+6	Na 1	
2.728000000000000e-1	5.507000000000000e+6		
2.755000000000000e-1	5.568000000000000e+6		
2.783000000000000e-1	5.630000000000000e+6		
2.811000000000000e-1	5.691000000000000e+6	Li 1	
2.839000000000000e-1	5.754000000000000e+6	He 2	
2.868000000000000e-1	5.816000000000000e+6		
2.896000000000000e-1	5.879000000000000e+6	Be 2	
2.926000000000000e-1	5.943000000000000e+6		
2.955000000000000e-1	6.007000000000000e+6	Al 1	
2.985000000000000e-1	6.071000000000000e+6		
3.015000000000000e-1	6.136000000000000e+6	Fe 1	
3.045000000000000e-1	6.201000000000000e+6		
3.075000000000000e-1	6.266000000000000e+6	Fe 1	
3.106000000000000e-1	6.332000000000000e+6		
3.137000000000000e-1	6.398000000000000e+6	Na 1	
3.169000000000000e-1	6.464000000000000e+6		
3.201000000000000e-1	6.531000000000000e+6	Mg 1	K  1
3.233000000000000e-1	6.598000000000000e+6	Ca 1	
3.265000000000000e-1	6.665000000000000e+6	Mg 2	
3.298000000000000e-1	6.733000000000000e+6	Li 1	
3.331000000000000e-1	6.801000000000000e+6	He 2	
3.365000000000000e-1	6.870000000000000e+6		
3.398000000000000e-1	6.938000000000000e+6	Al 1	
3.433000000000000e-1	7.007000000000000e+6	Al 2	
3.467000000000000e-1	7.076000000000000e+6		
3.502000000000000e-1	7.146000000000000e+6	Na 1	HeI3
3.537000000000000e-1	7.216000000000000e+6	Li 1	
3.572000000000000e-1	7.286000000000000e+6	B  1	
3.607999999999999e-1	7.356000000000000e+6	Si 1	
3.645000000000000e-1	7.427000000000000e+6	He 2	
3.681000000000000e-1	7.497000000000000e+6	Fe 2	
3.718000000000000e-1	7.568000000000000e+6		
3.754999999999999e-1	7.639000000000000e+6	Li 1	
3.793000000000000e-1	7.711000000000000e+6	Li 1	Na 1
3.831000000000000e-1	7.782000000000000e+6	He 2	
3.869999999999999e-1	7.854000000000000e+6	Fe 2	
3.909000000000000e-1	7.926000000000000e+6	C  2	
3.948000000000000e-1	7.998000000000000e+6	He 2	Li 1
3.987000000000000e-1	8.070000000000000e+6	Fe 2	
4.026999999999999e-1	8.142000000000000e+6	Si 2	
4.068000000000000e-1	8.215000000000000e+6	Fe21	
4.109000000000000e-1	8.287000000000000e+6	Si 1	
4.150000000000000e-1	8.360000000000000e+6	Al 1	
4.192000000000000e-1	8.432000000000000e+6	Al 1	
4.234000000000000e-1	8.505000000000000e+6	Al 1	
4.276000000000000e-1	8.577000000000000e+6	N  2	
4.318999999999999e-1	8.650000000000000e+6		
4.362000000000000e-1	8.723000000000000e+6	B  1	
4.406000000000000e-1	8.795000000000000e+6	B  3	Al 1
4.449999999999999e-1	8.868000000000000e+6		
4.494999999999999e-1	8.941000000000000e+6	Mg 1	Ca 1
4.539999999999999e-1	9.013000000000000e+6	Si 1	He 2
4.585999999999999e-1	9.086000000000000e+6		
4.631999999999999e-1	9.158000000000000e+6		
4.678000000000000e-1	9.230000000000000e+6		
4.725000000000000e-1	9.302000000000000e+6		
4.772999999999999e-1	9.374000000000000e+6	C  3	
4.821000000000000e-1	9.446000000000000e+6	Si 3	
4.869000000000000e-1	9.518000000000000e+6	Al 3	Cr 1
4.917999999999999e-1	9.589000000000000e+6	Al 3	V  1
4.967000000000000e-1	9.660000000000000e+6	Si 1	Ti 1
5.016999999999999e-1	9.731000000000000e+6	Si 2	H2+
5.067999999999999e-1	9.802000000000000e+6		
5.117999999999999e-1	9.872000000000000e+6	Fe 2	
5.169999999999999e-1	9.942000000000000e+6	Si 1	
5.222000000000000e-1	1.001000000000000e+7	N  3	
5.274000000000000e-1	1.008000000000000e+7		
5.326999999999999e-1	1.015000000000000e+7		
5.380999999999999e-1	1.022000000000000e+7	B  1	Sc 1
5.435000000000000e-1	1.029000000000000e+7	O  3	
5.488999999999999e-1	1.035000000000000e+7	C  1	Mn 1
5.543999999999999e-1	1.042000000000000e+7	He 2	Ni 1
5.599999999999999e-1	1.049000000000000e+7	B  1	Mg 1
5.656000000000000e-1	1.055000000000000e+7	Si 1	Cu 1
5.712999999999999e-1	1.062000000000000e+7	B  1	
5.769999999999999e-1	1.068000000000000e+7	Si 1	Co 1
5.828000000000000e-1	1.075000000000000e+7	C  4	Fe 1
5.886999999999999e-1	1.081000000000000e+7	C  4	
5.945999999999999e-1	1.088000000000000e+7	Si 2	
6.004999999999999e-1	1.094000000000000e+7		Si 1
6.065999999999999e-1	1.100000000000000e+7	Fe 2	
6.126999999999999e-1	1.106000000000000e+7	N  4	B  1
6.187999999999999e-1	1.112000000000000e+7		
6.250000000000000e-1	1.118000000000000e+7		
6.313000000000000e-1	1.124000000000000e+7		
6.375999999999999e-1	1.130000000000000e+7	Be 1	
6.439999999999999e-1	1.135000000000000e+7	Si 4	
6.505000000000000e-1	1.141000000000000e+7	O  4	
6.569999999999999e-1	1.147000000000000e+7	Si 4	
6.636000000000000e-1	1.152000000000000e+7	S  4	
6.702999999999999e-1	1.157000000000000e+7	Fe21	
6.769999999999999e-1	1.163000000000000e+7	B  2	
6.838000000000000e-1	1.168000000000000e+7	C  2	Be 1
6.907000000000000e-1	1.173000000000000e+7	Si 2	Zn 1
6.976000000000000e-1	1.178000000000000e+7	O  1	
7.045999999999999e-1	1.182000000000000e+7	Al 1	
7.117000000000000e-1	1.187000000000000e+7	S  2	
7.188000000000000e-1	1.192000000000000e+7	Si 2	
7.261000000000000e-1	1.196000000000000e+7	N  5	
7.333000000000000e-1	1.200000000000000e+7	N  5	
7.406999999999998e-1	1.205000000000000e+7	He 2	
7.481000000000000e-1	1.209000000000000e+7	H  1	
7.557000000000000e-1	1.213000000000000e+7	N  1	
7.632000000000000e-1	1.217000000000000e+7	O  5	S  1
7.708999999999998e-1	1.220000000000000e+7	Si 3	P  1
7.786000000000000e-1	1.224000000000000e+7	S  3	
7.865000000000000e-1	1.227000000000000e+7	S  5	
7.944000000000000e-1	1.230000000000000e+7	Ca 2	
8.022999999999998e-1	1.233000000000000e+7	C  1	
8.103999999999998e-1	1.236000000000000e+7	Fe 3	
8.184999999999998e-1	1.239000000000000e+7	C  1	
8.267000000000000e-1	1.242000000000000e+7	Fe 2	C  1
8.350000000000000e-1	1.244000000000000e+7	N  2	
8.434000000000000e-1	1.247000000000000e+7	He 2	
8.519000000000000e-1	1.249000000000000e+7	O  6	
8.604000000000000e-1	1.251000000000000e+7	O  6	
8.691000000000000e-1	1.253000000000000e+7	O  1	Ca 2
8.777999999999998e-1	1.254000000000000e+7	He 2	
8.866000000000000e-1	1.256000000000000e+7	H  1	
8.955000000000000e-1	1.257000000000000e+7	O  1	N1ex
9.004000000000000e-1	1.258000000000000e+7		
9.013000000000000e-1	1.258000000000000e+7		
9.021999999999998e-1	1.258000000000000e+7		
9.030999999999998e-1	1.258000000000000e+7		
9.039999999999998e-1	1.258000000000000e+7		
9.049000000000000e-1	1.258000000000000e+7	S  1	
9.058000000000000e-1	1.258000000000000e+7		
9.067000000000000e-1	1.258000000000000e+7		
9.076000000000000e-1	1.259000000000000e+7		
9.085000000000000e-1	1.259000000000000e+7	B  1	
9.094000000000000e-1	1.259000000000000e+7	S  1	
9.103000000000000e-1	1.259000000000000e+7		
9.111999999999998e-1	1.259000000000000e+7		
9.121999999999998e-1	1.259000000000000e+7	Ne 6	
9.130999999999998e-1	1.259000000000000e+7	S  1	
9.140000000000000e-1	1.259000000000000e+7		
9.149000000000000e-1	1.259000000000000e+7		
9.158000000000000e-1	1.259000000000000e+7		
9.167000000000000e-1	1.259000000000000e+7		
9.176000000000000e-1	1.260000000000000e+7	Si 2	
9.185000000000000e-1	1.260000000000000e+7	He 2	
9.194000000000000e-1	1.260000000000000e+7	N  3	
9.202999999999998e-1	1.260000000000000e+7		
9.212999999999998e-1	1.260000000000000e+7		
9.221999999999998e-1	1.260000000000000e+7		
9.231000000000000e-1	1.260000000000000e+7	Si 1	
9.240000000000000e-1	1.260000000000000e+7	B  1	
9.249000000000000e-1	1.260000000000000e+7		
9.258000000000000e-1	1.260000000000000e+7		
9.268000000000000e-1	1.260000000000000e+7		
9.277000000000000e-1	1.260000000000000e+7	B  1	
9.286000000000000e-1	1.260000000000000e+7		
9.295000000000000e-1	1.260000000000000e+7		
9.305000000000000e-1	1.260000000000000e+7	B  1	
9.313999999999998e-1	1.261000000000000e+7		
9.322999999999998e-1	1.261000000000000e+7	C  3	
9.331999999999998e-1	1.261000000000000e+7	O  1	
9.341999999999998e-1	1.261000000000000e+7		
9.351000000000000e-1	1.261000000000000e+7		
9.360000000000000e-1	1.261000000000000e+7	O  1	
9.369000000000000e-1	1.261000000000000e+7	He 2	
9.379000000000000e-1	1.261000000000000e+7	H  1	
9.388000000000000e-1	1.261000000000000e+7		
9.397000000000000e-1	1.261000000000000e+7		
9.407000000000000e-1	1.261000000000000e+7	O  1	Sc 2
9.416000000000000e-1	1.261000000000000e+7		
9.424999999999998e-1	1.261000000000000e+7		
9.434999999999998e-1	1.261000000000000e+7		
9.443999999999998e-1	1.261000000000000e+7		
9.453999999999998e-1	1.261000000000000e+7		
9.462999999999998e-1	1.261000000000000e+7		
9.472000000000000e-1	1.261000000000000e+7	Si 1	
9.482000000000000e-1	1.261000000000000e+7		
9.491000000000000e-1	1.261000000000000e+7		
9.501000000000000e-1	1.261000000000000e+7	Mg 2	
9.510000000000000e-1	1.261000000000000e+7	He 2	
9.520000000000000e-1	1.261000000000000e+7		
9.529000000000000e-1	1.261000000000000e+7	Si 1	Cl 1
9.538000000000000e-1	1.261000000000000e+7		
9.548000000000000e-1	1.261000000000000e+7		
9.557000000000000e-1	1.261000000000000e+7		
9.567000000000000e-1	1.261000000000000e+7	N  1	
9.575999999999998e-1	1.261000000000000e+7		
9.585999999999998e-1	1.261000000000000e+7		
9.595999999999998e-1	1.261000000000000e+7	H  1	
9.604999999999998e-1	1.261000000000000e+7	O  1	
9.614999999999998e-1	1.261000000000000e+7		
9.624000000000000e-1	1.261000000000000e+7	O  1	
9.634000000000000e-1	1.261000000000000e+7		
9.643000000000000e-1	1.261000000000000e+7		
9.653000000000000e-1	1.261000000000000e+7	C  1	
9.662000000000000e-1	1.261000000000000e+7		
9.672000000000000e-1	1.261000000000000e+7	N  1	
9.682000000000000e-1	1.261000000000000e+7		
9.691000000000000e-1	1.261000000000000e+7		
9.701000000000000e-1	1.261000000000000e+7		
9.711000000000000e-1	1.261000000000000e+7	S  6	
9.720000000000000e-1	1.261000000000000e+7	H  1	
9.730000000000000e-1	1.261000000000000e+7	S  6	
9.740000000000000e-1	1.261000000000000e+7	O  1	
9.749000000000000e-1	1.261000000000000e+7	O  1	
9.759000000000000e-1	1.261000000000000e+7		
9.769000000000000e-1	1.261000000000000e+7		
9.777999999999998e-1	1.261000000000000e+7		
9.787999999999998e-1	1.261000000000000e+7		
9.797999999999998e-1	1.261000000000000e+7	H  1	
9.807999999999998e-1	1.261000000000000e+7	Al 2	
9.816999999999998e-1	1.261000000000000e+7	O  1	
9.826999999999998e-1	1.261000000000000e+7	O  1	
9.836999999999998e-1	1.260000000000000e+7		
9.846999999999998e-1	1.260000000000000e+7	H  1	
9.856000000000000e-1	1.260000000000000e+7		
9.866000000000000e-1	1.260000000000000e+7	O  1	
9.876000000000000e-1	1.260000000000000e+7	H  1	
9.886000000000000e-1	1.260000000000000e+7		
9.896000000000000e-1	1.260000000000000e+7		
9.905000000000000e-1	1.260000000000000e+7	O  1	
9.915000000000000e-1	1.260000000000000e+7	O  1	
9.925000000000000e-1	1.260000000000000e+7	O  1	
9.935000000000000e-1	1.260000000000000e+7	O  1	
9.945000000000000e-1	1.260000000000000e+7		
9.955000000000000e-1	1.260000000000000e+7		
9.965000000000000e-1	1.260000000000000e+7		
9.975000000000000e-1	1.260000000000000e+7		
9.984000000000000e-1	1.259000000000000e+7		Ti 2
9.994000000000000e-1	1.259000000000000e+7		
1.000000000000000e+0	1.259000000000000e+7	Fe 3	H  1
1.001000000000000e+0	1.259000000000000e+7		O  1
1.002000000000000e+0	1.259000000000000e+7		
1.003000000000000e+0	1.259000000000000e+7		
1.004000000000000e+0	1.259000000000000e+7	N  2	
1.005000000000000e+0	1.259000000000000e+7		
1.006000000000000e+0	1.259000000000000e+7	Fe 3	
1.007000000000000e+0	1.259000000000000e+7		
1.008000000000000e+0	1.259000000000000e+7		
1.009000000000000e+0	1.258000000000000e+7	Si 2	
1.010000000000000e+0	1.258000000000000e+7		He 2
1.011000000000000e+0	1.258000000000000e+7		
1.012000000000000e+0	1.258000000000000e+7	N  1	
1.013000000000000e+0	1.258000000000000e+7	Ar 2	
1.014000000000000e+0	1.258000000000000e+7		
1.015000000000000e+0	1.258000000000000e+7		
1.016000000000000e+0	1.258000000000000e+7	N  1	
1.017000000000000e+0	1.258000000000000e+7	Mg 2	
1.018000000000000e+0	1.257000000000000e+7	Ne 7	
1.019000000000000e+0	1.257000000000000e+7	Si 2	
1.024000000000000e+0	1.257000000000000e+7	C  2	
1.032000000000000e+0	1.256000000000000e+7	Mg 2	
1.041000000000000e+0	1.254000000000000e+7	N  1	
1.049000000000000e+0	1.253000000000000e+7	N  1	
1.057000000000000e+0	1.251000000000000e+7	N  1	
1.066000000000000e+0	1.250000000000000e+7	C  2	N  1
1.074000000000000e+0	1.248000000000000e+7	Si 2	V  2
1.083000000000000e+0	1.246000000000000e+7	O  3	
1.092000000000000e+0	1.244000000000000e+7	O  2	
1.100000000000000e+0	1.242000000000000e+7		
1.109000000000000e+0	1.239000000000000e+7	Si 2	Mg 2
1.118000000000000e+0	1.237000000000000e+7		
1.127000000000000e+0	1.234000000000000e+7	O  1	
1.136000000000000e+0	1.232000000000000e+7	F  1	
1.145000000000000e+0	1.229000000000000e+7	S  5	Mn 2
1.155000000000000e+0	1.226000000000000e+7	O  4	Ar 1
1.164000000000000e+0	1.223000000000000e+7	Ne 8	
1.173000000000000e+0	1.219000000000000e+7	Be 2	
1.183000000000000e+0	1.216000000000000e+7	Ne 8	
1.192000000000000e+0	1.212000000000000e+7	N  4	Fe 2
1.202000000000000e+0	1.209000000000000e+7	C  1	Si 2
1.211000000000000e+0	1.205000000000000e+7	C  1	Cr 2
1.221000000000000e+0	1.201000000000000e+7	Be 2	
1.231000000000000e+0	1.197000000000000e+7	O  1	
1.241000000000000e+0	1.193000000000000e+7	O  1	
1.251000000000000e+0	1.188000000000000e+7	Be 2	Co 2
1.261000000000000e+0	1.184000000000000e+7	F  1	
1.271000000000000e+0	1.179000000000000e+7	Be 2	
1.281000000000000e+0	1.174000000000000e+7	Be 2	F  1
1.291000000000000e+0	1.169000000000000e+7	Be 2	
1.302000000000000e+0	1.164000000000000e+7	Mg 9	
1.312000000000000e+0	1.159000000000000e+7	B  2	Zn 2
1.323000000000000e+0	1.154000000000000e+7	C  2	Ni 2
1.333000000000000e+0	1.148000000000000e+7	Al 2	Be 2
1.344000000000000e+0	1.143000000000000e+7	N  3	
1.355000000000000e+0	1.137000000000000e+7	N  2	
1.365000000000000e+0	1.131000000000000e+7	S  3	
1.376000000000000e+0	1.126000000000000e+7	He 2	
1.387000000000000e+0	1.119000000000000e+7	F  5	Al 2
1.399000000000000e+0	1.113000000000000e+7	F  1	
1.410000000000000e+0	1.107000000000000e+7		
1.421000000000000e+0	1.101000000000000e+7	Si 2	
1.433000000000000e+0	1.094000000000000e+7	Al10	
1.444000000000000e+0	1.087000000000000e+7	O  5	
1.456000000000000e+0	1.081000000000000e+7	He 2	P  2
1.467000000000000e+0	1.074000000000000e+7		
1.479000000000000e+0	1.067000000000000e+7	Mg10	
1.491000000000000e+0	1.060000000000000e+7	Si 2	Cu 2
1.503000000000000e+0	1.052000000000000e+7	Ca 8	
1.515000000000000e+0	1.045000000000000e+7	F  2	
1.527000000000000e+0	1.038000000000000e+7	C  2	
1.539000000000000e+0	1.030000000000000e+7		
1.552000000000000e+0	1.022000000000000e+7	B  2	
1.564000000000000e+0	1.015000000000000e+7	He 1	
1.577000000000000e+0	1.007000000000000e+7	C  2	
1.589000000000000e+0	9.988000000000000e+6	Ne 1	Ne 1
1.602000000000000e+0	9.908000000000000e+6	F  4	
1.615000000000000e+0	9.826000000000000e+6	Ne 1	
1.628000000000000e+0	9.744000000000000e+6	C  2	
1.641000000000000e+0	9.661000000000000e+6	Al11	
1.654000000000000e+0	9.576000000000000e+6	B  2	
1.667000000000000e+0	9.491000000000000e+6	C  2	
1.681000000000000e+0	9.406000000000000e+6	C  2	
1.694000000000000e+0	9.319000000000000e+6	He 1	
1.708000000000000e+0	9.232000000000000e+6	C  2	S  2
1.722000000000000e+0	9.143000000000000e+6	C  2	
1.735000000000000e+0	9.054000000000000e+6	B  2	
1.749000000000000e+0	8.965000000000000e+6	He 1	Cl 2
1.763000000000000e+0	8.875000000000000e+6	He 1	
1.778000000000000e+0	8.784000000000000e+6	He 1	
1.792000000000000e+0	8.692000000000000e+6	He 1	C  2
1.806000000000000e+0	8.600000000000000e+6	He 1	He 1
1.821000000000000e+0	8.507000000000000e+6	He 1	Sc 3
1.835000000000000e+0	8.414000000000000e+6	Si12	
1.850000000000000e+0	8.320000000000000e+6	Na 7	B  2
1.865000000000000e+0	8.226000000000000e+6	Ne 3	
1.880000000000000e+0	8.131000000000000e+6	Ar 2	
1.895000000000000e+0	8.036000000000000e+6	Ne 5	
1.910000000000000e+0	7.940000000000000e+6	Al 3	
1.925000000000000e+0	7.844000000000000e+6	He 2	
1.941000000000000e+0	7.748000000000000e+6	F  2	
1.956000000000000e+0	7.651000000000000e+6	C  2	
1.972000000000000e+0	7.554000000000000e+6	F  5	
1.988000000000000e+0	7.457000000000000e+6	Ar 2	
2.004000000000000e+0	7.359000000000000e+6	N  2	
2.020000000000000e+0	7.262000000000000e+6	N  2	Ti 3
2.036000000000000e+0	7.164000000000000e+6	N  2	Ar 2
2.053000000000000e+0	7.066000000000000e+6	Ne 2	
2.069000000000000e+0	6.968000000000000e+6	C  2	
2.086000000000000e+0	6.870000000000000e+6	N  2	Al 3
2.102000000000000e+0	6.772000000000000e+6	N  2	
2.119000000000000e+0	6.674000000000000e+6	N  2	
2.136000000000000e+0	6.576000000000000e+6	S 14	
2.153000000000000e+0	6.477000000000000e+6	C  2	V  3
2.171000000000000e+0	6.379000000000000e+6	C  2	N  2
2.188000000000000e+0	6.282000000000000e+6	C  2	
2.206000000000000e+0	6.184000000000000e+6	B  3	
2.223000000000000e+0	6.086000000000000e+6	C  2	P  3
2.241000000000000e+0	5.989000000000000e+6	Mg 6	
2.259000000000000e+0	5.892000000000000e+6	Ne 2	Fe 3
2.277000000000000e+0	5.795000000000000e+6	Ne 6	Cr 3
2.296000000000000e+0	5.698000000000000e+6	Si 3	
2.314000000000000e+0	5.602000000000000e+6	F  2	
2.333000000000000e+0	5.506000000000000e+6	Ar16	K  2
2.351000000000000e+0	5.410000000000000e+6	C  3	
2.370000000000000e+0	5.315000000000000e+6	O  2	
2.389000000000000e+0	5.220000000000000e+6		
2.408000000000000e+0	5.126000000000000e+6	N  3	
2.428000000000000e+0	5.032000000000000e+6	N  3	
2.447000000000000e+0	4.939000000000000e+6	O  2	Mn 3
2.467000000000000e+0	4.846000000000000e+6	F  2	Si 3
2.487000000000000e+0	4.754000000000000e+6	N  2	Co 3
2.507000000000000e+0	4.662000000000000e+6	O  2	
2.527000000000000e+0	4.571000000000000e+6	B  3	
2.547000000000000e+0	4.481000000000000e+6	N  2	F  2
2.567000000000000e+0	4.391000000000000e+6	Ar16	S  3
2.588000000000000e+0	4.302000000000000e+6	Fe10	O  2
2.609000000000000e+0	4.214000000000000e+6	Fe11	Ni 3
2.630000000000000e+0	4.126000000000000e+6	Fe14	
2.651000000000000e+0	4.039000000000000e+6	Ca18	
2.672000000000000e+0	3.953000000000000e+6	B  3	
2.693000000000000e+0	3.868000000000000e+6	B  3	
2.715000000000000e+0	3.783000000000000e+6	F  2	Cu 3
2.737000000000000e+0	3.700000000000000e+6	N  3	
2.759000000000000e+0	3.617000000000000e+6	F  2	
2.781000000000000e+0	3.535000000000000e+6	F  2	B  3
2.803000000000000e+0	3.454000000000000e+6	N  3	
2.826000000000000e+0	3.374000000000000e+6	F  2	
2.848000000000000e+0	3.295000000000000e+6	F  2	
2.871000000000000e+0	3.217000000000000e+6	Ar 3	
2.894000000000000e+0	3.139000000000000e+6	N  3	Zn 3
2.918000000000000e+0	3.063000000000000e+6	C  4	Cl 3
2.941000000000000e+0	2.988000000000000e+6	C  3	
2.965000000000000e+0	2.913000000000000e+6	Ne 2	
2.988000000000000e+0	2.840000000000000e+6	He 2	Ar 3
3.012000000000000e+0	2.768000000000000e+6	O  3	Ne 2
3.037000000000000e+0	2.696000000000000e+6	Ca18	
3.061000000000000e+0	2.626000000000000e+6	Ne 2	
3.085000000000000e+0	2.557000000000000e+6	Ne 2	
3.110000000000000e+0	2.489000000000000e+6	N  3	
3.135000000000000e+0	2.421000000000000e+6	C  3	
3.160000000000000e+0	2.355000000000000e+6	C  3	
3.186000000000000e+0	2.290000000000000e+6	N  3	Ti 4
3.211000000000000e+0	2.227000000000000e+6	N  3	
3.237000000000000e+0	2.164000000000000e+6	O  3	
3.263000000000000e+0	2.102000000000000e+6	C  3	
3.289000000000000e+0	2.042000000000000e+6	N  3	
3.316000000000000e+0	1.982000000000000e+6	C  3	Si 4
3.342000000000000e+0	1.924000000000000e+6	N  3	
3.369000000000000e+0	1.866000000000000e+6	C  3	K  3
3.396000000000000e+0	1.810000000000000e+6	C  3	V  4
3.423000000000000e+0	1.755000000000000e+6	C  3	S  4
3.451000000000000e+0	1.701000000000000e+6	N  3	Na 2
3.478000000000000e+0	1.648000000000000e+6	Na 2	N  3
3.506000000000000e+0	1.596000000000000e+6	Na 2	C  3
3.534000000000000e+0	1.545000000000000e+6	Fe24	
3.563000000000000e+0	1.496000000000000e+6	He 2	
3.591000000000000e+0	1.447000000000000e+6	F  3	
3.620000000000000e+0	1.400000000000000e+6	Ne 3	Cr 4
3.648999999999999e+0	1.353000000000000e+6	N  3	
3.679000000000000e+0	1.308000000000000e+6	N  4	
3.708000000000000e+0	1.264000000000000e+6	Fe 9	Co 4
3.738000000000000e+0	1.220000000000000e+6	He 2	Ca 3
3.768000000000000e+0	1.178000000000000e+6	O  3	P  4
3.797999999999999e+0	1.137000000000000e+6	O  4	Mn 4
3.828000000000000e+0	1.097000000000000e+6	He 2	
3.859000000000000e+0	1.058000000000000e+6	O  3	
3.890000000000000e+0	1.020000000000000e+6	He 2	
3.921000000000000e+0	9.826000000000000e+5	He 2	Cl 4
3.953000000000000e+0	9.465000000000000e+5	He 2	
3.985000000000000e+0	9.113000000000000e+5	He 2	Fe 4
4.016999999999999e+0	8.771000000000000e+5	Ne 3	He 2
4.048999999999999e+0	8.439000000000000e+5	F  3	O  3
4.080999999999999e+0	8.116000000000000e+5	C  4	Ni 4
4.114000000000000e+0	7.802000000000000e+5	S 12	
4.146999999999999e+0	7.498000000000000e+5	F  3	
4.180000000000000e+0	7.202000000000000e+5	Ne 3	
4.213999999999999e+0	6.915000000000000e+5	Ar 4	Cu 4
4.247999999999999e+0	6.637000000000000e+5	O  3	
4.281999999999999e+0	6.368000000000000e+5	C  4	
4.316000000000000e+0	6.107000000000000e+5	N  4	
4.351000000000000e+0	5.854000000000000e+5	N  5	Zn 4
4.385999999999999e+0	5.610000000000000e+5	C  4	Ar 4
4.420999999999999e+0	5.373000000000000e+5	O  3	
4.455999999999999e+0	5.144000000000000e+5	O  3	
4.492000000000000e+0	4.923000000000000e+5	Li 2	K  4
4.527999999999999e+0	4.709000000000000e+5	Li 2	
4.564999999999999e+0	4.503000000000000e+5	C  4	
4.601000000000000e+0	4.304000000000000e+5	N  4	F  3
4.638000000000000e+0	4.112000000000000e+5	O  4	
4.675000000000000e+0	3.927000000000000e+5	Ne 3	Ne 3
4.712999999999999e+0	3.748000000000000e+5	N  4	
4.750999999999999e+0	3.577000000000000e+5	Fe24	C  4
4.789000000000000e+0	3.411000000000000e+5	Ne 3	P  5
4.827000000000000e+0	3.252000000000000e+5	F  4	V  5
4.866000000000000e+0	3.099000000000000e+5	Ne 3	
4.904999999999999e+0	2.952000000000000e+5	O  4	
4.944000000000000e+0	2.810000000000000e+5	Ne 3	Ca 4
4.984000000000000e+0	2.674000000000000e+5	N  4	Cl 5
5.023999999999999e+0	2.544000000000000e+5	O  4	
5.063999999999999e+0	2.419000000000000e+5	O  4	
5.104999999999999e+0	2.299000000000000e+5	Li 2	Cr 5
5.146000000000000e+0	2.184000000000000e+5	O  4	
5.186999999999999e+0	2.074000000000000e+5	N  4	
5.228999999999999e+0	1.969000000000000e+5	O  4	
5.271000000000000e+0	1.868000000000000e+5	Li 2	Na 3
5.313000000000000e+0	1.772000000000000e+5	O  4	Mn 5
5.356000000000000e+0	1.680000000000000e+5	Li 2	S  5
5.398999999999999e+0	1.592000000000000e+5	Li 2	Sc 4
5.441999999999999e+0	1.508000000000000e+5	Li 2	
5.486000000000000e+0	1.428000000000000e+5	Li 2	Ar 5
5.529999999999999e+0	1.352000000000000e+5	N  4	Fe 5
5.574000000000000e+0	1.279000000000000e+5	N  5	Li 2
5.619000000000000e+0	1.210000000000000e+5	Mg 3	Ni 5
5.664000000000000e+0	1.144000000000000e+5	F  4	O  4
5.709000000000000e+0	1.082000000000000e+5	O  4	N  4
5.755000000000000e+0	1.022000000000000e+5	O  4	
5.800999999999999e+0	9.654000000000000e+4	Ne 4	
5.848000000000000e+0	9.116000000000000e+4	F  4	Co 5
5.894999999999999e+0	8.606000000000000e+4	Na 4	Mg 3
5.941999999999999e+0	8.123000000000000e+4	O  4	Cu 5
5.989999999999999e+0	7.664000000000000e+4	O  4	
6.037999999999999e+0	7.230000000000000e+4	O  4	Zn 5
6.085999999999999e+0	6.819000000000000e+4	O  6	K  5
6.135000000000000e+0	6.431000000000000e+4	O  4	
6.183999999999999e+0	6.063000000000000e+4	N  5	
6.234000000000000e+0	5.716000000000000e+4	O  4	Ca 5
6.284000000000000e+0	5.389000000000000e+4	Na 4	
6.334000000000000e+0	5.080000000000000e+4	Ne 4	
6.385000000000000e+0	4.789000000000000e+4	F  4	F  4
6.436000000000000e+0	4.514000000000000e+4	Na 4	
6.487999999999999e+0	4.256000000000000e+4	N  5	S  6
6.539999999999999e+0	4.013000000000000e+4	O  5	
6.593000000000000e+0	3.784000000000000e+4	Na 4	
6.644999999999999e+0	3.570000000000000e+4	N  5	Cr 6
6.699000000000000e+0	3.368000000000000e+4	O  5	Ar 6
6.752999999999999e+0	3.179000000000000e+4	Li 3	Sc 5
6.806999999999999e+0	3.002000000000000e+4	N  5	
6.861000000000000e+0	2.836000000000000e+4	N  5	
6.915999999999999e+0	2.681000000000000e+4	N  5	
6.971999999999999e+0	2.535000000000000e+4	F  4	
7.027999999999999e+0	2.400000000000000e+4	Ne 4	Mn 6
7.084000000000000e+0	2.273000000000000e+4	Na 4	Cl 6
7.140999999999999e+0	2.155000000000000e+4	F  6	Ne 4
7.197999999999999e+0	2.045000000000000e+4	F  5	N  5
7.256000000000000e+0	1.942000000000000e+4	F  5	Na 4
7.313999999999998e+0	1.847000000000000e+4	O  5	Fe 6
7.373000000000000e+0	1.758000000000000e+4	F  5	K  6
7.432000000000000e+0	1.675000000000000e+4	Ne 6	Ti 5
7.492000000000000e+0	1.599000000000000e+4	O  5	Co 6
7.552000000000000e+0	1.528000000000000e+4	F  5	Cu 6
7.613000000000000e+0	1.462000000000000e+4	O  5	
7.674000000000000e+0	1.401000000000000e+4	F  5	
7.735000000000000e+0	1.345000000000000e+4	O  5	
7.797000000000000e+0	1.293000000000000e+4	O  5	
7.860000000000000e+0	1.246000000000000e+4	O  6	Zn 6
7.922999999999998e+0	1.202000000000000e+4	O  5	Ni 6
7.987000000000000e+0	1.161000000000000e+4	Li 3	Ca 6
8.050999999999998e+0	1.124000000000000e+4	O  5	Mg 4
8.114999999999998e+0	1.090000000000000e+4	O  5	Sc 6
8.180999999999998e+0	1.058000000000000e+4	F  5	
8.245999999999998e+0	1.030000000000000e+4	Ne 5	
8.312000000000000e+0	1.004000000000000e+4	Ne 5	Cl 7
8.379000000000000e+0	9.797000000000000e+3	F  5	O  5
8.446000000000000e+0	9.580000000000000e+3	Li 3	F  5
8.514000000000000e+0	9.382000000000000e+3	F  5	
8.581999999999998e+0	9.203000000000000e+3	Ne 5	
8.651000000000000e+0	9.041000000000000e+3	Li 3	K  7
8.720999999999998e+0	8.894000000000000e+3	Li 3	Ti 6
8.790999999999998e+0	8.762000000000000e+3	Li 3	Al 4
8.860999999999998e+0	8.644000000000000e+3	Li 3	Mn 7
8.931999999999998e+0	8.538000000000000e+3	Li 3	
9.004000000000000e+0	8.443000000000000e+3	F  5	Li 3
9.075999999999998e+0	8.359000000000000e+3	Be 3	
9.148999999999998e+0	8.285000000000000e+3	O  6	Ar 7
9.222999999999998e+0	8.219000000000000e+3	Ne 6	Fe 7
9.296999999999998e+0	8.162000000000000e+3	Ne 7	Ne 5
9.370999999999998e+0	8.112000000000000e+3	O  6	Ca 7
9.446000000000000e+0	8.069000000000000e+3	Ne 6	V  6
9.521999999999998e+0	8.033000000000000e+3	Na 5	Co 7
9.598999999999998e+0	8.002000000000000e+3	O  6	
9.675999999999998e+0	7.976000000000000e+3	O  6	
9.752999999999998e+0	7.956000000000000e+3	O  6	Ni 7
9.831999999999998e+0	7.939000000000000e+3	Ne 5	
9.909999999999998e+0	7.927000000000000e+3	Ne 5	Zn 7
9.989999999999998e+0	7.918000000000000e+3	F  6	Cu 7
1.007000000000000e+1	7.913000000000000e+3	Ne 6	Na 5
1.015000000000000e+1	7.911000000000000e+3	F  6	O  6
1.023000000000000e+1	7.911000000000000e+3	Ne 6	Sc 7
1.031000000000000e+1	7.914000000000000e+3	Ne 8	Ti 7
1.040000000000000e+1	7.920000000000000e+3	Ne 6	Mg 5
1.048000000000000e+1	7.927000000000000e+3	F  6	
1.056000000000000e+1	7.936000000000000e+3	Ne 6	Ar 8
1.065000000000000e+1	7.947000000000000e+3	Na 7	
1.074000000000000e+1	7.959000000000000e+3	Be 3	
1.082000000000000e+1	7.973000000000000e+3	Ne 6	Ca 8
1.091000000000000e+1	7.988000000000000e+3	Be 3	
1.100000000000000e+1	8.004000000000000e+3	Be 3	V  7
1.108000000000000e+1	8.021000000000000e+3	Be 3	Fe 8
1.117000000000000e+1	8.039000000000000e+3	Be 3	Be 3
1.126000000000000e+1	8.058000000000000e+3	Na 6	Al 5
1.135000000000000e+1	8.077000000000000e+3	Na 6	K  8
1.144000000000000e+1	8.097000000000000e+3	Na 7	F  6
1.154000000000000e+1	8.118000000000000e+3	Ne 6	Sc 8
1.163000000000000e+1	8.139000000000000e+3	F  7	Ne 6
1.172000000000000e+1	8.161000000000000e+3	Na 6	Co 8
1.182000000000000e+1	8.183000000000000e+3	Ne 6	Cr 7
1.191000000000000e+1	8.206000000000000e+3	Ne 6	Ni 8
1.201000000000000e+1	8.229000000000000e+3	Be 4	
1.210000000000000e+1	8.252000000000000e+3	Ne 6	
1.220000000000000e+1	8.276000000000000e+3	F  7	Cu 8
1.230000000000000e+1	8.299000000000000e+3	Na 6	Si 5
1.240000000000000e+1	8.323000000000000e+3	Na 6	
1.250000000000000e+1	8.347000000000000e+3	Al 6	Ti 8
1.260000000000000e+1	8.372000000000000e+3	F  7	
1.270000000000000e+1	8.396000000000000e+3	Mg 6	Na 6
1.280000000000000e+1	8.421000000000000e+3	F  7	V  8
1.290000000000000e+1	8.446000000000000e+3	Na 6	K  9
1.300000000000000e+1	8.471000000000000e+3	F  7	Zn 8
1.311000000000000e+1	8.496000000000000e+3	F  7	
1.321000000000000e+1	8.521000000000000e+3	Ne 7	Sc 9
1.332000000000000e+1	8.546000000000000e+3	Ne 7	
1.343000000000000e+1	8.571000000000000e+3	Na 7	Co 9
1.354000000000000e+1	8.597000000000000e+3	Ne 8	Cr 8
1.364000000000000e+1	8.622000000000000e+3	Mg 7	F  7
1.375000000000000e+1	8.648000000000000e+3	Ne 7	Mg 6
1.386000000000000e+1	8.673000000000000e+3	Na 7	Ca 9
1.397000000000000e+1	8.699000000000000e+3	Mg 7	Al 6
1.409000000000000e+1	8.725000000000000e+3	Mg 8	Ti 9
1.420000000000000e+1	8.750000000000000e+3	Be 4	Ni 9
1.431000000000000e+1	8.776000000000000e+3	Ne 7	Mn 8
1.443000000000000e+1	8.802000000000000e+3	Ne 7	
1.454000000000000e+1	8.828000000000000e+3	B  4	
1.466000000000000e+1	8.854000000000000e+3	Ne 7	Cu 9
1.478000000000000e+1	8.880000000000000e+3	Na 7	
1.490000000000000e+1	8.906000000000000e+3	B  4	Zn 9
1.502000000000000e+1	8.932000000000000e+3	Be 4	Si 6
1.514000000000000e+1	8.958000000000000e+3	O  4	V  9
1.526000000000000e+1	8.985000000000000e+3	Na 8	Ne 7
1.538000000000000e+1	9.011000000000000e+3	Be 4	Na 7
1.550000000000000e+1	9.037000000000000e+3	Be 4	Ca10
1.563000000000000e+1	9.064000000000000e+3	Be 4	Cr 9
1.575000000000000e+1	9.090000000000000e+3	Mg10	
1.588000000000000e+1	9.116000000000000e+3	Be 4	Ti10
1.601000000000000e+1	9.143000000000000e+3	Mg 7	Be 4
1.614000000000000e+1	9.169000000000000e+3	Mg 7	P  6
1.627000000000000e+1	9.196000000000000e+3	Ne 8	Mn 9
1.640000000000000e+1	9.222000000000000e+3	Na 8	Sc10
1.653000000000000e+1	9.249000000000000e+3	Ne 8	Mg 7
1.666000000000000e+1	9.276000000000000e+3	Na 8	Ni10
1.679000000000000e+1	9.302000000000000e+3	Ne 8	
1.693000000000000e+1	9.329000000000000e+3	Ne 8	V 10
1.707000000000000e+1	9.356000000000000e+3	Mg 7	Cu10
1.720000000000000e+1	9.383000000000000e+3	B  4	Fe 9
1.734000000000000e+1	9.410000000000000e+3	Al 7	
1.748000000000000e+1	9.437000000000000e+3	Na 8	Zn10
1.762000000000000e+1	9.464000000000000e+3	Mg 8	Ne 8
1.776000000000000e+1	9.491000000000000e+3	Mg 8	Al 7
1.790000000000000e+1	9.518000000000000e+3	Na 8	Cr10
1.805000000000000e+1	9.545000000000000e+3	B  4	Si 7
1.819000000000000e+1	9.572000000000000e+3	Na 8	Mn10
1.834000000000000e+1	9.599000000000000e+3	B  4	Sc11
1.849000000000000e+1	9.626000000000000e+3	Mg 8	
1.863000000000000e+1	9.653000000000000e+3	B  4	
1.878000000000000e+1	9.681000000000000e+3	B  4	V 11
1.893000000000000e+1	9.708000000000000e+3	Al11	B  4
1.909000000000000e+1	9.736000000000000e+3	Mg 8	Fe10
1.924000000000000e+1	9.763000000000000e+3	Mg 8	P  7
1.939000000000000e+1	9.790000000000000e+3	Mg 8	Na 8
1.955000000000000e+1	9.818000000000000e+3	Al 8	Mg 8
1.971000000000000e+1	9.846000000000000e+3	Na 9	Ti11
1.986000000000000e+1	9.873000000000000e+3	Mg 8	Cr11
2.002000000000000e+1	9.901000000000000e+3	Mg 8	Cu11
2.018000000000000e+1	9.929000000000000e+3	Mg 8	Co10
2.035000000000000e+1	9.956000000000000e+3	Na 9	Zn11
2.051000000000000e+1	9.984000000000000e+3	Mg 9	
2.067000000000000e+1	1.001000000000000e+4	Na 9	S  7
2.084000000000000e+1	1.004000000000000e+4	Al 8	Al 8
2.101000000000000e+1	1.007000000000000e+4	Na 9	Mn11
2.118000000000000e+1	1.010000000000000e+4	Na 9	Ti12
2.135000000000000e+1	1.012000000000000e+4	Al 8	Fe11
2.152000000000000e+1	1.015000000000000e+4	Al 8	
2.169000000000000e+1	1.018000000000000e+4	Mg 9	
2.186000000000000e+1	1.021000000000000e+4	Al 9	Cr12
2.204000000000000e+1	1.024000000000000e+4	Mg 9	Na 9
2.222000000000000e+1	1.026000000000000e+4	Si12	Si 8
2.239000000000000e+1	1.029000000000000e+4	C  5	Co11
2.257000000000000e+1	1.032000000000000e+4	C  5	V 12
2.275000000000000e+1	1.035000000000000e+4	Mg 9	P  8
2.294000000000000e+1	1.038000000000000e+4	Mg 9	Zn12
2.312000000000000e+1	1.041000000000000e+4	Mg 9	Mn12
2.331000000000000e+1	1.044000000000000e+4	Mg 9	
2.349000000000000e+1	1.046000000000000e+4	B  5	
2.368000000000000e+1	1.049000000000000e+4	Si 9	Ni11
2.387000000000000e+1	1.052000000000000e+4	Al 9	S  8
2.406000000000000e+1	1.055000000000000e+4	B  5	Mg 9
2.426000000000000e+1	1.058000000000000e+4	B  5	Al 9
2.445000000000000e+1	1.061000000000000e+4	B  5	Fe12
2.465000000000000e+1	1.064000000000000e+4	B  5	V 13
2.485000000000000e+1	1.067000000000000e+4	Mg10	Co12
2.505000000000000e+1	1.069000000000000e+4	Al10	B  5
2.525000000000000e+1	1.072000000000000e+4	Si10	Mn13
2.545000000000000e+1	1.075000000000000e+4	Mg10	Ni12
2.565000000000000e+1	1.078000000000000e+4	Mg10	Cl 8
2.586000000000000e+1	1.081000000000000e+4	Mg10	Si 9
2.607000000000000e+1	1.084000000000000e+4	C  5	Cr13
2.628000000000000e+1	1.087000000000000e+4	Al10	
2.649000000000000e+1	1.090000000000000e+4	Si10	Fe13
2.670000000000000e+1	1.093000000000000e+4	Al10	
2.691000000000000e+1	1.096000000000000e+4	C  6	Mg10
2.713000000000000e+1	1.099000000000000e+4	C  5	Cu12
2.735000000000000e+1	1.102000000000000e+4	Si10	P  9
2.757000000000000e+1	1.105000000000000e+4	Al10	Co13
2.779000000000000e+1	1.108000000000000e+4	C  5	S  9
2.801000000000000e+1	1.111000000000000e+4	C  5	Ni13
2.824000000000000e+1	1.114000000000000e+4	C  5	Cr14
2.846000000000000e+1	1.117000000000000e+4	C  5	Cu13
2.869000000000000e+1	1.120000000000000e+4	Si11	Fe14
2.892000000000000e+1	1.123000000000000e+4	Al11	C  5
2.915000000000000e+1	1.126000000000000e+4	Si10	Si10
2.939000000000000e+1	1.129000000000000e+4	Si10	Al10
2.962000000000000e+1	1.132000000000000e+4	Si10	Cl 9
2.986000000000000e+1	1.135000000000000e+4	S 14	Mn14
3.010000000000000e+1	1.138000000000000e+4	S 10	Co14
3.034000000000000e+1	1.141000000000000e+4	S 12	
3.058000000000000e+1	1.144000000000000e+4	Al11	Zn13
3.083000000000000e+1	1.147000000000000e+4	N  6	Ar 9
3.108000000000000e+1	1.150000000000000e+4	Al11	P 10
3.133000000000000e+1	1.153000000000000e+4	N  6	
3.158000000000000e+1	1.156000000000000e+4	N  6	Ni14
3.183000000000000e+1	1.159000000000000e+4	Si11	Cu14
3.209000000000000e+1	1.162000000000000e+4	C  6	Mn15
3.234000000000000e+1	1.165000000000000e+4	Si11	Co15
3.260000000000000e+1	1.168000000000000e+4	Si12	Al11
3.287000000000000e+1	1.171000000000000e+4	Si11	S 10
3.313000000000000e+1	1.175000000000000e+4	Si11	Zn14
3.340000000000000e+1	1.178000000000000e+4	Si11	Cl10
3.366000000000000e+1	1.181000000000000e+4	C  6	Fe15
3.393000000000000e+1	1.184000000000000e+4	S 11	
3.420999999999999e+1	1.187000000000000e+4	Si12	Ni15
3.448000000000000e+1	1.190000000000000e+4	C  6	Zn15
3.476000000000000e+1	1.193000000000000e+4	S 11	Ar10
3.504000000000000e+1	1.196000000000000e+4	C  6	Si11
3.531999999999999e+1	1.199000000000000e+4	C  6	P 11
3.560000000000000e+1	1.203000000000000e+4	Ar16	Fe16
3.588999999999999e+1	1.206000000000000e+4	S 11	C  6
3.616999999999999e+1	1.209000000000000e+4	Si12	Cu15
3.645999999999999e+1	1.212000000000000e+4	N  6	Ni16
3.676000000000000e+1	1.215000000000000e+4	N  7	K 10
3.705000000000000e+1	1.218000000000000e+4	S 11	S 11
3.734999999999999e+1	1.222000000000000e+4	S 11	
3.765000000000000e+1	1.225000000000000e+4	Ar11	Co16
3.794999999999999e+1	1.228000000000000e+4	S 12	
3.826000000000000e+1	1.231000000000000e+4	N  6	Cu16
3.855999999999999e+1	1.234000000000000e+4	S 12	Si12
3.887000000000000e+1	1.238000000000000e+4	S 12	Cl11
3.918000000000000e+1	1.241000000000000e+4	N  6	
3.950000000000000e+1	1.244000000000000e+4	N  6	Ar11
3.980999999999999e+1	1.247000000000000e+4	N  6	Zn16
4.012999999999999e+1	1.251000000000000e+4	N  6	Co17
4.045999999999999e+1	1.254000000000000e+4	Ar14	N  6
4.077999999999999e+1	1.257000000000000e+4	S 12	Cu17
4.111000000000000e+1	1.260000000000000e+4	O  7	P 12
4.144000000000000e+1	1.264000000000000e+4	S 12	S 12
4.177000000000000e+1	1.267000000000000e+4	O  7	K 11
4.211000000000000e+1	1.270000000000000e+4	O  7	Ni17
4.244000000000000e+1	1.274000000000000e+4	Ar12	Zn17
4.277999999999999e+1	1.277000000000000e+4	S 13	
4.312999999999999e+1	1.280000000000000e+4	S 13	Ca11
4.347000000000000e+1	1.283000000000000e+4	N  7	Cl12
4.381999999999999e+1	1.287000000000000e+4	S 14	
4.416999999999999e+1	1.290000000000000e+4	S 13	
4.452999999999999e+1	1.293000000000000e+4	Ar13	Ni18
4.488999999999999e+1	1.297000000000000e+4	S 13	P 13
4.525000000000000e+1	1.300000000000000e+4	S 13	Zn18
4.561000000000000e+1	1.303000000000000e+4	S 13	Ar12
4.598000000000000e+1	1.307000000000000e+4	N  7	Cu18
4.634000000000000e+1	1.310000000000000e+4	S 14	K 12
4.672000000000000e+1	1.314000000000000e+4	Ar13	
4.709000000000000e+1	1.317000000000000e+4	N  7	
4.747000000000000e+1	1.320000000000000e+4	N  7	
4.784999999999999e+1	1.324000000000000e+4	N  7	S 13
4.823000000000000e+1	1.327000000000000e+4	N  7	Cl13
4.862000000000000e+1	1.330000000000000e+4	Ca18	Ca12
4.901000000000000e+1	1.334000000000000e+4	O  7	N  7
4.940000000000000e+1	1.337000000000000e+4	S 14	Cu19
4.980000000000000e+1	1.341000000000000e+4	S 14	
5.025000000000000e+1	1.345000000000000e+4	Ar13	Ar13
5.075000000000000e+1	1.349000000000000e+4	Ar15	Sc12
5.126000000000000e+1	1.353000000000000e+4	O  7	Zn19
5.177000000000000e+1	1.357000000000000e+4	Ar14	S 14
5.227999999999999e+1	1.362000000000000e+4	O  7	K 13
5.280999999999999e+1	1.366000000000000e+4	O  7	
5.333000000000000e+1	1.370000000000000e+4	O  7	Ca13
5.387000000000000e+1	1.375000000000000e+4	O  7	Zn20
5.440000000000000e+1	1.379000000000000e+4	Ar14	O  7
5.494999999999999e+1	1.383000000000000e+4	Ar14	Cl14
5.548999999999999e+1	1.388000000000000e+4	Ar14	Ar14
5.605000000000000e+1	1.392000000000000e+4	Ar15	Sc13
5.661000000000000e+1	1.397000000000000e+4	O  8	
5.716999999999999e+1	1.401000000000000e+4	Ca14	Ti13
5.773999999999999e+1	1.405000000000000e+4	Ar15	K 14
5.831999999999999e+1	1.410000000000000e+4	Ar15	
5.890000000000000e+1	1.414000000000000e+4	Ar15	
5.948999999999999e+1	1.419000000000000e+4	Ca15	Cl15
6.008000000000000e+1	1.423000000000000e+4	O  8	Ca14
6.068000000000000e+1	1.428000000000000e+4	F  9	
6.129000000000000e+1	1.432000000000000e+4	O  8	Sc14
6.190000000000000e+1	1.437000000000000e+4	O  8	Ti14
6.252000000000000e+1	1.441000000000000e+4	O  8	Ar15
6.313999999999999e+1	1.446000000000000e+4	O  8	K 15
6.377000000000000e+1	1.450000000000000e+4	Ar16	O  8
6.441000000000000e+1	1.455000000000000e+4	Ar16	
6.505000000000000e+1	1.459000000000000e+4	Ca15	V 14
6.569999999999999e+1	1.464000000000000e+4	F  8	Ca15
6.634999999999999e+1	1.469000000000000e+4	Ne 9	
6.702000000000000e+1	1.473000000000000e+4	Ne 9	
6.769000000000000e+1	1.478000000000000e+4	F  8	Ar16
6.836000000000000e+1	1.482000000000000e+4	F  8	Sc15
6.903999999999999e+1	1.487000000000000e+4	F  8	Ti15
6.972999999999999e+1	1.492000000000000e+4	Ca16	
7.042999999999999e+1	1.496000000000000e+4	Ca16	F  8
7.112999999999999e+1	1.501000000000000e+4	Ca16	K 16
7.183999999999999e+1	1.506000000000000e+4	F  9	Ca16
7.255999999999998e+1	1.511000000000000e+4	Fe19	V 15
7.327999999999998e+1	1.515000000000000e+4	Ca17	Cr15
7.400999999999998e+1	1.520000000000000e+4	Ca17	Sc16
7.475000000000000e+1	1.525000000000000e+4	Ne10	
7.550000000000000e+1	1.529000000000000e+4	Ca17	
7.625000000000000e+1	1.534000000000000e+4	F  9	K 17
7.700999999999998e+1	1.539000000000000e+4	Fe18	Ti16
7.777999999999998e+1	1.544000000000000e+4	F  9	V 16
7.855999999999998e+1	1.549000000000000e+4	F  9	
7.933999999999998e+1	1.553000000000000e+4	F  9	Sc17
8.013000000000000e+1	1.558000000000000e+4	F  9	Ca17
8.093000000000000e+1	1.563000000000000e+4	Ca18	Cr16
8.174000000000000e+1	1.568000000000000e+4	Na10	F  9
8.255999999999998e+1	1.573000000000000e+4	Ne 9	Mn16
8.338000000000000e+1	1.578000000000000e+4	Fe19	Ti17
8.421000000000000e+1	1.583000000000000e+4	Ne 9	
8.505000000000000e+1	1.587000000000000e+4	Fe17	Ca18
8.589999999999998e+1	1.592000000000000e+4	Fe24	V 17
8.675999999999998e+1	1.597000000000000e+4	Ne 9	Cr17
8.761999999999998e+1	1.602000000000000e+4	Fe17	Ne 9
8.850000000000000e+1	1.607000000000000e+4	Ne10	Ti18
8.938000000000000e+1	1.612000000000000e+4	Fe17	Sc18
9.027000000000000e+1	1.617000000000000e+4	Na11	Mn17
9.116999999999998e+1	1.622000000000000e+4	Na11	
9.208000000000000e+1	1.627000000000000e+4	Fe18	V 18
9.300000000000000e+1	1.632000000000000e+4	Fe18	Fe17
9.393000000000000e+1	1.637000000000000e+4	Ne10	
9.486999999999998e+1	1.642000000000000e+4	Fe18	Sc19
9.580999999999998e+1	1.647000000000000e+4	Ne10	Cr18
9.677000000000000e+1	1.652000000000000e+4	Ne10	Mn18
9.774000000000000e+1	1.658000000000000e+4	Ne10	Ti19
9.871000000000000e+1	1.663000000000000e+4	Ne10	Fe18
9.969999999999998e+1	1.668000000000000e+4	Fe19	Ne10
1.007000000000000e+2	1.673000000000000e+4	Fe19	V 19
1.017000000000000e+2	1.678000000000000e+4	Na10	Co18
1.027000000000000e+2	1.683000000000000e+4	Fe19	Cr19
1.037000000000000e+2	1.688000000000000e+4	Na10	
1.048000000000000e+2	1.694000000000000e+4	Na10	Ti20
1.058000000000000e+2	1.699000000000000e+4	Na10	Mn19
1.069000000000000e+2	1.704000000000000e+4	Na10	Fe19
1.079000000000000e+2	1.709000000000000e+4	Na11	Na10
1.090000000000000e+2	1.715000000000000e+4	Fe20	V 20
1.101000000000000e+2	1.720000000000000e+4	Fe20	Cr20
1.112000000000000e+2	1.725000000000000e+4	Fe20	Co19
1.123000000000000e+2	1.730000000000000e+4	Fe20	Ni19
1.134000000000000e+2	1.736000000000000e+4	Na11	Mn20
1.146000000000000e+2	1.741000000000000e+4	Fe21	V 21
1.157000000000000e+2	1.746000000000000e+4	Na11	Fe20
1.169000000000000e+2	1.752000000000000e+4	Al12	Cu20
1.180000000000000e+2	1.757000000000000e+4	Na11	Co20
1.192000000000000e+2	1.763000000000000e+4	Na11	Mn21
1.204000000000000e+2	1.768000000000000e+4	Fe21	Cr21
1.216000000000000e+2	1.773000000000000e+4	Mg11	Na11
1.228000000000000e+2	1.779000000000000e+4	Fe22	Ni20
1.240000000000000e+2	1.784000000000000e+4	Mg11	Fe21
1.253000000000000e+2	1.790000000000000e+4	Mg11	Ni21
1.265000000000000e+2	1.795000000000000e+4	Mg11	Cr22
1.278000000000000e+2	1.801000000000000e+4	Mg11	Co21
1.291000000000000e+2	1.806000000000000e+4	Fe22	Mg11
1.304000000000000e+2	1.812000000000000e+4	Fe23	Mn22
1.317000000000000e+2	1.817000000000000e+4	Fe23	Fe22
1.330000000000000e+2	1.823000000000000e+4	Fe23	Cu21
1.343000000000000e+2	1.828000000000000e+4	Fe23	Zn21
1.356000000000000e+2	1.834000000000000e+4	Mg12	Co22
1.370000000000000e+2	1.840000000000000e+4	Al12	
1.384000000000000e+2	1.845000000000000e+4	Mg12	Mn23
1.397000000000000e+2	1.851000000000000e+4	Mg12	Ni22
1.411000000000000e+2	1.857000000000000e+4	Mg12	Cu22
1.425000000000000e+2	1.862000000000000e+4	Mg12	Fe23
1.440000000000000e+2	1.868000000000000e+4	Al12	Mg12
1.454000000000000e+2	1.874000000000000e+4		Co23
1.468000000000000e+2	1.879000000000000e+4	Al12	Zn22
1.483000000000000e+2	1.885000000000000e+4	Al12	Ni23
1.498000000000000e+2	1.891000000000000e+4	Al12	Fe24
1.513000000000000e+2	1.897000000000000e+4	Al12	Cu23
1.528000000000000e+2	1.902000000000000e+4		Al12
1.543000000000000e+2	1.908000000000000e+4		Ni24
1.559000000000000e+2	1.914000000000000e+4		Co24
1.574000000000000e+2	1.920000000000000e+4		Zn23
1.590000000000000e+2	1.926000000000000e+4	Al13	Cu24
1.606000000000000e+2	1.932000000000000e+4	Si13	
1.622000000000000e+2	1.937000000000000e+4	Al13	Zn24
1.638000000000000e+2	1.943000000000000e+4	Al13	Co25
1.654000000000000e+2	1.949000000000000e+4	Al13	
1.671000000000000e+2	1.955000000000000e+4	Al13	Ni25
1.687000000000000e+2	1.961000000000000e+4	Si13	Al13
1.704000000000000e+2	1.967000000000000e+4		Cu25
1.721000000000000e+2	1.973000000000000e+4	Si13	
1.739000000000000e+2	1.979000000000000e+4	Si13	Zn25
1.756000000000000e+2	1.985000000000000e+4	Si13	Ni26
1.773000000000000e+2	1.991000000000000e+4	Si13	
1.791000000000000e+2	1.997000000000000e+4	S 15	Si13
1.818000000000000e+2	2.006000000000000e+4	S 15	Cu26
1.854000000000000e+2	2.019000000000000e+4	Si14	Zn26
1.892000000000000e+2	2.031000000000000e+4	Si14	Cu27
1.930000000000000e+2	2.043000000000000e+4	Si14	Zn27
1.968000000000000e+2	2.056000000000000e+4		Si14
2.008000000000000e+2	2.068000000000000e+4		
2.048000000000000e+2	2.081000000000000e+4		Zn28
2.089000000000000e+2	2.093000000000000e+4		P 14
2.131000000000000e+2	2.106000000000000e+4	S 15	
2.174000000000000e+2	2.119000000000000e+4		
2.218000000000000e+2	2.132000000000000e+4	S 15	
2.262000000000000e+2	2.145000000000000e+4	S 15	P 15
2.307000000000000e+2	2.158000000000000e+4	S 15	
2.354000000000000e+2	2.171000000000000e+4	S 15	S 15
2.401000000000000e+2	2.184000000000000e+4	S 16	
2.449000000000000e+2	2.197000000000000e+4	S 16	
2.498000000000000e+2	2.210000000000000e+4	S 16	
2.548000000000000e+2	2.224000000000000e+4	S 16	S 16
2.600000000000000e+2	2.237000000000000e+4		
2.652000000000000e+2	2.251000000000000e+4		
2.705000000000000e+2	2.264000000000000e+4	Ar17	Cl16
2.759000000000000e+2	2.278000000000000e+4		
2.815000000000000e+2	2.292000000000000e+4	Ar17	
2.871000000000000e+2	2.306000000000000e+4	Ar18	
2.929000000000000e+2	2.320000000000000e+4	Ar17	Cl17
2.988000000000000e+2	2.334000000000000e+4	Ar17	
3.047000000000000e+2	2.348000000000000e+4	Ar18	Ar17
3.109000000000000e+2	2.362000000000000e+4	Ar18	
3.171000000000000e+2	2.376000000000000e+4	Ar18	
3.235000000000000e+2	2.391000000000000e+4	Ar18	Ar18
3.300000000000000e+2	2.405000000000000e+4		
3.366000000000000e+2	2.420000000000000e+4	Ca19	K 18
3.433000000000000e+2	2.434000000000000e+4		
3.502000000000000e+2	2.449000000000000e+4	Ca19	
3.572000000000000e+2	2.464000000000000e+4	Ca19	
3.644000000000000e+2	2.479000000000000e+4	Ca19	K 19
3.717000000000000e+2	2.494000000000000e+4	Ca19	
3.792000000000000e+2	2.509000000000000e+4		Ca19
3.867999999999999e+2	2.524000000000000e+4	Ca20	
3.946000000000000e+2	2.539000000000000e+4	Ca20	
4.025000000000000e+2	2.554000000000000e+4		Ca20
4.106000000000000e+2	2.570000000000000e+4		
4.187999999999999e+2	2.585000000000000e+4		Sc20
4.272000000000000e+2	2.601000000000000e+4		
4.357999999999999e+2	2.616000000000000e+4		
4.445000000000000e+2	2.632000000000000e+4		Sc21
4.534000000000000e+2	2.648000000000000e+4		
4.625000000000000e+2	2.664000000000000e+4		Ti21
4.717999999999999e+2	2.680000000000000e+4		
4.812999999999999e+2	2.696000000000000e+4		
4.910000000000000e+2	2.712000000000000e+4	Fe24	Ti22
5.007999999999999e+2	2.729000000000000e+4		V 22
5.109000000000000e+2	2.745000000000000e+4	Fe26	
5.210999999999999e+2	2.762000000000000e+4		
5.315999999999999e+2	2.778000000000000e+4		V 23
5.421999999999999e+2	2.795000000000000e+4		
5.530999999999999e+2	2.812000000000000e+4		Cr23
5.641999999999999e+2	2.829000000000000e+4		
5.755000000000000e+2	2.846000000000000e+4	Fe25	Cr24
5.870999999999999e+2	2.863000000000000e+4		
5.989000000000000e+2	2.880000000000000e+4	Fe25	Mn24
6.109000000000000e+2	2.897000000000000e+4		
6.230999999999999e+2	2.915000000000000e+4	Fe25	
6.356999999999999e+2	2.932000000000000e+4	Fe25	Mn25
6.484000000000000e+2	2.950000000000000e+4	Fe26	Fe25
6.614000000000000e+2	2.968000000000000e+4	Fe26	
6.746999999999999e+2	2.985000000000000e+4	Fe26	
6.881999999999999e+2	3.003000000000000e+4		Fe26
7.020000000000000e+2	3.021000000000000e+4		Co26
7.160999999999999e+2	3.040000000000000e+4		
7.305000000000000e+2	3.058000000000000e+4		Co27
7.452000000000000e+2	3.076000000000000e+4		
7.600999999999998e+2	3.095000000000000e+4		Ni27
7.754000000000000e+2	3.113000000000000e+4		
7.909000000000000e+2	3.132000000000000e+4		Ni28
8.068000000000000e+2	3.151000000000000e+4		Cu28
8.230000000000000e+2	3.170000000000000e+4		
8.395000000000000e+2	3.189000000000000e+4		
8.564000000000000e+2	3.208000000000000e+4		Cu29
8.735999999999998e+2	3.227000000000000e+4		Zn29
8.910999999999998e+2	3.246000000000000e+4		
9.224000000000000e+2	3.282000000000000e+4		Zn30
9.692000000000000e+2	3.331000000000000e+4		
1.018000000000000e+3	3.381000000000000e+4		
1.070000000000000e+3	3.432000000000000e+4		
1.124000000000000e+3	3.483000000000000e+4		
1.181000000000000e+3	3.535000000000000e+4		
1.241000000000000e+3	3.588000000000000e+4		
1.304000000000000e+3	3.642000000000000e+4		
1.370000000000000e+3	3.697000000000000e+4		
1.440000000000000e+3	3.752000000000000e+4		
1.513000000000000e+3	3.808000000000000e+4		
1.590000000000000e+3	3.865000000000000e+4		
1.670000000000000e+3	3.923000000000000e+4		
1.755000000000000e+3	3.982000000000000e+4		
1.844000000000000e+3	4.042000000000000e+4		
1.937000000000000e+3	4.102000000000000e+4		
2.036000000000000e+3	4.164000000000000e+4		
2.139000000000000e+3	4.226000000000000e+4		
2.247000000000000e+3	4.289000000000000e+4		
2.361000000000000e+3	4.354000000000000e+4		
2.481000000000000e+3	4.419000000000000e+4		
2.607000000000000e+3	4.485000000000000e+4		
2.739000000000000e+3	4.552000000000000e+4		
2.878000000000000e+3	4.620000000000000e+4		
3.024000000000000e+3	4.689000000000000e+4		
3.178000000000000e+3	4.760000000000000e+4		
3.339000000000000e+3	4.831000000000000e+4		
3.508000000000000e+3	4.903000000000000e+4		
3.686000000000000e+3	4.977000000000000e+4		
3.873000000000000e+3	5.051000000000000e+4		
4.069000000000000e+3	5.127000000000000e+4		
4.276000000000000e+3	5.203000000000000e+4		
4.493000000000000e+3	5.281000000000000e+4		
4.721000000000000e+3	5.360000000000000e+4		
4.960000000000000e+3	5.440000000000000e+4		
5.212000000000000e+3	5.522000000000000e+4		
5.476000000000000e+3	5.605000000000000e+4		
5.754000000000000e+3	5.688000000000000e+4		
6.045000000000000e+3	5.773000000000000e+4		
6.352000000000000e+3	5.860000000000000e+4		
6.674000000000000e+3	5.948000000000000e+4		
7.013000000000000e+3	6.037000000000000e+4		
7.367000000000000e+3	6.066000000000000e+4		
7.740000000000000e+3	5.813000000000000e+4		
8.133000000000000e+3	5.532000000000000e+4		
8.545000000000000e+3	5.265000000000000e+4		
8.979000000000000e+3	5.011000000000000e+4		
9.434000000000000e+3	4.769000000000000e+4		
9.913000000000000e+3	4.539000000000000e+4		
1.042000000000000e+4	4.320000000000000e+4		
1.094000000000000e+4	4.111000000000000e+4		
1.150000000000000e+4	3.913000000000000e+4		
1.208000000000000e+4	3.724000000000000e+4		
1.269000000000000e+4	3.544000000000000e+4		
1.334000000000000e+4	3.373000000000000e+4		
1.402000000000000e+4	3.210000000000000e+4		
1.473000000000000e+4	3.055000000000000e+4		
1.547000000000000e+4	2.908000000000000e+4		
1.626000000000000e+4	2.768000000000000e+4		
1.708000000000000e+4	2.634000000000000e+4		
1.795000000000000e+4	2.507000000000000e+4		
1.886000000000000e+4	2.386000000000000e+4		
1.982000000000000e+4	2.271000000000000e+4		
2.082000000000000e+4	2.161000000000000e+4		
2.188000000000000e+4	2.057000000000000e+4		
2.299000000000000e+4	1.957000000000000e+4		
2.415000000000000e+4	1.863000000000000e+4		
2.538000000000000e+4	1.773000000000000e+4		
2.666000000000000e+4	1.687000000000000e+4		
2.802000000000000e+4	1.606000000000000e+4		
2.944000000000000e+4	1.528000000000000e+4		
3.093000000000000e+4	1.455000000000000e+4		
3.250000000000000e+4	1.384000000000000e+4		
3.415000000000000e+4	1.318000000000000e+4		
3.588000000000000e+4	1.254000000000000e+4		
3.770000000000000e+4	1.194000000000000e+4		
3.961000000000000e+4	1.136000000000000e+4		
4.162000000000000e+4	1.081000000000000e+4		
4.373000000000000e+4	1.029000000000000e+4		
4.595000000000000e+4	9.792000000000000e+3		
4.828000000000000e+4	9.319000000000000e+3		
5.073000000000000e+4	8.870000000000000e+3		
5.330000000000000e+4	8.441000000000000e+3		
5.601000000000000e+4	8.034000000000000e+3		
5.885000000000000e+4	7.646000000000000e+3		
6.183000000000000e+4	7.277000000000000e+3		
6.497000000000000e+4	6.926000000000000e+3		
6.826000000000000e+4	6.591000000000000e+3		
7.343000000000000e+4	6.131000000000000e+3		
8.108000000000000e+4	5.553000000000000e+3		
8.952000000000000e+4	5.029000000000000e+3		
9.884000000000000e+4	4.555000000000000e+3		
1.091000000000000e+5	4.126000000000000e+3		
1.205000000000000e+5	3.737000000000000e+3		
1.330000000000000e+5	3.384000000000000e+3		
1.469000000000000e+5	3.065000000000000e+3		
1.622000000000000e+5	2.776000000000000e+3		
1.790000000000000e+5	2.515000000000000e+3		
1.977000000000000e+5	2.277000000000000e+3		
2.183000000000000e+5	2.063000000000000e+3		
2.410000000000000e+5	1.868000000000000e+3		
2.661000000000000e+5	1.692000000000000e+3		
2.938000000000000e+5	1.533000000000000e+3		
3.244000000000000e+5	1.388000000000000e+3		
3.581000000000000e+5	1.257000000000000e+3		
3.954000000000000e+5	1.139000000000000e+3		
4.366000000000000e+5	1.031000000000000e+3		
4.820000000000000e+5	9.340000000000000e+2		
5.322000000000000e+5	8.460000000000000e+2		
5.876000000000000e+5	7.662000000000000e+2		
6.488000000000000e+5	6.940000000000000e+2		
7.163000000000000e+5	6.285000000000000e+2		
7.909000000000000e+5	5.692999999999999e+2		
8.732000000000000e+5	5.155999999999999e+2		
9.641000000000000e+5	4.670000000000000e+2		
1.064000000000000e+6	4.230000000000000e+2		
1.175000000000000e+6	3.831000000000000e+2		
1.298000000000000e+6	3.470000000000000e+2		
1.433000000000000e+6	3.142000000000000e+2		
1.582000000000000e+6	2.846000000000000e+2		
1.747000000000000e+6	2.578000000000000e+2		
1.928000000000000e+6	2.335000000000000e+2		
2.129000000000000e+6	2.115000000000000e+2		
2.351000000000000e+6	1.915000000000000e+2		
2.595000000000000e+6	1.735000000000000e+2		
2.866000000000000e+6	1.571000000000000e+2		
3.164000000000000e+6	1.423000000000000e+2		
3.493000000000000e+6	1.289000000000000e+2		
3.857000000000000e+6	1.167000000000000e+2		
4.259000000000000e+6	1.057000000000000e+2		
4.702000000000000e+6	9.575000000000000e+1		
5.191000000000000e+6	8.672999999999998e+1		
5.732000000000000e+6	7.855000000000000e+1		
6.328000000000000e+6	7.113999999999998e+1		
6.987000000000000e+6	6.442999999999999e+1		
