SEQ='O '     NUCCHG=16                                                  /IC/

   PARENT LEVEL INDEXING                BWNP=  77345756.9  NPRNT=  15
   ---------------------
   INDP         CODE                 S L   WI        WNP
   ----         ----                 - -   --  ----------
     1          1S2 2S2 2P3         (4)0( 1.5)        0.0 
     2          1S2 2S2 2P3         (2)2( 1.5)    83687.8 
     3          1S2 2S2 2P3         (2)2( 2.5)    86027.5 
     4          1S2 2S2 2P3         (2)1( 0.5)   124451.6 
     5          1S2 2S2 2P3         (2)1( 1.5)   127142.9 
     6          1S2 2S1 2P4         (4)1( 2.5)   376220.5 
     7          1S2 2S1 2P4         (4)1( 1.5)   383803.7 
     8          1S2 2S1 2P4         (4)1( 0.5)   387861.0 
     9          1S2 2S1 2P4         (2)2( 1.5)   527483.9 
    10          1S2 2S1 2P4         (2)2( 2.5)   527968.8 
    11          1S2 2S1 2P4         (2)0( 0.5)   612176.7 
    12          1S2 2S1 2P4         (2)1( 1.5)   647452.6 
    13          1S2 2S1 2P4         (2)1( 0.5)   657276.6 
    14          1S2 2P5             (2)1( 1.5)  1010349.9 
    15          1S2 2P5             (2)1( 0.5)  1023412.7 

   IC RESOLVED LEVEL INDEXING           BWNR=  80396521.7 NLVL=    16
   --------------------------
   INDX  IRSL   CODE                 S L   WJ        WNR
   ----  ----   ----                 - -   --  ----------
     1     7    1S2 2S2 2P4         (3)1( 2.0)        0.0 
     2     8    1S2 2S2 2P4         (3)1( 1.0)     9039.3 
     3     9    1S2 2S2 2P4         (3)1( 0.0)    11940.9 
     4    10    1S2 2S2 2P4         (1)2( 2.0)    60459.2 
     5    11    1S2 2S2 2P4         (1)0( 0.0)   118716.5 
     6     1    1S2 2S1 2P5         (3)1( 2.0)   451839.1 
     7     2    1S2 2S1 2P5         (3)1( 1.0)   460076.1 
     8     3    1S2 2S1 2P5         (3)1( 0.0)   464504.8 
     9     4    1S2 2S1 2P5         (1)1( 1.0)   632678.6 
    10    12    1S2 2P6             (1)0( 0.0)  1074807.1 
    11    13    1S1 2S2 2P5         (3)1( 2.0) 18820476.5*
    12    14    1S1 2S2 2P5         (3)1( 1.0) 18829593.4*
    13    15    1S1 2S2 2P5         (3)1( 0.0) 18835171.7*
    14    16    1S1 2S2 2P5         (1)1( 1.0) 18900857.4*
    15     5    1S1 2S1 2P6         (3)0( 1.0) 19278680.9*
    16     6    1S1 2S1 2P6         (1)0( 0.0) 19394012.7*

C--------------------------------------------------------------------------------------------------------------
C
C                                                                            
C
C--------------------------------------------------------------------------------------------------------------
S  9     /IC/

  IRSL  IRSL  N   L      DEL(RYD)       B(SEC)      R(SEC)      A(SEC):       1           2           3           4           5           6
                                                                              7           8           9          10          11          12
                                                                             13          14          15
     1     5  2  -1    1.715627E+02   2.364E+13   7.086E+13   5.594E+14   1.636E+09   2.070E+10   0.000E+00   2.067E+11   4.049E+11   4.944E+11
                                                                          6.458E+10   8.000E+10   1.931E+14   2.900E+14   3.847E+13   4.431E+11
                                                                          1.080E+12   2.334E+13   1.167E+13
     2     5  2  -1    1.714876E+02   2.358E+13
     3     5  2  -1    1.714473E+02   2.359E+13
     4     5  2  -1    1.699147E+02   2.751E+10
     2     6  2  -1    1.725386E+02   2.880E+10   7.017E+13   8.194E+14   1.611E+10   2.015E+11   0.000E+00   2.008E+12   3.917E+12   4.873E+11
                                                                          6.365E+10   7.785E+10   1.903E+14   2.858E+14   3.743E+13   4.367E+11
                                                                          1.051E+12   1.983E+14   9.932E+13
     4     6  2  -1    1.709657E+02   2.336E+13
     7    13  2  -1    1.715047E+02   3.507E+13   4.720E+13   5.934E+14   4.516E+11   9.672E+13   1.691E+14   3.963E+13   5.285E+13   2.056E+13
                                                                          8.114E+12   1.582E+12   9.603E+12   6.710E+13   1.880E+13   4.999E+13
                                                                          6.489E+12   5.154E+13   8.580E+11
     8    13  2  -1    1.714223E+02   1.965E+13
    10    13  2  -1    1.709537E+02   3.455E+11
     7    14  2  -1    1.715877E+02   1.205E+13   4.769E+13   5.928E+14   3.571E+11   9.463E+13   1.276E+14   3.854E+13   9.738E+13   9.553E+12
                                                                          7.917E+12   1.062E+13   5.008E+13   2.382E+13   1.277E+13   3.742E+13
                                                                          2.963E+13   2.309E+13   2.947E+13
     8    14  2  -1    1.715054E+02   1.169E+13
     9    14  2  -1    1.714789E+02   4.718E+13
    10    14  2  -1    1.710368E+02   1.070E+11
    11    14  2  -1    1.705059E+02   1.007E+10
    12    14  2  -1    1.617934E+02   7.755E+09
     8    15  2  -1    1.715562E+02   1.576E+13   4.727E+13   5.932E+14   2.865E+11   9.310E+13   9.653E+13   3.777E+13   1.306E+14   1.844E+06
                                                                          2.331E+13   3.934E+12   7.319E+13   1.102E+09   8.320E+12   2.405E+13
                                                                          4.942E+13   1.817E+12   5.087E+13
     7    16  2  -1    1.722372E+02   1.204E+11   9.409E+13   5.449E+14   3.760E+11   9.465E+13   1.373E+14   3.836E+13   8.515E+13   9.549E+10
                                                                          2.908E+10   9.769E+10   4.137E+11   1.262E+11   6.118E+11   8.653E+13
                                                                          4.919E+13   2.991E+13   2.208E+13
     8    16  2  -1    1.721548E+02   1.139E+11
     9    16  2  -1    1.721283E+02   7.206E+09
    10    16  2  -1    1.716862E+02   4.691E+13
    11    16  2  -1    1.711553E+02   4.571E+13
    12    16  2  -1    1.624428E+02   1.042E+12

   NRSLMX=   6    NVMAX=   2    LVMAX=   0

C--------------------------------------------------------------------------------------------------------------
C
C                                                                            
C
C--------------------------------------------------------------------------------------------------------------
