SEQ='BE'     NUCCHG=26                                                  /IC/

   PARENT LEVEL INDEXING                BWNP= 162592543.8  NPRNT=   3
   ---------------------
   INDP         CODE                 S L   WI        WNP
   ----         ----                 - -   --  ----------
     1          1S2 2S1             (2)0( 0.5)        0.0 
     2          1S2 2P1             (2)1( 0.5)   388001.8 
     3          1S2 2P1             (2)1( 1.5)   523817.4 

   IC RESOLVED LEVEL INDEXING           BWNR= 178322806.7 NLVL=    40
   --------------------------
   INDX  IRSL   CODE                 S L   WJ        WNR
   ----  ----   ----                 - -   --  ----------
     1    21    1S2 2S2             (1)0( 0.0)        0.0 
     2     1    1S2 2S1 2P1         (3)1( 0.0)   343262.2 
     3     2    1S2 2S1 2P1         (3)1( 1.0)   376685.9 
     4     3    1S2 2S1 2P1         (3)1( 2.0)   474184.4 
     5     4    1S2 2S1 2P1         (1)1( 1.0)   759716.2 
     6    22    1S2 2P2             (3)1( 0.0)   946277.6 
     7    23    1S2 2P2             (3)1( 1.0)  1021760.9 
     8    24    1S2 2P2             (3)1( 2.0)  1071992.4 
     9    25    1S2 2P2             (1)2( 2.0)  1211850.3 
    10    26    1S2 2P2             (1)0( 0.0)  1428398.3 
    11    27    1S1 2S2 2P1         (3)1( 0.0) 53241405.1*
    12    28    1S1 2S2 2P1         (3)1( 1.0) 53268695.7*
    13    29    1S1 2S2 2P1         (3)1( 2.0) 53375945.8*
    14     5    1S1 2S1 2P2         (5)1( 1.0) 53384052.2*
    15     6    1S1 2S1 2P2         (5)1( 2.0) 53445314.6*
    16     7    1S1 2S1 2P2         (5)1( 3.0) 53507370.5*
    17    30    1S1 2S2 2P1         (1)1( 1.0) 53514876.3*
    18     8    1S1 2S1 2P2         (3)1( 0.0) 53748949.1*
    19     9    1S1 2S1 2P2         (3)1( 1.0) 53781672.7*
    20    10    1S1 2S1 2P2         (3)2( 2.0) 53802245.7*
    21    11    1S1 2S1 2P2         (3)2( 1.0) 53835172.9*
    22    12    1S1 2S1 2P2         (3)2( 3.0) 53843769.4*
    23    13    1S1 2S1 2P2         (3)1( 2.0) 53894371.3*
    24    14    1S1 2S1 2P2         (3)0( 1.0) 53966668.6*
    25    15    1S1 2S1 2P2         (3)1( 0.0) 53979867.8*
    26    16    1S1 2S1 2P2         (1)2( 2.0) 54046529.5*
    27    17    1S1 2S1 2P2         (3)1( 1.0) 54084915.5*
    28    31    1S1 2P3             (5)0( 2.0) 54094808.7*
    29    18    1S1 2S1 2P2         (3)1( 2.0) 54141850.5*
    30    19    1S1 2S1 2P2         (1)1( 1.0) 54231158.9*
    31    20    1S1 2S1 2P2         (1)0( 0.0) 54277210.2*
    32    32    1S1 2P3             (3)2( 1.0) 54320236.3*
    33    33    1S1 2P3             (3)2( 2.0) 54335630.6*
    34    34    1S1 2P3             (3)2( 3.0) 54366057.3*
    35    35    1S1 2P3             (3)0( 1.0) 54424055.6*
    36    36    1S1 2P3             (1)2( 2.0) 54492225.1*
    37    37    1S1 2P3             (3)1( 0.0) 54519802.6*
    38    38    1S1 2P3             (3)1( 1.0) 54548463.7*
    39    39    1S1 2P3             (3)1( 2.0) 54617016.2*
    40    40    1S1 2P3             (1)1( 1.0) 54733063.0*

C--------------------------------------------------------------------------------------------------------------
C
C                                                                            
C
C--------------------------------------------------------------------------------------------------------------
FE23     /IC/

  IRSL  IRSL  N   L      DEL(RYD)       B(SEC)      R(SEC)      A(SEC):       1           2           3
     1     5  2  -1    4.833429E+02   1.002E+13   1.117E+13   2.555E+12   1.878E+12   4.775E+11   1.996E+11
     2     5  2  -1    4.830383E+02   7.471E+12
     3     5  2  -1    4.821498E+02   2.144E+11
     3     6  2  -1    4.827081E+02   4.340E+12   4.360E+12   1.048E+12   8.646E+11   1.923E+10   1.637E+11
     3     7  2  -1    4.832736E+02   1.355E+13   9.677E+12   6.961E+12   6.160E+12   9.796E+06   8.008E+11
     2     8  2  -1    4.863635E+02   2.050E+14   6.154E+14   5.065E+13   3.161E+12   4.526E+13   2.225E+12
     4     8  2  -1    4.828730E+02   1.067E+11
     1     9  2  -1    4.869663E+02   1.190E+15   5.692E+14   5.752E+13   4.384E+13   3.389E+12   1.029E+13
     2     9  2  -1    4.866617E+02   5.711E+13
     3     9  2  -1    4.857732E+02   6.921E+13
     4     9  2  -1    4.831712E+02   5.640E+10
     2    10  2  -1    4.868491E+02   5.650E+14   3.699E+14   1.272E+14   1.117E+14   4.209E+12   1.131E+13
     3    10  2  -1    4.859607E+02   2.711E+13
     4    10  2  -1    4.833587E+02   6.386E+12
     1    11  2  -1    4.874538E+02   9.008E+12   3.546E+14   1.334E+14   1.060E+14   2.315E+13   4.241E+12
     2    11  2  -1    4.871492E+02   2.707E+14
     3    11  2  -1    4.862607E+02   4.659E+13
     4    11  2  -1    4.836588E+02   3.268E+12
     3    12  2  -1    4.863391E+02   3.272E+14   2.337E+14   1.639E+14   1.448E+14   2.301E+08   1.909E+13
     2    13  2  -1    4.876887E+02   3.965E+13   5.280E+14   8.534E+13   4.491E+13   2.925E+13   1.119E+13
     3    13  2  -1    4.868002E+02   4.928E+14
     4    13  2  -1    4.841982E+02   1.900E+13
     1    14  2  -1    4.886521E+02   1.092E+13   1.498E+14   1.273E+14   2.921E+13   7.791E+13   2.016E+13
     2    14  2  -1    4.883475E+02   4.098E+13
     3    14  2  -1    4.874590E+02   5.026E+13
     4    14  2  -1    4.848571E+02   2.146E+13
     2    15  2  -1    4.884678E+02   3.463E+13   1.362E+14   1.352E+14   4.092E+12   1.160E+14   1.511E+13
     4    15  2  -1    4.849773E+02   1.078E+13
     2    16  2  -1    4.890752E+02   3.025E+11   2.398E+14   2.234E+14   9.857E+13   5.445E+13   7.042E+13
     3    16  2  -1    4.881868E+02   8.411E+13
     4    16  2  -1    4.855848E+02   2.591E+14
     2    17  2  -1    4.894250E+02   7.222E+11   1.763E+14   1.111E+14   2.863E+13   2.023E+13   6.219E+13
     3    17  2  -1    4.885366E+02   1.026E+14
     4    17  2  -1    4.859346E+02   4.622E+12
     2    18  2  -1    4.899439E+02   6.786E+11   7.843E+13   2.130E+14   4.861E+13   1.186E+11   1.643E+14
     3    18  2  -1    4.890554E+02   2.799E+12
     4    18  2  -1    4.864534E+02   1.254E+14
     1    19  2  -1    4.910623E+02   2.548E+12   6.971E+14   6.349E+13   3.945E+12   8.989E+12   5.056E+13
     3    19  2  -1    4.898692E+02   5.411E+11
     4    19  2  -1    4.872673E+02   6.953E+14
     2    20  2  -1    4.911773E+02   6.456E+10   2.257E+14   2.008E+14   5.517E+13   7.835E+12   1.378E+14
     4    20  2  -1    4.876869E+02   7.517E+13
    23    27  2  -1    4.758600E+02   2.503E+12   7.509E+12   1.769E+14   6.569E+13   1.066E+14   4.605E+12
    21    28  2  -1    4.854197E+02   1.011E+14   4.247E+13   1.725E+14   6.088E+13   9.496E+13   1.663E+13
    22    28  2  -1    4.767966E+02   1.068E+13
    23    28  2  -1    4.761087E+02   1.919E+12
    24    28  2  -1    4.756510E+02   1.966E+12
    23    29  2  -1    4.770861E+02   5.334E+12   9.949E+12   1.798E+14   6.484E+13   3.747E+12   1.112E+14
    24    29  2  -1    4.766283E+02   5.630E+12
    25    29  2  -1    4.753538E+02   1.119E+12
    21    30  2  -1    4.876631E+02   1.349E+15   4.652E+14   1.191E+14   5.091E+12   1.526E+13   9.870E+13
    22    30  2  -1    4.790400E+02   2.287E+11
    23    30  2  -1    4.783521E+02   3.562E+11
    24    30  2  -1    4.778944E+02   2.055E+12
    25    30  2  -1    4.766199E+02   6.574E+12
    26    30  2  -1    4.746465E+02   2.479E+12
    23    31  2  -1    4.836368E+02   1.052E+13   1.267E+13   7.793E+12   3.500E+11   5.975E+12   1.468E+12
    24    31  2  -1    4.831791E+02   6.130E+12
    25    31  2  -1    4.819046E+02   2.234E+11
    21    32  2  -1    4.950020E+02   4.475E+11   3.282E+14   1.930E+14   4.032E+11   1.499E+14   4.261E+13
    22    32  2  -1    4.863789E+02   8.172E+14
    23    32  2  -1    4.856911E+02   1.560E+12
    24    32  2  -1    4.852333E+02   3.139E+13
    25    32  2  -1    4.839589E+02   1.002E+12
    26    32  2  -1    4.819855E+02   3.053E+11
    23    33  2  -1    4.858314E+02   3.772E+14   2.422E+14   2.103E+14   4.849E+11   1.339E+14   7.594E+13
    24    33  2  -1    4.853736E+02   2.914E+11
    25    33  2  -1    4.840991E+02   1.559E+13
    24    34  2  -1    4.856509E+02   2.496E+14   2.420E+14   2.263E+14   0.000E+00   5.016E+13   1.762E+14
    25    34  2  -1    4.843764E+02   8.925E+13
    22    35  2  -1    4.873250E+02   1.402E+14   8.135E+14   4.599E+13   1.562E+11   6.628E+12   3.921E+13
    23    35  2  -1    4.866371E+02   4.687E+14
    24    35  2  -1    4.861794E+02   1.509E+14
    25    35  2  -1    4.849049E+02   2.779E+13
    26    35  2  -1    4.829316E+02   5.003E+11
    23    36  2  -1    4.872583E+02   3.156E+11   5.508E+14   2.023E+14   6.986E+11   7.786E+13   1.238E+14
    24    36  2  -1    4.868006E+02   3.565E+14
    25    36  2  -1    4.855261E+02   1.941E+14
    23    37  2  -1    4.875097E+02   7.909E+13   2.373E+14   1.452E+14   2.143E+12   2.212E+13   1.209E+14
    21    38  2  -1    4.970818E+02   8.891E+10   3.297E+14   1.361E+14   1.755E+12   1.793E+13   1.164E+14
    22    38  2  -1    4.884587E+02   9.234E+12
    23    38  2  -1    4.877708E+02   1.344E+13
    24    38  2  -1    4.873131E+02   1.620E+14
    25    38  2  -1    4.860386E+02   8.045E+12
    26    38  2  -1    4.840653E+02   8.920E+13
    23    39  2  -1    4.883955E+02   1.110E+13   4.015E+14   1.741E+14   1.330E+12   4.520E+12   1.682E+14
    24    39  2  -1    4.879378E+02   4.647E+12
    25    39  2  -1    4.866633E+02   3.902E+14
    21    40  2  -1    4.987640E+02   1.029E+12   7.063E+14   1.364E+14   7.938E+10   1.987E+13   1.165E+14
    22    40  2  -1    4.901409E+02   1.839E+11
    23    40  2  -1    4.894530E+02   2.009E+12
    24    40  2  -1    4.889953E+02   3.152E+12
    25    40  2  -1    4.877208E+02   2.402E+14
    26    40  2  -1    4.857475E+02   8.948E+14

   NRSLMX=   6    NVMAX=   2    LVMAX=   0

C--------------------------------------------------------------------------------------------------------------
C
C                                                                            
C
C--------------------------------------------------------------------------------------------------------------
