SEQ='O '     NUCCHG=11                                                  /IC/

   PARENT LEVEL INDEXING                BWNP=  33813717.3  NPRNT=  15
   ---------------------
   INDP         CODE                 S L   WI        WNP
   ----         ----                 - -   --  ----------
     1          1S2 2S2 2P3         (4)0( 1.5)        0.0 
     2          1S2 2S2 2P3         (2)2( 1.5)    51089.5 
     3          1S2 2S2 2P3         (2)2( 2.5)    51216.4 
     4          1S2 2S2 2P3         (2)1( 0.5)    72590.1 
     5          1S2 2S2 2P3         (2)1( 1.5)    72693.1 
     6          1S2 2S1 2P4         (4)1( 2.5)   217906.2 
     7          1S2 2S1 2P4         (4)1( 1.5)   219159.7 
     8          1S2 2S1 2P4         (4)1( 0.5)   219888.9 
     9          1S2 2S1 2P4         (2)2( 1.5)   309728.0 
    10          1S2 2S1 2P4         (2)2( 2.5)   309749.8 
    11          1S2 2S1 2P4         (2)0( 0.5)   360767.7 
    12          1S2 2S1 2P4         (2)1( 1.5)   388732.5 
    13          1S2 2S1 2P4         (2)1( 0.5)   390264.9 
    14          1S2 2P5             (2)1( 1.5)   597066.6 
    15          1S2 2P5             (2)1( 0.5)   599254.0 

   IC RESOLVED LEVEL INDEXING           BWNR=  34598804.4 NLVL=    16
   --------------------------
   INDX  IRSL   CODE                 S L   WJ        WNR
   ----  ----   ----                 - -   --  ----------
     1     7    1S2 2S2 2P4         (3)1( 2.0)        0.0 
     2     8    1S2 2S2 2P4         (3)1( 1.0)     1444.2 
     3     9    1S2 2S2 2P4         (3)1( 0.0)     2089.7 
     4    10    1S2 2S2 2P4         (1)2( 2.0)    33406.7 
     5    11    1S2 2S2 2P4         (1)0( 0.0)    65266.9 
     6     1    1S2 2S1 2P5         (3)1( 2.0)   257892.2 
     7     2    1S2 2S1 2P5         (3)1( 1.0)   259297.4 
     8     3    1S2 2S1 2P5         (3)1( 0.0)   260013.6 
     9     4    1S2 2S1 2P5         (1)1( 1.0)   369669.6 
    10    12    1S2 2P6             (1)0( 0.0)   622359.3 
    11    13    1S1 2S2 2P5         (3)1( 2.0)  8476831.8*
    12    14    1S1 2S2 2P5         (3)1( 1.0)  8478620.0*
    13    15    1S1 2S2 2P5         (3)1( 0.0)  8479574.0*
    14    16    1S1 2S2 2P5         (1)1( 1.0)  8520581.1*
    15     5    1S1 2S1 2P6         (3)0( 1.0)  8747722.7*
    16     6    1S1 2S1 2P6         (1)0( 0.0)  8819552.1*

C--------------------------------------------------------------------------------------------------------------
C
C                                                                            
C
C--------------------------------------------------------------------------------------------------------------
NA 4     /IC/

  IRSL  IRSL  N   L      DEL(RYD)       B(SEC)      R(SEC)      A(SEC):       1           2           3           4           5           6
                                                                              7           8           9          10          11          12
                                                                             13          14          15
     1     5  2  -1    7.736497E+01   4.157E+12   1.247E+13   4.384E+14   1.060E+08   1.819E+09   0.000E+00   1.678E+11   3.368E+11   2.986E+10
                                                                          3.462E+09   4.586E+09   1.526E+14   2.289E+14   3.147E+13   2.297E+10
                                                                          5.465E+10   1.661E+13   8.302E+12
     2     5  2  -1    7.735216E+01   4.155E+12
     3     5  2  -1    7.734564E+01   4.154E+12
     2     6  2  -1    7.800672E+01   3.499E+08   1.230E+13   6.556E+14   1.285E+09   2.207E+10   0.000E+00   2.024E+12   4.057E+12   2.903E+10
                                                                          3.366E+09   4.352E+09   1.483E+14   2.225E+14   2.983E+13   2.233E+10
                                                                          5.180E+10   1.658E+14   8.295E+13
     4     6  2  -1    7.700094E+01   4.098E+12
     7    13  2  -1    7.724652E+01   6.202E+12   8.275E+12   4.743E+14   2.611E+10   6.329E+13   1.327E+14   3.100E+13   5.570E+13   1.831E+13
                                                                          7.571E+12   1.199E+12   6.473E+12   5.447E+13   1.302E+13   3.880E+13
                                                                          7.038E+12   4.394E+13   8.112E+11
     8    13  2  -1    7.723335E+01   3.447E+12
    10    13  2  -1    7.694209E+01   5.502E+09
     7    14  2  -1    7.726281E+01   2.074E+12   8.286E+12   4.742E+14   2.435E+10   8.703E+13   9.640E+13   3.107E+13   6.806E+13   9.743E+12
                                                                          6.849E+12   1.000E+13   4.205E+13   1.844E+13   1.165E+13   2.494E+13
                                                                          2.317E+13   1.698E+13   2.783E+13
     8    14  2  -1    7.724965E+01   2.067E+12
     9    14  2  -1    7.724377E+01   8.275E+12
    10    14  2  -1    7.695839E+01   2.054E+09
     8    15  2  -1    7.725834E+01   2.760E+12   8.280E+12   4.743E+14   2.334E+10   1.005E+14   7.577E+13   3.112E+13   7.509E+13   8.092E+05
                                                                          2.213E+13   4.248E+12   6.032E+13   6.284E+09   1.088E+13   1.630E+13
                                                                          3.299E+13   1.648E+12   4.318E+13
     7    16  2  -1    7.764519E+01   1.775E+09   1.656E+13   4.332E+14   2.475E+10   7.628E+13   1.113E+14   3.057E+13   6.177E+13   8.699E+09
                                                                          3.035E+09   8.558E+09   6.732E+09   1.663E+11   6.121E+10   7.188E+13
                                                                          3.750E+13   2.784E+13   1.578E+13
     8    16  2  -1    7.763203E+01   1.995E+09
    10    16  2  -1    7.734076E+01   8.299E+12
    11    16  2  -1    7.705043E+01   7.961E+12
    12    16  2  -1    7.197384E+01   2.057E+11

   NRSLMX=   6    NVMAX=   2    LVMAX=   0

C--------------------------------------------------------------------------------------------------------------
C
C                                                                            
C
C--------------------------------------------------------------------------------------------------------------
