SEQ='BE'     NUCCHG=23                                                  /IC/

   PARENT LEVEL INDEXING                BWNP= 126404786.5  NPRNT=   3
   ---------------------
   INDP         CODE                 S L   WI        WNP
   ----         ----                 - -   --  ----------
     1          1S2 2S1             (2)0( 0.5)        0.0 
     2          1S2 2P1             (2)1( 0.5)   339841.8 
     3          1S2 2P1             (2)1( 1.5)   420679.4 

   IC RESOLVED LEVEL INDEXING           BWNR= 138395219.1 NLVL=    40
   --------------------------
   INDX  IRSL   CODE                 S L   WJ        WNR
   ----  ----   ----                 - -   --  ----------
     1    21    1S2 2S2             (1)0( 0.0)        0.0 
     2     1    1S2 2S1 2P1         (3)1( 0.0)   300901.5 
     3     2    1S2 2S1 2P1         (3)1( 1.0)   322439.8 
     4     3    1S2 2S1 2P1         (3)1( 2.0)   378423.6 
     5     4    1S2 2S1 2P1         (1)1( 1.0)   637150.7 
     6    22    1S2 2P2             (3)1( 0.0)   816377.3 
     7    23    1S2 2P2             (3)1( 1.0)   856217.0 
     8    24    1S2 2P2             (3)1( 2.0)   892244.9 
     9    25    1S2 2P2             (1)2( 2.0)   993213.9 
    10    26    1S2 2P2             (1)0( 0.0)  1187678.3 
    11    27    1S1 2S2 2P1         (3)1( 0.0) 41309793.1*
    12    28    1S1 2S2 2P1         (3)1( 1.0) 41328551.8*
    13    29    1S1 2S2 2P1         (3)1( 2.0) 41390043.2*
    14     5    1S1 2S1 2P2         (5)1( 1.0) 41413288.0*
    15     6    1S1 2S1 2P2         (5)1( 2.0) 41447258.9*
    16     7    1S1 2S1 2P2         (5)1( 3.0) 41486239.3*
    17    30    1S1 2S2 2P1         (1)1( 1.0) 41515152.5*
    18     8    1S1 2S1 2P2         (3)1( 0.0) 41734323.7*
    19     9    1S1 2S1 2P2         (3)1( 1.0) 41749043.8*
    20    10    1S1 2S1 2P2         (3)2( 2.0) 41760161.4*
    21    11    1S1 2S1 2P2         (3)2( 3.0) 41780734.6*
    22    12    1S1 2S1 2P2         (3)2( 1.0) 41781816.7*
    23    13    1S1 2S1 2P2         (3)1( 2.0) 41818374.4*
    24    14    1S1 2S1 2P2         (3)0( 1.0) 41909401.6*
    25    15    1S1 2S1 2P2         (3)1( 0.0) 41933491.2*
    26    16    1S1 2S1 2P2         (1)2( 2.0) 41967484.5*
    27    17    1S1 2S1 2P2         (3)1( 1.0) 41986426.5*
    28    31    1S1 2P3             (5)0( 2.0) 41991593.1*
    29    18    1S1 2S1 2P2         (3)1( 2.0) 42027819.1*
    30    19    1S1 2S1 2P2         (1)1( 1.0) 42115823.2*
    31    20    1S1 2S1 2P2         (1)0( 0.0) 42148816.2*
    32    32    1S1 2P3             (3)2( 1.0) 42199896.0*
    33    33    1S1 2P3             (3)2( 2.0) 42204504.7*
    34    34    1S1 2P3             (3)2( 3.0) 42218444.6*
    35    35    1S1 2P3             (3)0( 1.0) 42273644.1*
    36    36    1S1 2P3             (1)2( 2.0) 42334381.0*
    37    37    1S1 2P3             (3)1( 0.0) 42356269.8*
    38    38    1S1 2P3             (3)1( 1.0) 42372200.3*
    39    39    1S1 2P3             (3)1( 2.0) 42410297.7*
    40    40    1S1 2P3             (1)1( 1.0) 42520571.5*

C--------------------------------------------------------------------------------------------------------------
C
C                                                                            
C
C--------------------------------------------------------------------------------------------------------------
V 20     /IC/

  IRSL  IRSL  N   L      DEL(RYD)       B(SEC)      R(SEC)      A(SEC):       1           2           3
     1     5  2  -1    3.746433E+02   2.643E+12   3.163E+12   1.259E+12   9.368E+11   2.094E+11   1.127E+11
     2     5  2  -1    3.744471E+02   2.144E+12
     3     5  2  -1    3.739369E+02   8.315E+10
     3     6  2  -1    3.742465E+02   1.400E+12   1.405E+12   5.431E+11   4.509E+11   1.025E+10   8.191E+10
     3     7  2  -1    3.746017E+02   3.662E+12   2.616E+12   3.115E+12   2.758E+12   5.661E+06   3.571E+11
     2     8  2  -1    3.773726E+02   1.297E+14   3.894E+14   3.650E+13   1.547E+12   3.207E+13   2.883E+12
     4     8  2  -1    3.745047E+02   5.369E+10
     1     9  2  -1    3.777030E+02   7.038E+14   3.286E+14   6.434E+13   4.896E+13   4.763E+12   1.062E+13
     2     9  2  -1    3.775067E+02   2.436E+13
     3     9  2  -1    3.769965E+02   4.174E+13
     4     9  2  -1    3.746388E+02   4.862E+10
     2    10  2  -1    3.776080E+02   3.324E+14   2.127E+14   1.289E+14   1.130E+14   4.210E+12   1.165E+13
     3    10  2  -1    3.770979E+02   1.214E+13
     4    10  2  -1    3.747402E+02   1.833E+12
     3    11  2  -1    3.772853E+02   1.985E+14   1.418E+14   1.640E+14   1.450E+14   2.973E+08   1.909E+13
     1    12  2  -1    3.780016E+02   7.967E+11   2.247E+14   1.234E+14   9.858E+13   2.120E+13   3.621E+12
     2    12  2  -1    3.778054E+02   1.635E+14
     3    12  2  -1    3.772952E+02   3.603E+13
     4    12  2  -1    3.749375E+02   8.591E+11
     2    13  2  -1    3.781385E+02   2.701E+13   3.396E+14   6.476E+13   3.659E+13   1.951E+13   8.658E+12
     3    13  2  -1    3.776283E+02   3.212E+14
     4    13  2  -1    3.752706E+02   3.691E+12
     1    14  2  -1    3.791643E+02   1.625E+13   1.076E+14   1.100E+14   3.994E+13   5.948E+13   1.055E+13
     2    14  2  -1    3.789680E+02   3.062E+13
     3    14  2  -1    3.784578E+02   3.879E+13
     4    14  2  -1    3.761001E+02   6.952E+12
     2    15  2  -1    3.791875E+02   1.369E+13   5.351E+13   1.457E+14   3.264E+12   1.225E+14   1.992E+13
     4    15  2  -1    3.763197E+02   4.151E+12
     2    16  2  -1    3.794973E+02   2.920E+11   1.253E+14   2.395E+14   1.037E+14   6.301E+13   7.277E+13
     3    16  2  -1    3.789871E+02   2.436E+13
     4    16  2  -1    3.766294E+02   1.680E+14
     1    17  2  -1    3.798662E+02   2.814E+11   7.486E+13   1.265E+14   1.839E+13   3.542E+13   7.274E+13
     2    17  2  -1    3.796699E+02   1.191E+11
     3    17  2  -1    3.791597E+02   4.305E+13
     4    17  2  -1    3.768020E+02   2.891E+12
     2    18  2  -1    3.800471E+02   9.270E+11   4.463E+13   2.052E+14   4.359E+13   3.277E+11   1.613E+14
     3    18  2  -1    3.795369E+02   3.320E+12
     4    18  2  -1    3.771792E+02   6.792E+13
     1    19  2  -1    3.810453E+02   1.149E+12   4.225E+14   6.040E+13   1.992E+12   1.093E+13   4.748E+13
     3    19  2  -1    3.803389E+02   1.300E+11
     4    19  2  -1    3.779812E+02   4.219E+14
     2    20  2  -1    3.811497E+02   2.312E+10   1.369E+14   1.995E+14   5.599E+13   1.259E+13   1.309E+14
     4    20  2  -1    3.782818E+02   4.560E+13
    23    27  2  -1    3.686398E+02   1.719E+12   5.156E+12   1.774E+14   6.441E+13   1.079E+14   5.164E+12
    21    28  2  -1    3.766132E+02   3.599E+13   1.768E+13   1.749E+14   6.153E+13   9.163E+13   2.179E+13
    22    28  2  -1    3.691738E+02   6.598E+12
    23    28  2  -1    3.688108E+02   1.334E+12
    24    28  2  -1    3.684825E+02   1.291E+12
    23    29  2  -1    3.693711E+02   3.136E+12   6.239E+12   1.795E+14   6.378E+13   3.648E+12   1.121E+14
    24    29  2  -1    3.690428E+02   3.928E+12
    25    29  2  -1    3.681227E+02   4.293E+11
    21    30  2  -1    3.783136E+02   8.232E+14   2.845E+14   1.179E+14   3.131E+12   1.975E+13   9.498E+13
    22    30  2  -1    3.708742E+02   9.442E+10
    23    30  2  -1    3.705112E+02   1.318E+11
    24    30  2  -1    3.701829E+02   7.505E+11
    25    30  2  -1    3.692628E+02   4.943E+12
    26    30  2  -1    3.674907E+02   1.486E+12
    23    31  2  -1    3.748528E+02   2.332E+12   3.212E+12   3.242E+12   1.775E+11   2.238E+12   8.266E+11
    24    31  2  -1    3.745245E+02   1.764E+12
    25    31  2  -1    3.736044E+02   4.860E+10
    21    32  2  -1    3.845535E+02   1.543E+11   1.662E+14   2.060E+14   2.376E+11   1.446E+14   6.112E+13
    22    32  2  -1    3.771141E+02   4.121E+14
    23    32  2  -1    3.767510E+02   1.140E+13
    24    32  2  -1    3.764227E+02   9.558E+12
    25    32  2  -1    3.755026E+02   8.289E+11
    26    32  2  -1    3.737305E+02   1.653E+11
    23    33  2  -1    3.767930E+02   2.223E+14   1.437E+14   2.132E+14   3.280E+11   1.223E+14   9.049E+13
    24    33  2  -1    3.764647E+02   4.329E+12
    25    33  2  -1    3.755446E+02   5.931E+12
    24    34  2  -1    3.765918E+02   1.700E+14   1.435E+14   2.215E+14   0.000E+00   4.912E+13   1.724E+14
    25    34  2  -1    3.756717E+02   3.096E+13
    21    35  2  -1    3.852255E+02   4.436E+10   5.211E+14   2.474E+13   1.843E+11   1.206E+12   2.335E+13
    22    35  2  -1    3.777861E+02   1.438E+14
    23    35  2  -1    3.774231E+02   2.657E+14
    24    35  2  -1    3.770948E+02   1.152E+14
    25    35  2  -1    3.761747E+02   9.277E+12
    26    35  2  -1    3.744026E+02   4.197E+11
    23    36  2  -1    3.779766E+02   1.388E+12   3.192E+14   1.927E+14   9.751E+11   8.667E+13   1.050E+14
    24    36  2  -1    3.776482E+02   1.697E+14
    25    36  2  -1    3.767281E+02   1.486E+14
    23    37  2  -1    3.781760E+02   4.665E+13   1.399E+14   1.401E+14   2.449E+12   2.010E+13   1.176E+14
    22    38  2  -1    3.786842E+02   1.599E+13   1.783E+14   1.323E+14   2.170E+12   1.681E+13   1.134E+14
    23    38  2  -1    3.783212E+02   9.798E+12
    24    38  2  -1    3.779929E+02   8.952E+13
    25    38  2  -1    3.770728E+02   3.690E+12
    26    38  2  -1    3.753007E+02   2.338E+13
    23    39  2  -1    3.786684E+02   1.060E+13   2.492E+14   1.717E+14   1.496E+12   6.300E+12   1.639E+14
    24    39  2  -1    3.783400E+02   9.790E+12
    25    39  2  -1    3.774199E+02   2.331E+14
    21    40  2  -1    3.874757E+02   8.599E+11   4.243E+14   1.341E+14   4.515E+10   2.601E+13   1.081E+14
    22    40  2  -1    3.800363E+02   9.695E+10
    23    40  2  -1    3.796732E+02   8.630E+11
    24    40  2  -1    3.793449E+02   1.598E+12
    25    40  2  -1    3.784248E+02   1.400E+14
    26    40  2  -1    3.766527E+02   5.613E+14

   NRSLMX=   6    NVMAX=   2    LVMAX=   0

C--------------------------------------------------------------------------------------------------------------
C
C                                                                            
C
C--------------------------------------------------------------------------------------------------------------
