SEQ='O '     NUCCHG=15                                                  /IC/

   PARENT LEVEL INDEXING                BWNP=  67193474.1  NPRNT=  15
   ---------------------
   INDP         CODE                 S L   WI        WNP
   ----         ----                 - -   --  ----------
     1          1S2 2S2 2P3         (4)0( 1.5)        0.0 
     2          1S2 2S2 2P3         (2)2( 1.5)    77436.5 
     3          1S2 2S2 2P3         (2)2( 2.5)    78885.0 
     4          1S2 2S2 2P3         (2)1( 0.5)   113814.7 
     5          1S2 2S2 2P3         (2)1( 1.5)   115428.8 
     6          1S2 2S1 2P4         (4)1( 2.5)   343848.2 
     7          1S2 2S1 2P4         (4)1( 1.5)   349444.2 
     8          1S2 2S1 2P4         (4)1( 0.5)   352507.9 
     9          1S2 2S1 2P4         (2)2( 1.5)   482789.0 
    10          1S2 2S1 2P4         (2)2( 2.5)   483077.2 
    11          1S2 2S1 2P4         (2)0( 0.5)   560816.4 
    12          1S2 2S1 2P4         (2)1( 1.5)   594779.1 
    13          1S2 2S1 2P4         (2)1( 0.5)   601924.3 
    14          1S2 2P5             (2)1( 1.5)   925907.9 
    15          1S2 2P5             (2)1( 0.5)   935583.1 

   IC RESOLVED LEVEL INDEXING           BWNR=  69680587.2 NLVL=    16
   --------------------------
   INDX  IRSL   CODE                 S L   WJ        WNR
   ----  ----   ----                 - -   --  ----------
     1     7    1S2 2S2 2P4         (3)1( 2.0)        0.0 
     2     8    1S2 2S2 2P4         (3)1( 1.0)     6604.7 
     3     9    1S2 2S2 2P4         (3)1( 0.0)     8944.4 
     4    10    1S2 2S2 2P4         (1)2( 2.0)    54337.7 
     5    11    1S2 2S2 2P4         (1)0( 0.0)   107005.0 
     6     1    1S2 2S1 2P5         (3)1( 2.0)   411704.6 
     7     2    1S2 2S1 2P5         (3)1( 1.0)   417826.6 
     8     3    1S2 2S1 2P5         (3)1( 0.0)   421070.0 
     9     4    1S2 2S1 2P5         (1)1( 1.0)   578271.6 
    10    12    1S2 2P6             (1)0( 0.0)   981322.5 
    11    13    1S1 2S2 2P5         (3)1( 2.0) 16415828.0*
    12    14    1S1 2S2 2P5         (3)1( 1.0) 16422757.7*
    13    15    1S1 2S2 2P5         (3)1( 0.0) 16426847.2*
    14    16    1S1 2S2 2P5         (1)1( 1.0) 16487967.0*
    15     5    1S1 2S1 2P6         (3)0( 1.0) 16834626.5*
    16     6    1S1 2S1 2P6         (1)0( 0.0) 16940886.4*

C--------------------------------------------------------------------------------------------------------------
C
C                                                                            
C
C--------------------------------------------------------------------------------------------------------------
P  8     /IC/

  IRSL  IRSL  N   L      DEL(RYD)       B(SEC)      R(SEC)      A(SEC):       1           2           3           4           5           6
                                                                              7           8           9          10          11          12
                                                                             13          14          15
     1     5  2  -1    1.496566E+02   1.757E+13   5.267E+13   5.371E+14   1.029E+09   1.420E+10   0.000E+00   2.004E+11   3.965E+11   3.096E+11
                                                                          3.911E+10   4.914E+10   1.858E+14   2.788E+14   3.737E+13   2.690E+11
                                                                          6.778E+11   2.212E+13   1.106E+13
     2     5  2  -1    1.496008E+02   1.753E+13
     3     5  2  -1    1.495712E+02   1.754E+13
     4     5  2  -1    1.481387E+02   1.291E+10
     2     6  2  -1    1.505691E+02   1.355E+10   5.212E+13   7.890E+14   1.048E+10   1.427E+11   0.000E+00   2.009E+12   3.961E+12   3.044E+11
                                                                          3.847E+10   4.766E+10   1.827E+14   2.741E+14   3.623E+13   2.644E+11
                                                                          6.571E+11   1.923E+14   9.627E+13
     4     6  2  -1    1.491070E+02   1.736E+13
     7    13  2  -1    1.495919E+02   2.614E+13   3.507E+13   5.714E+14   2.750E+11   8.935E+13   1.624E+14   3.803E+13   5.463E+13   2.004E+13
                                                                          8.011E+12   1.477E+12   8.829E+12   6.485E+13   1.750E+13   4.815E+13
                                                                          6.865E+12   5.018E+13   8.512E+11
     8    13  2  -1    1.495317E+02   1.460E+13
    10    13  2  -1    1.490968E+02   1.731E+11
     7    14  2  -1    1.496551E+02   8.897E+12   3.532E+13   5.710E+14   2.262E+11   9.407E+13   1.213E+14   3.713E+13   9.173E+13   9.677E+12
                                                                          7.655E+12   1.052E+13   4.888E+13   2.274E+13   1.261E+13   3.463E+13
                                                                          2.872E+13   2.163E+13   2.953E+13
     8    14  2  -1    1.495949E+02   8.716E+12
     9    14  2  -1    1.495736E+02   3.506E+13
    10    14  2  -1    1.491599E+02   5.296E+10
     8    15  2  -1    1.496321E+02   1.170E+13   3.511E+13   5.713E+14   1.923E+11   9.737E+13   9.269E+13   3.652E+13   1.175E+14   1.963E+06
                                                                          2.313E+13   4.049E+12   7.105E+13   1.797E+09   9.240E+12   2.232E+13
                                                                          4.590E+13   1.782E+12   4.948E+13
     7    16  2  -1    1.502493E+02   6.104E+10   7.002E+13   5.242E+14   2.379E+11   9.212E+13   1.330E+14   3.694E+13   7.945E+13   6.343E+10
                                                                          1.934E+10   6.369E+10   2.400E+11   1.043E+11   3.719E+11   8.423E+13
                                                                          4.686E+13   2.990E+13   2.059E+13
     8    16  2  -1    1.501891E+02   5.669E+10
    10    16  2  -1    1.497541E+02   3.497E+13
    11    16  2  -1    1.492742E+02   3.393E+13
    12    16  2  -1    1.413068E+02   7.901E+11

   NRSLMX=   6    NVMAX=   2    LVMAX=   0

C--------------------------------------------------------------------------------------------------------------
C
C                                                                            
C
C--------------------------------------------------------------------------------------------------------------
