SEQ='O '     NUCCHG=18                                                  /IC/

   PARENT LEVEL INDEXING                BWNP=  99829214.9  NPRNT=  15
   ---------------------
   INDP         CODE                 S L   WI        WNP
   ----         ----                 - -   --  ----------
     1          1S2 2S2 2P3         (4)0( 1.5)        0.0 
     2          1S2 2S2 2P3         (2)2( 1.5)    95405.9 
     3          1S2 2S2 2P3         (2)2( 2.5)   100802.8 
     4          1S2 2S2 2P3         (2)1( 0.5)   146335.4 
     5          1S2 2S2 2P3         (2)1( 1.5)   152872.4 
     6          1S2 2S1 2P4         (4)1( 2.5)   442338.8 
     7          1S2 2S1 2P4         (4)1( 1.5)   455476.4 
     8          1S2 2S1 2P4         (4)1( 0.5)   462109.8 
     9          1S2 2S1 2P4         (2)2( 1.5)   619146.4 
    10          1S2 2S1 2P4         (2)2( 2.5)   620380.4 
    11          1S2 2S1 2P4         (2)0( 0.5)   716896.5 
    12          1S2 2S1 2P4         (2)1( 1.5)   754850.4 
    13          1S2 2S1 2P4         (2)1( 0.5)   772387.9 
    14          1S2 2P5             (2)1( 1.5)  1182715.3 
    15          1S2 2P5             (2)1( 0.5)  1205148.5 

   IC RESOLVED LEVEL INDEXING           BWNR= 104174041.0 NLVL=    16
   --------------------------
   INDX  IRSL   CODE                 S L   WJ        WNR
   ----  ----   ----                 - -   --  ----------
     1     7    1S2 2S2 2P4         (3)1( 2.0)        0.0 
     2     8    1S2 2S2 2P4         (3)1( 1.0)    16003.1 
     3     9    1S2 2S2 2P4         (3)1( 0.0)    19866.6 
     4    10    1S2 2S2 2P4         (1)2( 2.0)    74373.2 
     5    11    1S2 2S2 2P4         (1)0( 0.0)   144591.3 
     6     1    1S2 2S1 2P5         (3)1( 2.0)   534574.8 
     7     2    1S2 2S1 2P5         (3)1( 1.0)   548585.4 
     8     3    1S2 2S1 2P5         (3)1( 0.0)   556401.7 
     9     4    1S2 2S1 2P5         (1)1( 1.0)   744932.6 
    10    12    1S2 2P6             (1)0( 0.0)  1267092.1 
    11    13    1S1 2S2 2P5         (3)1( 2.0) 24135282.8*
    12    14    1S1 2S2 2P5         (3)1( 1.0) 24150135.5*
    13    15    1S1 2S2 2P5         (3)1( 0.0) 24160056.6*
    14    16    1S1 2S2 2P5         (1)1( 1.0) 24233800.8*
    15     5    1S1 2S1 2P6         (3)0( 1.0) 24675507.9*
    16     6    1S1 2S1 2P6         (1)0( 0.0) 24809250.4*

C--------------------------------------------------------------------------------------------------------------
C
C                                                                            
C
C--------------------------------------------------------------------------------------------------------------
AR11     /IC/

  IRSL  IRSL  N   L      DEL(RYD)       B(SEC)      R(SEC)      A(SEC):       1           2           3           4           5           6
                                                                              7           8           9          10          11          12
                                                                             13          14          15
     1     5  2  -1    2.199882E+02   4.045E+13   1.212E+14   5.998E+14   3.757E+09   3.767E+10   0.000E+00   2.157E+11   4.113E+11   1.136E+12
                                                                          1.612E+11   1.931E+11   2.061E+14   3.100E+14   3.989E+13   1.087E+12
                                                                          2.329E+12   2.550E+13   1.275E+13
     2     5  2  -1    2.198605E+02   4.027E+13
     3     5  2  -1    2.197893E+02   4.034E+13
     4     5  2  -1    2.180713E+02   1.085E+11
     2     6  2  -1    2.210793E+02   1.131E+11   1.202E+14   8.746E+14   3.504E+10   3.478E+11   0.000E+00   1.991E+12   3.776E+12   1.124E+12
                                                                          1.595E+11   1.890E+11   2.041E+14   3.068E+14   3.903E+13   1.076E+12
                                                                          2.279E+12   2.090E+14   1.047E+14
     4     6  2  -1    2.192900E+02   3.996E+13
     7    13  2  -1    2.199367E+02   5.945E+13   8.080E+13   6.331E+14   1.126E+12   1.112E+14   1.814E+14   4.256E+13   4.822E+13   2.166E+13
                                                                          8.276E+12   1.852E+12   1.144E+13   7.095E+13   2.140E+13   5.284E+13
                                                                          5.458E+12   5.389E+13   8.634E+11
     8    13  2  -1    2.197909E+02   3.362E+13
    10    13  2  -1    2.192590E+02   1.173E+12
     7    14  2  -1    2.200721E+02   2.106E+13   8.249E+13   6.320E+14   8.256E+11   9.573E+13   1.402E+14   4.115E+13   1.062E+14   9.104E+12
                                                                          8.510E+12   1.069E+13   5.160E+13   2.586E+13   1.327E+13   4.345E+13
                                                                          3.042E+13   2.638E+13   2.860E+13
     8    14  2  -1    2.199262E+02   1.981E+13
     9    14  2  -1    2.198910E+02   8.071E+13
    10    14  2  -1    2.193943E+02   3.983E+11
    11    14  2  -1    2.187544E+02   5.477E+10
    12    14  2  -1    2.085255E+02   2.665E+10
     8    15  2  -1    2.200166E+02   2.698E+13   8.094E+13   6.329E+14   5.579E+11   8.206E+13   1.035E+14   3.996E+13   1.578E+14   7.202E+05
                                                                          2.344E+13   3.604E+12   7.647E+13   2.037E+08   6.161E+12   2.784E+13
                                                                          5.633E+13   1.878E+12   5.332E+13
     7    16  2  -1    2.208345E+02   3.842E+11   1.603E+14   5.826E+14   8.477E+11   9.693E+13   1.440E+14   4.087E+13   9.885E+13   1.976E+11
                                                                          6.237E+10   2.133E+11   9.508E+11   2.396E+11   1.375E+12   8.978E+13
                                                                          5.367E+13   2.915E+13   2.546E+13
     8    16  2  -1    2.206886E+02   4.059E+11
     9    16  2  -1    2.206534E+02   4.259E+10
    10    16  2  -1    2.201567E+02   7.950E+13
    11    16  2  -1    2.195169E+02   7.837E+13
    12    16  2  -1    2.092879E+02   1.709E+12

   NRSLMX=   6    NVMAX=   2    LVMAX=   0

C--------------------------------------------------------------------------------------------------------------
C
C                                                                            
C
C--------------------------------------------------------------------------------------------------------------
