SEQ='O '     NUCCHG=29                                                  /IC/

   PARENT LEVEL INDEXING                BWNP= 276111031.6  NPRNT=  15
   ---------------------
   INDP         CODE                 S L   WI        WNP
   ----         ----                 - -   --  ----------
     1          1S2 2S2 2P3         (4)0( 1.5)        0.0 
     2          1S2 2S2 2P3         (2)2( 1.5)   173474.4 
     3          1S2 2S2 2P3         (2)2( 2.5)   239782.9 
     4          1S2 2S2 2P3         (2)1( 0.5)   327783.6 
     5          1S2 2S2 2P3         (2)1( 1.5)   455459.8 
     6          1S2 2S1 2P4         (4)1( 2.5)   885710.8 
     7          1S2 2S1 2P4         (4)1( 1.5)   998905.7 
     8          1S2 2S1 2P4         (4)1( 0.5)  1023568.9 
     9          1S2 2S1 2P4         (2)2( 1.5)  1242722.5 
    10          1S2 2S1 2P4         (2)2( 2.5)  1283006.7 
    11          1S2 2S1 2P4         (2)0( 0.5)  1417474.1 
    12          1S2 2S1 2P4         (2)1( 1.5)  1484850.5 
    13          1S2 2S1 2P4         (2)1( 0.5)  1649681.7 
    14          1S2 2P5             (2)1( 1.5)  2306151.0 
    15          1S2 2P5             (2)1( 0.5)  2492188.5 

   IC RESOLVED LEVEL INDEXING           BWNR= 291558625.1 NLVL=    16
   --------------------------
   INDX  IRSL   CODE                 S L   WJ        WNR
   ----  ----   ----                 - -   --  ----------
     1     7    1S2 2S2 2P4         (3)1( 2.0)        0.0 
     2     8    1S2 2S2 2P4         (3)1( 0.0)    98295.9 
     3     9    1S2 2S2 2P4         (3)1( 1.0)   157525.1 
     4    10    1S2 2S2 2P4         (1)2( 2.0)   246634.6 
     5    11    1S2 2S2 2P4         (1)0( 0.0)   462375.6 
     6     1    1S2 2S1 2P5         (3)1( 2.0)  1099408.8 
     7     2    1S2 2S1 2P5         (3)1( 1.0)  1197401.8 
     8     3    1S2 2S1 2P5         (3)1( 0.0)  1282699.3 
     9     4    1S2 2S1 2P5         (1)1( 1.0)  1530092.2 
    10    12    1S2 2P6             (1)0( 0.0)  2548873.6 
    11    13    1S1 2S2 2P5         (3)1( 2.0) 65604441.1*
    12    14    1S1 2S2 2P5         (3)1( 1.0) 65680743.1*
    13    15    1S1 2S2 2P5         (3)1( 0.0) 65800896.4*
    14    16    1S1 2S2 2P5         (1)1( 1.0) 65892295.9*
    15     5    1S1 2S1 2P6         (3)0( 1.0) 66718354.2*
    16     6    1S1 2S1 2P6         (1)0( 0.0) 66955997.5*

C--------------------------------------------------------------------------------------------------------------
C
C                                                                            
C
C--------------------------------------------------------------------------------------------------------------
CU22     /IC/

  IRSL  IRSL  N   L      DEL(RYD)       B(SEC)      R(SEC)      A(SEC):       1           2           3           4           5           6
                                                                              7           8           9          10          11          12
                                                                             13          14          15
     1     5  2  -1    5.979634E+02   3.391E+14   1.014E+15   7.392E+14   6.641E+10   5.938E+10   0.000E+00   1.937E+11   3.562E+11   2.016E+13
                                                                          7.848E+12   5.822E+12   2.188E+14   3.622E+14   3.225E+13   2.826E+13
                                                                          1.450E+13   3.240E+13   1.620E+13
     2     5  2  -1    5.970704E+02   3.130E+14
     3     5  2  -1    5.962931E+02   3.362E+14
     4     5  2  -1    5.940387E+02   2.418E+13
     2     6  2  -1    5.992360E+02   2.482E+13   1.009E+15   1.070E+15   5.397E+11   4.798E+11   0.000E+00   1.578E+12   2.852E+12   2.044E+13
                                                                          7.955E+12   5.782E+12   2.218E+14   3.672E+14   3.203E+13   2.865E+13
                                                                          1.440E+13   2.436E+14   1.227E+14
     4     6  2  -1    5.962043E+02   3.116E+14
     7    13  2  -1    5.978312E+02   4.354E+14   6.756E+14   7.695E+14   4.185E+13   1.228E+14   2.256E+14   5.318E+13   3.269E+13   3.050E+13
                                                                          9.436E+12   6.863E+12   3.197E+13   7.823E+13   2.689E+13   4.709E+13
                                                                          9.998E+11   6.068E+13   7.039E+11
     9    13  2  -1    5.963957E+02   2.803E+14
    10    13  2  -1    5.955837E+02   7.199E+13
     7    14  2  -1    5.985265E+02   2.375E+14   8.525E+14   7.540E+14   3.487E+13   1.109E+14   2.090E+14   5.180E+13   6.844E+13   3.215E+12
                                                                          1.726E+13   6.737E+12   4.482E+13   3.000E+13   2.502E+13   7.718E+13
                                                                          1.291E+13   5.088E+13   1.093E+13
     8    14  2  -1    5.976308E+02   6.698E+14
     9    14  2  -1    5.970910E+02   1.252E+14
    10    14  2  -1    5.962790E+02   6.360E+13
    11    14  2  -1    5.943130E+02   4.560E+12
    12    14  2  -1    5.752995E+02   2.260E+12
     9    15  2  -1    5.981860E+02   2.263E+14   6.789E+14   7.688E+14   9.252E+11   5.329E+13   1.284E+14   4.644E+13   2.445E+14   6.299E+08
                                                                          1.644E+13   6.541E+11   7.285E+13   1.129E+10   2.555E+07   6.191E+13
                                                                          8.005E+13   2.047E+12   6.129E+13
     7    16  2  -1    6.004543E+02   5.645E+12   1.180E+15   7.246E+14   7.681E+12   6.480E+13   1.443E+14   4.730E+13   2.079E+14   1.474E+12
                                                                          1.168E+12   2.688E+12   6.016E+12   6.696E+12   1.060E+13   8.696E+13
                                                                          7.363E+13   1.214E+13   5.120E+13
     8    16  2  -1    5.995586E+02   3.816E+12
     9    16  2  -1    5.990188E+02   4.404E+13
    10    16  2  -1    5.982068E+02   5.418E+14
    11    16  2  -1    5.962408E+02   6.582E+14
    12    16  2  -1    5.772273E+02   9.336E+12

   NRSLMX=   6    NVMAX=   2    LVMAX=   0

C--------------------------------------------------------------------------------------------------------------
C
C                                                                            
C
C--------------------------------------------------------------------------------------------------------------
