SEQ='BE'     NUCCHG=15                                                  /IC/

   PARENT LEVEL INDEXING                BWNP=  52419915.8  NPRNT=   3
   ---------------------
   INDP         CODE                 S L   WI        WNP
   ----         ----                 - -   --  ----------
     1          1S2 2S1             (2)0( 0.5)        0.0 
     2          1S2 2P1             (2)1( 0.5)   211935.2 
     3          1S2 2P1             (2)1( 1.5)   224690.7 

   IC RESOLVED LEVEL INDEXING           BWNR=  56939637.6 NLVL=    40
   --------------------------
   INDX  IRSL   CODE                 S L   WJ        WNR
   ----  ----   ----                 - -   --  ----------
     1    21    1S2 2S2             (1)0( 0.0)        0.0 
     2     1    1S2 2S1 2P1         (3)1( 0.0)   186867.2 
     3     2    1S2 2S1 2P1         (3)1( 1.0)   190668.0 
     4     3    1S2 2S1 2P1         (3)1( 2.0)   198793.6 
     5     4    1S2 2S1 2P1         (1)1( 1.0)   371840.3 
     6    22    1S2 2P2             (3)1( 0.0)   488291.3 
     7    23    1S2 2P2             (3)1( 1.0)   492878.8 
     8    24    1S2 2P2             (3)1( 2.0)   500255.3 
     9    25    1S2 2P2             (1)2( 2.0)   555862.5 
    10    26    1S2 2P2             (1)0( 0.0)   680048.7 
    11    27    1S1 2S2 2P1         (3)1( 0.0) 16962318.2*
    12    28    1S1 2S2 2P1         (3)1( 1.0) 16966213.6*
    13    29    1S1 2S2 2P1         (3)1( 2.0) 16975248.0*
    14     5    1S1 2S1 2P2         (5)1( 1.0) 17001830.7*
    15     6    1S1 2S1 2P2         (5)1( 2.0) 17006635.7*
    16     7    1S1 2S1 2P2         (5)1( 3.0) 17013360.7*
    17    30    1S1 2S2 2P1         (1)1( 1.0) 17055920.6*
    18     8    1S1 2S1 2P2         (3)1( 0.0) 17196665.9*
    19     9    1S1 2S1 2P2         (3)1( 1.0) 17198262.7*
    20    10    1S1 2S1 2P2         (3)2( 2.0) 17200170.9*
    21    11    1S1 2S1 2P2         (3)2( 3.0) 17202632.5*
    22    12    1S1 2S1 2P2         (3)2( 1.0) 17204198.2*
    23    13    1S1 2S1 2P2         (3)1( 2.0) 17209495.9*
    24    14    1S1 2S1 2P2         (3)0( 1.0) 17293325.5*
    25    31    1S1 2P3             (5)0( 2.0) 17319212.1*
    26    15    1S1 2S1 2P2         (1)2( 2.0) 17329253.0*
    27    16    1S1 2S1 2P2         (3)1( 0.0) 17332405.1*
    28    17    1S1 2S1 2P2         (3)1( 1.0) 17337191.3*
    29    18    1S1 2S1 2P2         (3)1( 2.0) 17344936.2*
    30    19    1S1 2S1 2P2         (1)1( 1.0) 17407401.3*
    31    20    1S1 2S1 2P2         (1)0( 0.0) 17422919.2*
    32    32    1S1 2P3             (3)2( 1.0) 17452264.0*
    33    33    1S1 2P3             (3)2( 2.0) 17452355.7*
    34    34    1S1 2P3             (3)2( 3.0) 17452990.4*
    35    35    1S1 2P3             (3)0( 1.0) 17487878.3*
    36    36    1S1 2P3             (1)2( 2.0) 17534031.4*
    37    37    1S1 2P3             (3)1( 0.0) 17543356.9*
    38    38    1S1 2P3             (3)1( 1.0) 17544396.6*
    39    39    1S1 2P3             (3)1( 2.0) 17548591.1*
    40    40    1S1 2P3             (1)1( 1.0) 17629151.9*

C--------------------------------------------------------------------------------------------------------------
C
C                                                                            
C
C--------------------------------------------------------------------------------------------------------------
P 12     /IC/

  IRSL  IRSL  N   L      DEL(RYD)       B(SEC)      R(SEC)      A(SEC):       1           2           3
     1     5  2  -1    1.532291E+02   2.487E+10   3.466E+10   8.451E+10   6.471E+10   1.059E+10   9.215E+09
     2     5  2  -1    1.531945E+02   2.400E+10
     3     5  2  -1    1.531204E+02   1.424E+09
     3     6  2  -1    1.531642E+02   1.991E+10   1.994E+10   4.016E+10   3.423E+10   8.756E+08   5.058E+09
     3     7  2  -1    1.532255E+02   3.585E+10   2.561E+10   1.738E+11   1.547E+11   7.699E+05   1.911E+10
     2     8  2  -1    1.549699E+02   2.186E+13   6.559E+13   2.144E+13   9.554E+10   1.626E+13   5.085E+12
     4     8  2  -1    1.533190E+02   8.482E+08
     1     9  2  -1    1.550191E+02   1.067E+14   5.197E+13   6.108E+13   4.345E+13   6.600E+12   1.103E+13
     2     9  2  -1    1.549845E+02   2.825E+12
     3     9  2  -1    1.549104E+02   8.140E+12
     2    10  2  -1    1.550019E+02   5.244E+13   3.329E+13   1.166E+14   1.007E+14   2.886E+12   1.306E+13
     3    10  2  -1    1.549278E+02   1.817E+12
     4    10  2  -1    1.533509E+02   1.511E+10
     3    11  2  -1    1.549503E+02   3.193E+13   2.281E+13   1.479E+14   1.313E+14   6.519E+08   1.667E+13
     1    12  2  -1    1.550732E+02   1.104E+11   3.682E+13   1.069E+14   8.800E+13   1.700E+13   1.853E+12
     2    12  2  -1    1.550386E+02   2.435E+13
     3    12  2  -1    1.549645E+02   7.452E+12
     4    12  2  -1    1.533876E+02   8.802E+09
     2    13  2  -1    1.550869E+02   4.047E+12   5.585E+13   5.019E+13   3.079E+13   1.038E+13   9.018E+12
     3    13  2  -1    1.550128E+02   5.341E+13
     4    13  2  -1    1.534359E+02   2.074E+10
     1    14  2  -1    1.558854E+02   6.238E+12   2.289E+13   7.248E+13   5.281E+13   1.343E+13   6.238E+12
     2    14  2  -1    1.558508E+02   6.960E+12
     3    14  2  -1    1.557767E+02   8.276E+12
     4    14  2  -1    1.541998E+02   6.106E+10
     2    15  2  -1    1.561782E+02   5.739E+10   2.112E+13   2.549E+14   1.195E+14   6.095E+13   7.445E+13
     3    15  2  -1    1.561041E+02   4.514E+11
     4    15  2  -1    1.545272E+02   3.439E+13
     2    16  2  -1    1.562069E+02   9.899E+11   3.237E+12   1.456E+14   5.102E+11   1.091E+14   3.598E+13
     4    16  2  -1    1.545559E+02   8.899E+10
     1    17  2  -1    1.562851E+02   1.341E+12   3.233E+12   1.449E+14   9.212E+11   6.850E+13   7.549E+13
     2    17  2  -1    1.562505E+02   2.937E+11
     3    17  2  -1    1.561765E+02   1.409E+12
     4    17  2  -1    1.545995E+02   1.439E+11
     2    18  2  -1    1.563211E+02   6.089E+11   3.877E+12   1.601E+14   1.202E+13   7.059E+12   1.411E+14
     3    18  2  -1    1.562470E+02   1.501E+12
     4    18  2  -1    1.546701E+02   3.351E+12
     1    19  2  -1    1.569249E+02   2.872E+10   6.865E+13   5.004E+13   1.404E+11   1.391E+13   3.598E+13
     4    19  2  -1    1.552393E+02   6.864E+13
     4    20  2  -1    1.553807E+02   7.599E+12   2.280E+13   1.873E+14   5.269E+13   3.067E+13   1.040E+14
    23    27  2  -1    1.500805E+02   3.523E+11   1.057E+12   1.704E+14   5.861E+13   1.057E+14   6.046E+12
    21    28  2  -1    1.546074E+02   6.117E+11   1.282E+12   1.703E+14   5.829E+13   7.803E+13   3.396E+13
    22    28  2  -1    1.501578E+02   1.134E+12
    23    28  2  -1    1.501160E+02   2.706E+11
    24    28  2  -1    1.500487E+02   2.574E+11
    23    29  2  -1    1.501983E+02   4.893E+11   1.109E+12   1.709E+14   5.843E+13   3.325E+12   1.092E+14
    24    29  2  -1    1.501311E+02   8.109E+11
    25    29  2  -1    1.496243E+02   4.989E+09
    21    30  2  -1    1.554249E+02   1.350E+14   4.689E+13   1.121E+14   3.496E+11   3.089E+13   8.089E+13
    23    30  2  -1    1.509334E+02   2.436E+09
    24    30  2  -1    1.508662E+02   8.030E+09
    25    30  2  -1    1.503595E+02   1.085E+12
    26    30  2  -1    1.492278E+02   2.334E+11
    23    31  2  -1    1.533327E+02   1.535E+10   3.047E+10   1.736E+11   1.353E+10   8.902E+10   7.105E+10
    24    31  2  -1    1.532655E+02   2.123E+10
    22    32  2  -1    1.545870E+02   4.265E+13   2.278E+13   1.963E+14   1.757E+10   1.085E+14   8.783E+13
    23    32  2  -1    1.545452E+02   7.952E+12
    24    32  2  -1    1.544780E+02   3.402E+11
    25    32  2  -1    1.539712E+02   2.250E+10
    26    32  2  -1    1.528396E+02   5.696E+09
    23    33  2  -1    1.545460E+02   3.080E+13   2.264E+13   1.964E+14   3.084E+10   8.579E+13   1.105E+14
    24    33  2  -1    1.544788E+02   4.097E+12
    25    33  2  -1    1.539721E+02   6.540E+10
    24    34  2  -1    1.544846E+02   3.136E+13   2.263E+13   1.970E+14   0.000E+00   4.373E+13   1.532E+14
    25    34  2  -1    1.539778E+02   3.240E+11
    22    35  2  -1    1.549115E+02   3.311E+13   9.050E+13   1.323E+12   2.944E+10   1.868E+11   1.107E+12
    23    35  2  -1    1.548697E+02   3.326E+13
    24    35  2  -1    1.548025E+02   2.762E+13
    25    35  2  -1    1.542958E+02   9.528E+10
    26    35  2  -1    1.531641E+02   2.246E+10
    23    36  2  -1    1.552903E+02   1.502E+12   5.694E+13   1.785E+14   7.715E+11   9.586E+13   8.183E+13
    24    36  2  -1    1.552231E+02   7.901E+12
    25    36  2  -1    1.547163E+02   4.814E+13
    23    37  2  -1    1.553753E+02   7.284E+12   2.185E+13   1.207E+14   2.958E+12   1.485E+13   1.029E+14
    22    38  2  -1    1.554265E+02   1.415E+13   2.240E+13   1.199E+14   2.958E+12   2.165E+13   9.528E+13
    23    38  2  -1    1.553847E+02   4.070E+12
    24    38  2  -1    1.553175E+02   8.098E+12
    25    38  2  -1    1.548108E+02   4.205E+10
    26    38  2  -1    1.536791E+02   1.428E+11
    23    39  2  -1    1.554230E+02   5.022E+12   3.307E+13   1.392E+14   2.289E+12   1.167E+13   1.252E+14
    24    39  2  -1    1.553557E+02   1.048E+13
    25    39  2  -1    1.548490E+02   1.957E+13
    21    40  2  -1    1.606485E+02   2.263E+11   6.743E+13   1.176E+14   4.994E+09   3.427E+13   8.330E+13
    23    40  2  -1    1.561571E+02   1.496E+10
    24    40  2  -1    1.560899E+02   1.912E+10
    25    40  2  -1    1.555831E+02   2.189E+13
    26    40  2  -1    1.544515E+02   9.245E+13

   NRSLMX=   6    NVMAX=   2    LVMAX=   0

C--------------------------------------------------------------------------------------------------------------
C
C                                                                            
C
C--------------------------------------------------------------------------------------------------------------
