SEQ='O '     NUCCHG=14                                                  /IC/

   PARENT LEVEL INDEXING                BWNP=  57765432.6  NPRNT=  15
   ---------------------
   INDP         CODE                 S L   WI        WNP
   ----         ----                 - -   --  ----------
     1          1S2 2S2 2P3         (4)0( 1.5)        0.0 
     2          1S2 2S2 2P3         (2)2( 1.5)    70994.1 
     3          1S2 2S2 2P3         (2)2( 2.5)    71850.6 
     4          1S2 2S2 2P3         (2)1( 0.5)   103325.3 
     5          1S2 2S2 2P3         (2)1( 1.5)   104241.6 
     6          1S2 2S1 2P4         (4)1( 2.5)   311859.0 
     7          1S2 2S1 2P4         (4)1( 1.5)   315892.6 
     8          1S2 2S1 2P4         (4)1( 0.5)   318144.5 
     9          1S2 2S1 2P4         (2)2( 1.5)   438724.1 
    10          1S2 2S1 2P4         (2)2( 2.5)   438888.3 
    11          1S2 2S1 2P4         (2)0( 0.5)   510025.8 
    12          1S2 2S1 2P4         (2)1( 1.5)   542635.0 
    13          1S2 2S1 2P4         (2)1( 0.5)   547716.7 
    14          1S2 2P5             (2)1( 1.5)   842437.8 
    15          1S2 2P5             (2)1( 0.5)   849433.7 

   IC RESOLVED LEVEL INDEXING           BWNR=  59744358.6 NLVL=    16
   --------------------------
   INDX  IRSL   CODE                 S L   WJ        WNR
   ----  ----   ----                 - -   --  ----------
     1     7    1S2 2S2 2P4         (3)1( 2.0)        0.0 
     2     8    1S2 2S2 2P4         (3)1( 1.0)     4718.2 
     3     9    1S2 2S2 2P4         (3)1( 0.0)     6526.6 
     4    10    1S2 2S2 2P4         (1)2( 2.0)    48636.7 
     5    11    1S2 2S2 2P4         (1)0( 0.0)    95891.0 
     6     1    1S2 2S1 2P5         (3)1( 2.0)   372275.3 
     7     2    1S2 2S1 2P5         (3)1( 1.0)   376715.0 
     8     3    1S2 2S1 2P5         (3)1( 0.0)   379037.8 
     9     4    1S2 2S1 2P5         (1)1( 1.0)   524824.4 
    10    12    1S2 2P6             (1)0( 0.0)   889383.2 
    11    13    1S1 2S2 2P5         (3)1( 2.0) 14179218.1*
    12    14    1S1 2S2 2P5         (3)1( 1.0) 14184365.6*
    13    15    1S1 2S2 2P5         (3)1( 0.0) 14187309.4*
    14    16    1S1 2S2 2P5         (1)1( 1.0) 14243587.9*
    15     5    1S1 2S1 2P6         (3)0( 1.0) 14559580.4*
    16     6    1S1 2S1 2P6         (1)0( 0.0) 14656895.5*

C--------------------------------------------------------------------------------------------------------------
C
C                                                                            
C
C--------------------------------------------------------------------------------------------------------------
SI 7     /IC/

  IRSL  IRSL  N   L      DEL(RYD)       B(SEC)      R(SEC)      A(SEC):       1           2           3           4           5           6
                                                                              7           8           9          10          11          12
                                                                             13          14          15
     1     5  2  -1    1.292841E+02   1.277E+13   3.829E+13   5.137E+14   6.236E+08   9.226E+09   0.000E+00   1.931E+11   3.846E+11   1.862E+11
                                                                          2.288E+10   2.908E+10   1.780E+14   2.671E+14   3.604E+13   1.569E+11
                                                                          4.001E+11   2.081E+13   1.040E+13
     2     5  2  -1    1.292437E+02   1.275E+13
     3     5  2  -1    1.292225E+02   1.275E+13
     4     5  2  -1    1.278940E+02   5.729E+09
     2     6  2  -1    1.301305E+02   6.035E+09   3.786E+13   7.569E+14   6.593E+09   9.627E+10   0.000E+00   2.008E+12   3.988E+12   1.826E+11
                                                                          2.244E+10   2.809E+10   1.746E+14   2.619E+14   3.480E+13   1.539E+11
                                                                          3.863E+11   1.858E+14   9.300E+13
     4     6  2  -1    1.287808E+02   1.261E+13
     7    13  2  -1    1.292104E+02   1.904E+13   2.549E+13   5.481E+14   1.622E+11   8.220E+13   1.553E+14   3.636E+13   5.583E+13   1.953E+13
                                                                          7.893E+12   1.386E+12   8.133E+12   6.237E+13   1.624E+13   4.604E+13
                                                                          7.109E+12   4.869E+13   8.423E+11
     8    13  2  -1    1.291674E+02   1.061E+13
    10    13  2  -1    1.287672E+02   8.165E+10
     7    14  2  -1    1.292574E+02   6.434E+12   2.561E+13   5.478E+14   1.386E+11   9.318E+13   1.150E+14   3.563E+13   8.570E+13   9.738E+12
                                                                          7.409E+12   1.039E+13   4.739E+13   2.164E+13   1.243E+13   3.198E+13
                                                                          2.753E+13   2.029E+13   2.935E+13
     8    14  2  -1    1.292144E+02   6.347E+12
     9    14  2  -1    1.291979E+02   2.548E+13
    10    14  2  -1    1.288141E+02   2.526E+10
     8    15  2  -1    1.292412E+02   8.504E+12   2.551E+13   5.480E+14   1.232E+11   1.004E+14   8.867E+13   3.518E+13   1.052E+14   1.819E+06
                                                                          2.288E+13   4.129E+12   6.859E+13   2.649E+09   9.971E+12   2.068E+13
                                                                          4.243E+13   1.747E+12   4.797E+13
     7    16  2  -1    1.297970E+02   2.874E+10   5.093E+13   5.023E+14   1.448E+11   8.886E+13   1.282E+14   3.542E+13   7.437E+13   4.077E+10
                                                                          1.264E+10   4.043E+10   1.190E+11   9.769E+10   2.127E+11   8.149E+13
                                                                          4.447E+13   2.965E+13   1.922E+13
     8    16  2  -1    1.297540E+02   2.688E+10
    10    16  2  -1    1.293538E+02   2.547E+13
    11    16  2  -1    1.289232E+02   2.463E+13
    12    16  2  -1    1.216924E+02   5.863E+11

   NRSLMX=   6    NVMAX=   2    LVMAX=   0

C--------------------------------------------------------------------------------------------------------------
C
C                                                                            
C
C--------------------------------------------------------------------------------------------------------------
