SEQ='BE'     NUCCHG=10                                                  /IC/

   PARENT LEVEL INDEXING                BWNP=  22556176.1  NPRNT=   3
   ---------------------
   INDP         CODE                 S L   WI        WNP
   ----         ----                 - -   --  ----------
     1          1S2 2S1             (2)0( 0.5)        0.0 
     2          1S2 2P1             (2)1( 0.5)   132638.4 
     3          1S2 2P1             (2)1( 1.5)   134674.1 

   IC RESOLVED LEVEL INDEXING           BWNR=  24225372.3 NLVL=    36
   --------------------------
   INDX  IRSL   CODE                 S L   WJ        WNR
   ----  ----   ----                 - -   --  ----------
     1    21    1S2 2S2             (1)0( 0.0)        0.0 
     2     1    1S2 2S1 2P1         (3)1( 0.0)   114701.0 
     3     2    1S2 2S1 2P1         (3)1( 1.0)   115303.4 
     4     3    1S2 2S1 2P1         (3)1( 2.0)   116528.1 
     5     4    1S2 2S1 2P1         (1)1( 1.0)   227612.2 
     6    22    1S2 2P2             (3)1( 0.0)   295994.4 
     7    23    1S2 2P2             (3)1( 1.0)   296627.5 
     8    24    1S2 2P2             (3)1( 2.0)   297824.2 
     9    25    1S2 2P2             (1)2( 2.0)   332501.7 
    10    26    1S2 2P2             (1)0( 0.0)   409648.5 
    11    27    1S1 2S2 2P1         (3)1( 0.0)  7188536.0*
    12    28    1S1 2S2 2P1         (3)1( 1.0)  7189235.9*
    13    29    1S1 2S2 2P1         (3)1( 2.0)  7190699.2*
    14    30    1S1 2S2 2P1         (1)1( 1.0)  7238132.2*
    15     8    1S1 2S1 2P2         (3)1( 0.0)  7323811.9*
    16     9    1S1 2S1 2P2         (3)1( 1.0)  7324347.2*
    17    10    1S1 2S1 2P2         (3)1( 2.0)  7325448.9*
    18    11    1S1 2S1 2P2         (3)2( 3.0)  7329443.0*
    19    12    1S1 2S1 2P2         (3)2( 1.0)  7329472.0*
    20    13    1S1 2S1 2P2         (3)2( 2.0)  7329540.3*
    21    14    1S1 2S1 2P2         (3)0( 1.0)  7385925.1*
    22    15    1S1 2S1 2P2         (1)2( 2.0)  7409641.6*
    23    16    1S1 2S1 2P2         (3)1( 0.0)  7419619.5*
    24    17    1S1 2S1 2P2         (3)1( 1.0)  7420254.1*
    25    18    1S1 2S1 2P2         (3)1( 2.0)  7421435.3*
    26    19    1S1 2S1 2P2         (1)1( 1.0)  7455807.0*
    27    20    1S1 2S1 2P2         (1)0( 0.0)  7466245.4*
    28    32    1S1 2P3             (3)2( 1.0)  7482053.6*
    29    33    1S1 2P3             (3)2( 2.0)  7482058.0*
    30    34    1S1 2P3             (3)2( 3.0)  7482086.1*
    31    35    1S1 2P3             (3)0( 1.0)  7497756.7*
    32    36    1S1 2P3             (1)2( 2.0)  7530109.7*
    33    37    1S1 2P3             (3)1( 0.0)  7540020.5*
    34    38    1S1 2P3             (3)1( 1.0)  7540098.0*
    35    39    1S1 2P3             (3)1( 2.0)  7540307.7*
    36    40    1S1 2P3             (1)1( 1.0)  7588275.9*

C--------------------------------------------------------------------------------------------------------------
C
C                                                                            
C
C--------------------------------------------------------------------------------------------------------------
NE 7     /IC/

  IRSL  IRSL  N   L      DEL(RYD)       B(SEC)      R(SEC)      A(SEC):       1           2           3
     2     8  2  -1    6.568871E+01   3.594E+12   1.078E+13   2.033E+13   5.338E+09   1.406E+13   6.265E+12
     1     9  2  -1    6.569908E+01   1.241E+13   1.073E+13   2.096E+13   9.979E+11   9.137E+12   1.082E+13
     2     9  2  -1    6.569359E+01   2.348E+12
     3     9  2  -1    6.568243E+01   2.545E+12
     2    10  2  -1    6.570363E+01   5.989E+12   1.062E+13   2.233E+13   2.932E+12   2.045E+12   1.735E+13
     3    10  2  -1    6.569247E+01   7.029E+12
     3    11  2  -1    6.572887E+01   5.213E+12   3.724E+12   1.216E+14   1.091E+14   1.224E+09   1.254E+13
     1    12  2  -1    6.574578E+01   4.708E+12   3.789E+12   1.207E+14   1.081E+14   1.129E+13   1.376E+12
     2    12  2  -1    6.574029E+01   1.951E+12
     3    12  2  -1    6.572913E+01   1.609E+11
     2    13  2  -1    6.574091E+01   3.183E+12   3.910E+12   1.190E+14   1.061E+14   7.897E+12   4.957E+12
     3    13  2  -1    6.572975E+01   2.001E+12
     1    14  2  -1    6.626022E+01   1.200E+12   3.811E+12   5.729E+13   4.443E+13   5.424E+12   7.436E+12
     2    14  2  -1    6.625473E+01   1.235E+12
     3    14  2  -1    6.624357E+01   1.305E+12
     4    14  2  -1    6.523130E+01   6.853E+08
     3    15  2  -1    6.645969E+01   3.676E+09   3.666E+12   2.322E+14   1.081E+14   4.488E+13   7.928E+13
     4    15  2  -1    6.544742E+01   6.103E+12
     2    16  2  -1    6.656177E+01   1.286E+11   3.902E+11   1.263E+14   4.622E+10   8.792E+13   3.830E+13
     4    16  2  -1    6.553834E+01   1.495E+09
     1    17  2  -1    6.657305E+01   3.252E+11   3.827E+11   1.264E+14   3.368E+10   6.281E+13   6.353E+13
     2    17  2  -1    6.656756E+01   8.076E+10
     3    17  2  -1    6.655640E+01   1.143E+11
     4    17  2  -1    6.554413E+01   3.104E+09
     2    18  2  -1    6.657832E+01   1.376E+11   3.724E+11   1.273E+14   4.575E+11   1.727E+13   1.096E+14
     3    18  2  -1    6.656716E+01   2.750E+11
     4    18  2  -1    6.555489E+01   2.481E+10
     4    19  2  -1    6.586811E+01   1.124E+13   1.124E+13   3.740E+13   8.889E+09   1.176E+13   2.563E+13
     4    20  2  -1    6.596323E+01   1.253E+12   3.760E+12   1.663E+14   4.343E+13   3.671E+13   8.617E+13
    23    27  2  -1    6.280364E+01   6.245E+10   1.874E+11   1.533E+14   5.066E+13   9.688E+13   5.783E+12
    21    28  2  -1    6.551309E+01   9.318E+09   1.913E+11   1.533E+14   5.062E+13   6.741E+13   3.531E+13
    22    28  2  -1    6.281579E+01   1.911E+11
    23    28  2  -1    6.281002E+01   4.723E+10
    24    28  2  -1    6.279912E+01   4.637E+10
    23    29  2  -1    6.282336E+01   8.037E+10   1.898E+11   1.534E+14   5.061E+13   2.967E+12   9.987E+13
    24    29  2  -1    6.281245E+01   1.415E+11
    21    30  2  -1    6.595866E+01   2.209E+13   7.692E+12   1.022E+14   1.000E+11   3.222E+13   6.989E+13
    25    30  2  -1    6.292869E+01   1.899E+11
    26    30  2  -1    6.222567E+01   3.892E+10
    22    32  2  -1    6.548414E+01   6.310E+12   3.683E+12   1.633E+14   1.153E+09   8.395E+13   7.934E+13
    23    32  2  -1    6.547837E+01   1.486E+12
    24    32  2  -1    6.546747E+01   5.616E+10
    25    32  2  -1    6.515146E+01   2.940E+08
    23    33  2  -1    6.547841E+01   4.713E+12   3.681E+12   1.633E+14   2.070E+09   6.551E+13   9.778E+13
    24    33  2  -1    6.546751E+01   8.525E+11
    25    33  2  -1    6.515150E+01   5.933E+08
    24    34  2  -1    6.546776E+01   5.149E+12   3.680E+12   1.633E+14   0.000E+00   3.629E+13   1.271E+14
    25    34  2  -1    6.515176E+01   3.134E+09
    22    35  2  -1    6.562724E+01   5.083E+12   1.481E+13   5.594E+10   1.539E+09   1.633E+10   3.807E+10
    23    35  2  -1    6.562147E+01   5.035E+12
    24    35  2  -1    6.561056E+01   4.850E+12
    25    35  2  -1    6.529456E+01   9.063E+08
    23    36  2  -1    6.591629E+01   1.427E+10   1.102E+13   1.630E+14   3.296E+10   6.192E+13   1.010E+14
    24    36  2  -1    6.590538E+01   6.444E+10
    25    36  2  -1    6.558938E+01   1.095E+13
    23    37  2  -1    6.600660E+01   1.185E+12   3.554E+12   9.804E+13   2.857E+12   1.080E+13   8.439E+13
    22    38  2  -1    6.601308E+01   3.231E+12   3.557E+12   9.798E+13   2.866E+12   2.008E+13   7.503E+13
    23    38  2  -1    6.600731E+01   8.418E+11
    24    38  2  -1    6.599640E+01   9.825E+11
    25    38  2  -1    6.568040E+01   3.929E+08
    26    38  2  -1    6.497739E+01   1.184E+09
    23    39  2  -1    6.600922E+01   1.350E+12   3.631E+12   9.864E+13   2.857E+12   3.276E+13   6.302E+13
    24    39  2  -1    6.599832E+01   2.672E+12
    25    39  2  -1    6.568231E+01   1.492E+11
    21    40  2  -1    6.914940E+01   4.364E+10   1.099E+13   9.551E+13   4.806E+09   3.068E+13   6.483E+13
    25    40  2  -1    6.611943E+01   3.570E+12
    26    40  2  -1    6.541642E+01   1.507E+13

   NRSLMX=   6    NVMAX=   2    LVMAX=   0

C--------------------------------------------------------------------------------------------------------------
C
C                                                                            
C
C--------------------------------------------------------------------------------------------------------------
