SEQ='O '     NUCCHG=24                                                  /IC/

   PARENT LEVEL INDEXING                BWNP= 184846867.6  NPRNT=  15
   ---------------------
   INDP         CODE                 S L   WI        WNP
   ----         ----                 - -   --  ----------
     1          1S2 2S2 2P3         (4)0( 1.5)        0.0 
     2          1S2 2S2 2P3         (2)2( 1.5)   125629.6 
     3          1S2 2S2 2P3         (2)2( 2.5)   155870.5 
     4          1S2 2S2 2P3         (2)1( 0.5)   223794.6 
     5          1S2 2S2 2P3         (2)1( 1.5)   267694.8 
     6          1S2 2S1 2P4         (4)1( 2.5)   659147.0 
     7          1S2 2S1 2P4         (4)1( 1.5)   708273.3 
     8          1S2 2S1 2P4         (4)1( 0.5)   726504.5 
     9          1S2 2S1 2P4         (2)2( 1.5)   923220.1 
    10          1S2 2S1 2P4         (2)2( 2.5)   934170.2 
    11          1S2 2S1 2P4         (2)0( 0.5)  1058483.0 
    12          1S2 2S1 2P4         (2)1( 1.5)  1108234.1 
    13          1S2 2S1 2P4         (2)1( 0.5)  1178099.6 
    14          1S2 2P5             (2)1( 1.5)  1743764.5 
    15          1S2 2P5             (2)1( 0.5)  1825109.5 

   IC RESOLVED LEVEL INDEXING           BWNR= 194412201.3 NLVL=    16
   --------------------------
   INDX  IRSL   CODE                 S L   WJ        WNR
   ----  ----   ----                 - -   --  ----------
     1     7    1S2 2S2 2P4         (3)1( 2.0)        0.0 
     2     8    1S2 2S2 2P4         (3)1( 0.0)    58557.4 
     3     9    1S2 2S2 2P4         (3)1( 1.0)    64146.9 
     4    10    1S2 2S2 2P4         (1)2( 2.0)   140284.6 
     5    11    1S2 2S2 2P4         (1)0( 0.0)   263114.0 
     6     1    1S2 2S1 2P5         (3)1( 2.0)   812312.8 
     7     2    1S2 2S1 2P5         (3)1( 1.0)   860061.9 
     8     3    1S2 2S1 2P5         (3)1( 0.0)   892119.1 
     9     4    1S2 2S1 2P5         (1)1( 1.0)  1124969.9 
    10    12    1S2 2P6             (1)0( 0.0)  1905260.5 
    11    13    1S1 2S2 2P5         (3)1( 2.0) 44160683.6*
    12    14    1S1 2S2 2P5         (3)1( 1.0) 44204306.3*
    13    15    1S1 2S2 2P5         (3)1( 0.0) 44247779.8*
    14    16    1S1 2S2 2P5         (1)1( 1.0) 44335476.1*
    15     5    1S1 2S1 2P6         (3)0( 1.0) 44981458.4*
    16     6    1S1 2S1 2P6         (1)0( 0.0) 45171557.1*

C--------------------------------------------------------------------------------------------------------------
C
C                                                                            
C
C--------------------------------------------------------------------------------------------------------------
CR17     /IC/

  IRSL  IRSL  N   L      DEL(RYD)       B(SEC)      R(SEC)      A(SEC):       1           2           3           4           5           6
                                                                              7           8           9          10          11          12
                                                                             13          14          15
     1     5  2  -1    4.024986E+02   1.470E+14   4.403E+14   6.907E+14   2.532E+10   7.935E+10   0.000E+00   2.161E+11   3.830E+11   7.297E+12
                                                                          1.579E+12   1.590E+12   2.281E+14   3.503E+14   3.843E+13   8.713E+12
                                                                          8.823E+12   3.010E+13   1.505E+13
     2     5  2  -1    4.020634E+02   1.435E+14
     3     5  2  -1    4.017713E+02   1.462E+14
     4     5  2  -1    3.996494E+02   2.964E+12
     2     6  2  -1    4.037957E+02   3.057E+12   4.376E+14   9.998E+14   2.140E+11   6.663E+11   0.000E+00   1.821E+12   3.192E+12   7.316E+12
                                                                          1.583E+12   1.572E+12   2.287E+14   3.513E+14   3.798E+13   8.737E+12
                                                                          8.719E+12   2.316E+14   1.163E+14
     4     6  2  -1    4.013817E+02   1.428E+14
     7    13  2  -1    4.024214E+02   2.032E+14   2.934E+14   7.218E+14   1.108E+13   1.368E+14   2.098E+14   4.934E+13   3.651E+13   2.574E+13
                                                                          8.522E+12   3.501E+12   2.039E+13   7.741E+13   2.681E+13   5.407E+13
                                                                          2.338E+12   5.865E+13   8.103E+11
     9    13  2  -1    4.018369E+02   1.219E+14
    10    13  2  -1    4.011431E+02   1.703E+13
     7    14  2  -1    4.028190E+02   8.774E+13   3.263E+14   7.154E+14   7.861E+12   1.093E+14   1.795E+14   4.759E+13   9.849E+13   6.205E+12
                                                                          1.134E+13   9.454E+12   4.962E+13   3.010E+13   1.821E+13   6.459E+13
                                                                          2.329E+13   3.966E+13   2.019E+13
     8    14  2  -1    4.022854E+02   2.915E+14
     9    14  2  -1    4.022344E+02   6.529E+13
    10    14  2  -1    4.015406E+02   1.020E+13
    11    14  2  -1    4.004213E+02   1.527E+12
    12    14  2  -1    3.854570E+02   4.781E+11
     9    15  2  -1    4.026306E+02   9.812E+13   2.943E+14   7.213E+14   1.509E+12   5.534E+13   1.196E+14   4.449E+13   2.211E+14   4.825E+07
                                                                          2.154E+13   1.983E+12   7.814E+13   2.301E+09   1.101E+12   4.343E+13
                                                                          7.255E+13   2.000E+12   5.859E+13
     7    16  2  -1    4.040143E+02   3.227E+12   5.558E+14   6.708E+14   4.657E+12   8.225E+13   1.492E+14   4.573E+13   1.582E+14   8.977E+11
                                                                          4.127E+11   1.259E+12   4.172E+12   2.100E+12   5.415E+12   8.981E+13
                                                                          6.638E+13   2.105E+13   3.924E+13
     8    16  2  -1    4.034807E+02   1.287E+12
     9    16  2  -1    4.034297E+02   8.150E+12
    10    16  2  -1    4.027359E+02   2.671E+14
    11    16  2  -1    4.016166E+02   2.851E+14
    12    16  2  -1    3.866523E+02   5.160E+12

   NRSLMX=   6    NVMAX=   2    LVMAX=   0

C--------------------------------------------------------------------------------------------------------------
C
C                                                                            
C
C--------------------------------------------------------------------------------------------------------------
