SEQ='BE'     NUCCHG=18                                                  /IC/

   PARENT LEVEL INDEXING                BWNP=  76358938.3  NPRNT=   3
   ---------------------
   INDP         CODE                 S L   WI        WNP
   ----         ----                 - -   --  ----------
     1          1S2 2S1             (2)0( 0.5)        0.0 
     2          1S2 2P1             (2)1( 0.5)   259727.9 
     3          1S2 2P1             (2)1( 1.5)   287999.4 

   IC RESOLVED LEVEL INDEXING           BWNR=  83257518.0 NLVL=    40
   --------------------------
   INDX  IRSL   CODE                 S L   WJ        WNR
   ----  ----   ----                 - -   --  ----------
     1    21    1S2 2S2             (1)0( 0.0)        0.0 
     2     1    1S2 2S1 2P1         (3)1( 0.0)   229826.3 
     3     2    1S2 2S1 2P1         (3)1( 1.0)   238041.2 
     4     3    1S2 2S1 2P1         (3)1( 2.0)   256590.6 
     5     4    1S2 2S1 2P1         (1)1( 1.0)   464067.0 
     6    22    1S2 2P2             (3)1( 0.0)   607902.8 
     7    23    1S2 2P2             (3)1( 1.0)   619246.2 
     8    24    1S2 2P2             (3)1( 2.0)   634671.2 
     9    25    1S2 2P2             (1)2( 2.0)   702923.5 
    10    26    1S2 2P2             (1)0( 0.0)   854619.3 
    11    27    1S1 2S2 2P1         (3)1( 0.0) 24828818.4*
    12    28    1S1 2S2 2P1         (3)1( 1.0) 24836750.4*
    13    29    1S1 2S2 2P1         (3)1( 2.0) 24857144.2*
    14     5    1S1 2S1 2P2         (5)1( 1.0) 24886289.9*
    15     6    1S1 2S1 2P2         (5)1( 2.0) 24897216.0*
    16     7    1S1 2S1 2P2         (5)1( 3.0) 24911697.7*
    17    30    1S1 2S2 2P1         (1)1( 1.0) 24955941.4*
    18     8    1S1 2S1 2P2         (3)1( 0.0) 25129083.5*
    19     9    1S1 2S1 2P2         (3)1( 1.0) 25132340.2*
    20    10    1S1 2S1 2P2         (3)2( 2.0) 25135690.4*
    21    11    1S1 2S1 2P2         (3)2( 3.0) 25141195.4*
    22    12    1S1 2S1 2P2         (3)2( 1.0) 25144419.4*
    23    13    1S1 2S1 2P2         (3)1( 2.0) 25157266.0*
    24    14    1S1 2S1 2P2         (3)0( 1.0) 25250885.4*
    25    15    1S1 2S1 2P2         (3)1( 0.0) 25287946.0*
    26    31    1S1 2P3             (5)0( 2.0) 25289436.7*
    27    16    1S1 2S1 2P2         (1)2( 2.0) 25293141.3*
    28    17    1S1 2S1 2P2         (3)1( 1.0) 25300840.9*
    29    18    1S1 2S1 2P2         (3)1( 2.0) 25318142.1*
    30    19    1S1 2S1 2P2         (1)1( 1.0) 25393753.5*
    31    20    1S1 2S1 2P2         (1)0( 0.0) 25413650.8*
    32    32    1S1 2P3             (3)2( 1.0) 25453209.8*
    33    33    1S1 2P3             (3)2( 2.0) 25453635.7*
    34    34    1S1 2P3             (3)2( 3.0) 25456098.5*
    35    35    1S1 2P3             (3)0( 1.0) 25501146.7*
    36    36    1S1 2P3             (1)2( 2.0) 25552552.0*
    37    37    1S1 2P3             (3)1( 0.0) 25565039.5*
    38    38    1S1 2P3             (3)1( 1.0) 25568602.1*
    39    39    1S1 2P3             (3)1( 2.0) 25580630.5*
    40    40    1S1 2P3             (1)1( 1.0) 25675689.7*

C--------------------------------------------------------------------------------------------------------------
C
C                                                                            
C
C--------------------------------------------------------------------------------------------------------------
AR15     /IC/

  IRSL  IRSL  N   L      DEL(RYD)       B(SEC)      R(SEC)      A(SEC):       1           2           3
     1     5  2  -1    2.246861E+02   1.814E+11   2.416E+11   2.769E+11   2.096E+11   3.856E+10   2.873E+10
     2     5  2  -1    2.246112E+02   1.663E+11
     3     5  2  -1    2.244422E+02   8.934E+09
     3     6  2  -1    2.245417E+02   1.279E+11   1.282E+11   1.280E+11   1.077E+11   2.596E+09   1.765E+10
     3     7  2  -1    2.246737E+02   2.594E+11   1.853E+11   6.003E+11   5.327E+11   1.817E+06   6.760E+10
     2     8  2  -1    2.268237E+02   4.771E+13   1.432E+14   2.429E+13   3.250E+11   1.972E+13   4.245E+12
     4     8  2  -1    2.247640E+02   6.059E+09
     1     9  2  -1    2.269282E+02   2.394E+14   1.087E+14   7.232E+13   5.525E+13   6.508E+12   1.056E+13
     2     9  2  -1    2.268534E+02   4.485E+12
     3     9  2  -1    2.266843E+02   1.465E+13
     4     9  2  -1    2.247937E+02   9.538E+09
     2    10  2  -1    2.268839E+02   1.137E+14   7.097E+13   1.271E+14   1.109E+14   3.871E+12   1.238E+13
     3    10  2  -1    2.267149E+02   2.669E+12
     4    10  2  -1    2.248242E+02   1.299E+11
     3    11  2  -1    2.267650E+02   7.037E+13   5.027E+13   1.568E+14   1.388E+14   4.729E+08   1.801E+13
     1    12  2  -1    2.270383E+02   3.439E+11   8.672E+13   1.053E+14   8.418E+13   1.824E+13   2.839E+12
     2    12  2  -1    2.269634E+02   5.735E+13
     3    12  2  -1    2.267944E+02   1.752E+13
     4    12  2  -1    2.249037E+02   5.782E+10
     2    13  2  -1    2.270805E+02   1.148E+13   1.256E+14   4.944E+13   2.869E+13   1.194E+13   8.811E+12
     3    13  2  -1    2.269115E+02   1.186E+14
     4    13  2  -1    2.250208E+02   1.673E+11
     1    14  2  -1    2.280085E+02   1.142E+13   4.821E+13   8.215E+13   5.278E+13   2.498E+13   4.391E+12
     2    14  2  -1    2.279336E+02   1.407E+13
     3    14  2  -1    2.277646E+02   1.791E+13
     4    14  2  -1    2.258739E+02   4.816E+11
     2    15  2  -1    2.282714E+02   2.729E+12   9.686E+12   1.497E+14   1.297E+12   1.180E+14   3.041E+13
     4    15  2  -1    2.262117E+02   4.997E+11
     2    16  2  -1    2.283187E+02   1.865E+11   4.338E+13   2.513E+14   1.128E+14   6.606E+13   7.250E+13
     3    16  2  -1    2.281497E+02   2.613E+12
     4    16  2  -1    2.262590E+02   6.776E+13
     1    17  2  -1    2.284637E+02   1.540E+12   1.095E+13   1.457E+14   3.853E+12   6.254E+13   7.926E+13
     2    17  2  -1    2.283889E+02   2.261E+11
     3    17  2  -1    2.282198E+02   5.731E+12
     4    17  2  -1    2.263292E+02   6.629E+11
     2    18  2  -1    2.285465E+02   8.798E+11   1.239E+13   1.816E+14   2.700E+13   2.300E+12   1.523E+14
     3    18  2  -1    2.283775E+02   2.474E+12
     4    18  2  -1    2.264868E+02   1.565E+13
     1    19  2  -1    2.293104E+02   1.573E+11   1.508E+14   5.464E+13   4.525E+11   1.342E+13   4.077E+13
     3    19  2  -1    2.290665E+02   7.602E+09
     4    19  2  -1    2.271758E+02   1.507E+14
     2    20  2  -1    2.294169E+02   1.879E+09   4.964E+13   1.938E+14   5.523E+13   2.382E+13   1.148E+14
     4    20  2  -1    2.273572E+02   1.654E+13
    23    27  2  -1    2.206137E+02   7.213E+11   2.164E+12   1.749E+14   6.134E+13   1.077E+14   5.861E+12
    21    28  2  -1    2.263289E+02   3.711E+12   3.486E+12   1.744E+14   6.048E+13   8.359E+13   3.030E+13
    22    28  2  -1    2.207893E+02   2.441E+12
    23    28  2  -1    2.206860E+02   5.592E+11
    24    28  2  -1    2.205454E+02   5.253E+11
    23    29  2  -1    2.208718E+02   1.084E+12   2.361E+12   1.759E+14   6.102E+13   3.465E+12   1.114E+14
    24    29  2  -1    2.207312E+02   1.673E+12
    25    29  2  -1    2.201093E+02   3.729E+10
    21    30  2  -1    2.274151E+02   2.960E+14   1.027E+14   1.151E+14   9.891E+11   2.748E+13   8.658E+13
    22    30  2  -1    2.218755E+02   1.263E+10
    23    30  2  -1    2.217721E+02   1.440E+10
    24    30  2  -1    2.216316E+02   6.184E+10
    25    30  2  -1    2.210096E+02   2.220E+12
    26    30  2  -1    2.196272E+02   5.166E+11
    23    31  2  -1    2.248111E+02   1.252E+11   2.198E+11   5.983E+11   4.191E+10   3.396E+11   2.169E+11
    24    31  2  -1    2.246706E+02   1.438E+11
    21    32  2  -1    2.319465E+02   1.421E+10   5.119E+13   2.065E+14   5.653E+10   1.227E+14   8.371E+13
    22    32  2  -1    2.264069E+02   1.063E+14
    23    32  2  -1    2.263036E+02   1.382E+13
    24    32  2  -1    2.261630E+02   1.018E+12
    25    32  2  -1    2.255410E+02   1.394E+11
    26    32  2  -1    2.241587E+02   2.631E+10
    23    33  2  -1    2.263074E+02   7.183E+13   5.008E+13   2.070E+14   9.406E+10   9.862E+13   1.083E+14
    24    33  2  -1    2.261669E+02   6.470E+12
    25    33  2  -1    2.255449E+02   5.066E+11
    24    34  2  -1    2.261893E+02   6.762E+13   5.006E+13   2.089E+14   0.000E+00   4.637E+13   1.625E+14
    25    34  2  -1    2.255674E+02   2.463E+12
    22    35  2  -1    2.268438E+02   7.256E+13   1.967E+14   5.021E+12   8.762E+10   2.628E+11   4.670E+12
    23    35  2  -1    2.267404E+02   7.970E+13
    24    35  2  -1    2.265998E+02   5.493E+13
    25    35  2  -1    2.259779E+02   7.195E+11
    26    35  2  -1    2.245955E+02   1.097E+11
    23    36  2  -1    2.272088E+02   3.394E+12   1.130E+14   1.798E+14   1.138E+12   9.759E+13   8.111E+13
    24    36  2  -1    2.270683E+02   3.272E+13
    25    36  2  -1    2.264463E+02   7.825E+13
    23    37  2  -1    2.273226E+02   1.615E+13   4.846E+13   1.295E+14   2.840E+12   1.685E+13   1.098E+14
    22    38  2  -1    2.274585E+02   2.019E+13   5.254E+13   1.268E+14   2.777E+12   1.976E+13   1.043E+14
    23    38  2  -1    2.273551E+02   6.621E+12
    24    38  2  -1    2.272145E+02   2.293E+13
    25    38  2  -1    2.265926E+02   3.267E+11
    26    38  2  -1    2.252102E+02   1.271E+12
    23    39  2  -1    2.274647E+02   7.215E+12   8.599E+13   1.588E+14   1.826E+12   8.641E+12   1.484E+14
    24    39  2  -1    2.273241E+02   1.306E+13
    25    39  2  -1    2.267022E+02   6.860E+13
    21    40  2  -1    2.339739E+02   4.346E+11   1.490E+14   1.258E+14   1.463E+10   3.297E+13   9.282E+13
    23    40  2  -1    2.283309E+02   9.674E+10
    24    40  2  -1    2.281904E+02   1.521E+11
    25    40  2  -1    2.275684E+02   4.845E+13
    26    40  2  -1    2.261861E+02   2.033E+14

   NRSLMX=   6    NVMAX=   2    LVMAX=   0

C--------------------------------------------------------------------------------------------------------------
C
C                                                                            
C
C--------------------------------------------------------------------------------------------------------------
