SEQ='BE'     NUCCHG= 5                                                  /IC/

   PARENT LEVEL INDEXING                BWNP=   5134951.2  NPRNT=   3
   ---------------------
   INDP         CODE                 S L   WI        WNP
   ----         ----                 - -   --  ----------
     1          1S2 2S1             (2)0( 0.5)        0.0 
     2          1S2 2P1             (2)1( 0.5)    52284.3 
     3          1S2 2P1             (2)1( 1.5)    52341.5 

   IC RESOLVED LEVEL INDEXING           BWNR=   5337062.9 NLVL=    36
   --------------------------
   INDX  IRSL   CODE                 S L   WJ        WNR
   ----  ----   ----                 - -   --  ----------
     1    21    1S2 2S2             (1)0( 0.0)        0.0 
     2     1    1S2 2S1 2P1         (3)1( 0.0)    40509.9 
     3     2    1S2 2S1 2P1         (3)1( 1.0)    40524.5 
     4     3    1S2 2S1 2P1         (3)1( 2.0)    40553.5 
     5     4    1S2 2S1 2P1         (1)1( 1.0)    84676.3 
     6    22    1S2 2P2             (3)1( 0.0)   105057.7 
     7    23    1S2 2P2             (3)1( 1.0)   105072.3 
     8    24    1S2 2P2             (3)1( 2.0)   105101.3 
     9    25    1S2 2P2             (1)2( 2.0)   117116.8 
    10    26    1S2 2P2             (1)0( 0.0)   145971.6 
    11    27    1S1 2S2 2P1         (3)1( 0.0)  1555760.1*
    12    28    1S1 2S2 2P1         (3)1( 1.0)  1555786.8*
    13    29    1S1 2S2 2P1         (3)1( 2.0)  1555840.6*
    14    30    1S1 2S2 2P1         (1)1( 1.0)  1570156.8*
    15     8    1S1 2S1 2P2         (3)1( 0.0)  1602180.5*
    16     9    1S1 2S1 2P2         (3)1( 1.0)  1602201.8*
    17    10    1S1 2S1 2P2         (3)1( 2.0)  1602244.7*
    18    11    1S1 2S1 2P2         (3)2( 1.0)  1609387.0*
    19    12    1S1 2S1 2P2         (3)2( 3.0)  1609387.0*
    20    13    1S1 2S1 2P2         (3)2( 2.0)  1609387.0*
    21    14    1S1 2S1 2P2         (3)0( 1.0)  1631593.8*
    22    15    1S1 2S1 2P2         (1)2( 2.0)  1643265.5*
    23    16    1S1 2S1 2P2         (3)1( 0.0)  1653121.5*
    24    17    1S1 2S1 2P2         (3)1( 1.0)  1653143.6*
    25    18    1S1 2S1 2P2         (3)1( 2.0)  1653187.4*
    26    19    1S1 2S1 2P2         (1)1( 1.0)  1659273.5*
    27    20    1S1 2S1 2P2         (1)0( 0.0)  1665472.8*
    28    32    1S1 2P3             (3)0( 1.0)  1669843.8*
    29    33    1S1 2P3             (3)2( 1.0)  1670536.3*
    30    34    1S1 2P3             (3)2( 2.0)  1670536.3*
    31    35    1S1 2P3             (3)2( 3.0)  1670536.4*
    32    36    1S1 2P3             (1)2( 2.0)  1684879.2*
    33    37    1S1 2P3             (3)1( 0.0)  1695122.2*
    34    38    1S1 2P3             (3)1( 1.0)  1695124.4*
    35    39    1S1 2P3             (3)1( 2.0)  1695128.6*
    36    40    1S1 2P3             (1)1( 1.0)  1709469.3*

C--------------------------------------------------------------------------------------------------------------
C
C                                                                            
C
C--------------------------------------------------------------------------------------------------------------
B  2     /IC/

  IRSL  IRSL  N   L      DEL(RYD)       B(SEC)      R(SEC)      A(SEC):       1           2           3
     2     8  2  -1    1.423085E+01   1.203E+11   3.610E+11   2.311E+13   1.984E+07   1.545E+13   7.663E+12
     1     9  2  -1    1.423117E+01   3.628E+11   3.611E+11   2.310E+13   4.448E+08   1.153E+13   1.157E+13
     2     9  2  -1    1.423104E+01   9.005E+10
     3     9  2  -1    1.423078E+01   9.005E+10
     2    10  2  -1    1.423143E+01   1.516E+11   3.611E+11   2.307E+13   7.803E+08   3.841E+12   1.923E+13
     3    10  2  -1    1.423117E+01   2.702E+11
     1    11  2  -1    1.429665E+01   2.069E+11   1.250E+11   6.315E+13   5.910E+13   3.381E+12   6.603E+11
     2    11  2  -1    1.429652E+01   5.244E+10
     3    11  2  -1    1.429625E+01   2.155E+09
     3    12  2  -1    1.429625E+01   1.750E+11   1.250E+11   6.315E+13   5.911E+13   2.209E+09   4.039E+12
     2    13  2  -1    1.429652E+01   1.552E+11   1.250E+11   6.315E+13   5.910E+13   2.045E+12   1.996E+12
     3    13  2  -1    1.429625E+01   3.189E+10
     1    14  2  -1    1.449901E+01   4.323E+10   1.304E+11   2.868E+13   2.441E+13   1.457E+12   2.811E+12
     2    14  2  -1    1.449888E+01   4.335E+10
     3    14  2  -1    1.449862E+01   4.358E+10
     4    15  2  -1    1.420290E+01   2.043E+11   1.226E+11   1.537E+14   5.841E+13   3.187E+13   6.342E+13
     2    16  2  -1    1.469505E+01   3.242E+09   9.728E+09   7.840E+13   5.230E+08   5.265E+13   2.575E+13
     1    17  2  -1    1.469539E+01   9.605E+09   9.713E+09   7.841E+13   6.559E+07   3.924E+13   3.918E+13
     2    17  2  -1    1.469526E+01   2.405E+09
     3    17  2  -1    1.469499E+01   2.461E+09
     2    18  2  -1    1.469566E+01   4.001E+09   9.674E+09   7.844E+13   5.234E+08   1.295E+13   6.549E+13
     3    18  2  -1    1.469539E+01   7.272E+09
     4    19  2  -1    1.434877E+01   3.791E+11   3.791E+11   1.236E+13   4.389E+07   4.062E+12   8.299E+12
     4    20  2  -1    1.440527E+01   4.263E+10   1.279E+11   1.162E+14   2.294E+13   3.068E+13   6.263E+13
    23    27  2  -1    1.321963E+01   2.312E+09   6.937E+09   1.085E+14   3.238E+13   7.200E+13   4.096E+12
    22    28  2  -1    1.322001E+01   6.950E+09   6.941E+09   1.085E+14   3.238E+13   4.886E+13   2.724E+13
    23    28  2  -1    1.321987E+01   1.736E+09
    24    28  2  -1    1.321961E+01   1.732E+09
    23    29  2  -1    1.322036E+01   2.898E+09   6.945E+09   1.085E+14   3.238E+13   2.053E+12   7.405E+13
    24    29  2  -1    1.322010E+01   5.206E+09
    21    30  2  -1    1.430831E+01   7.321E+11   2.562E+11   7.796E+13   3.284E+12   2.472E+13   4.995E+13
    25    30  2  -1    1.324106E+01   6.976E+09
    26    30  2  -1    1.297812E+01   1.646E+09
    22    32  2  -1    1.425937E+01   1.658E+11   4.961E+11   1.422E+08   5.920E+06   7.819E+07   5.809E+07
    23    32  2  -1    1.425924E+01   1.655E+11
    24    32  2  -1    1.425897E+01   1.652E+11
    22    33  2  -1    1.426568E+01   2.074E+11   1.242E+11   8.819E+13   7.704E+06   4.421E+13   4.398E+13
    23    33  2  -1    1.426555E+01   5.166E+10
    24    33  2  -1    1.426528E+01   2.042E+09
    23    34  2  -1    1.426555E+01   1.556E+11   1.242E+11   8.819E+13   1.264E+07   3.439E+13   5.380E+13
    24    34  2  -1    1.426528E+01   3.085E+10
    24    35  2  -1    1.426528E+01   1.739E+11   1.242E+11   8.819E+13   0.000E+00   1.960E+13   6.859E+13
    25    36  2  -1    1.428649E+01   3.742E+11   3.742E+11   8.884E+13   3.787E+07   2.976E+13   5.908E+13
    23    37  2  -1    1.448959E+01   4.033E+10   1.210E+11   5.064E+13   2.181E+12   4.064E+12   4.439E+13
    22    38  2  -1    1.448974E+01   1.202E+11   1.210E+11   5.064E+13   2.182E+12   1.005E+13   3.840E+13
    23    38  2  -1    1.448961E+01   3.018E+10
    24    38  2  -1    1.448935E+01   3.046E+10
    23    39  2  -1    1.448965E+01   5.006E+10   1.210E+11   5.063E+13   2.184E+12   2.195E+13   2.650E+13
    24    39  2  -1    1.448938E+01   9.095E+10
    21    40  2  -1    1.557782E+01   1.614E+09   3.734E+11   4.934E+13   1.961E+11   1.632E+13   3.282E+13
    25    40  2  -1    1.451057E+01   1.215E+11
    26    40  2  -1    1.424763E+01   5.111E+11

   NRSLMX=   6    NVMAX=   2    LVMAX=   0

C--------------------------------------------------------------------------------------------------------------
C
C                                                                            
C
C--------------------------------------------------------------------------------------------------------------
