SEQ='O '     NUCCHG=27                                                  /IC/

   PARENT LEVEL INDEXING                BWNP= 237352754.5  NPRNT=  15
   ---------------------
   INDP         CODE                 S L   WI        WNP
   ----         ----                 - -   --  ----------
     1          1S2 2S2 2P3         (4)0( 1.5)        0.0 
     2          1S2 2S2 2P3         (2)2( 1.5)   147894.0 
     3          1S2 2S2 2P3         (2)2( 2.5)   199139.6 
     4          1S2 2S2 2P3         (2)1( 0.5)   278944.6 
     5          1S2 2S2 2P3         (2)1( 1.5)   365483.3 
     6          1S2 2S1 2P4         (4)1( 2.5)   787363.8 
     7          1S2 2S1 2P4         (4)1( 1.5)   870461.0 
     8          1S2 2S1 2P4         (4)1( 0.5)   893904.4 
     9          1S2 2S1 2P4         (2)2( 1.5)  1104086.4 
    10          1S2 2S1 2P4         (2)2( 2.5)  1129218.1 
    11          1S2 2S1 2P4         (2)0( 0.5)  1260808.8 
    12          1S2 2S1 2P4         (2)1( 1.5)  1320276.0 
    13          1S2 2S1 2P4         (2)1( 0.5)  1440094.8 
    14          1S2 2P5             (2)1( 1.5)  2066335.8 
    15          1S2 2P5             (2)1( 0.5)  2202677.1 

   IC RESOLVED LEVEL INDEXING           BWNR= 250281143.9 NLVL=    16
   --------------------------
   INDX  IRSL   CODE                 S L   WJ        WNR
   ----  ----   ----                 - -   --  ----------
     1     7    1S2 2S2 2P4         (3)1( 2.0)        0.0 
     2     8    1S2 2S2 2P4         (3)1( 0.0)    82421.9 
     3     9    1S2 2S2 2P4         (3)1( 1.0)   112479.4 
     4    10    1S2 2S2 2P4         (1)2( 2.0)   196464.2 
     5    11    1S2 2S2 2P4         (1)0( 0.0)   367095.5 
     6     1    1S2 2S1 2P5         (3)1( 2.0)   976607.4 
     7     2    1S2 2S1 2P5         (3)1( 1.0)  1052177.9 
     8     3    1S2 2S1 2P5         (3)1( 0.0)  1110741.5 
     9     4    1S2 2S1 2P5         (1)1( 1.0)  1354663.2 
    10    12    1S2 2P6             (1)0( 0.0)  2275598.6 
    11    13    1S1 2S2 2P5         (3)1( 2.0) 56501176.3*
    12    14    1S1 2S2 2P5         (3)1( 1.0) 56564032.7*
    13    15    1S1 2S2 2P5         (3)1( 0.0) 56645846.4*
    14    16    1S1 2S2 2P5         (1)1( 1.0) 56736084.8*
    15     5    1S1 2S1 2P6         (3)0( 1.0) 57489604.9*
    16     6    1S1 2S1 2P6         (1)0( 0.0) 57708193.7*

C--------------------------------------------------------------------------------------------------------------
C
C                                                                            
C
C--------------------------------------------------------------------------------------------------------------
CO20     /IC/

  IRSL  IRSL  N   L      DEL(RYD)       B(SEC)      R(SEC)      A(SEC):       1           2           3           4           5           6
                                                                              7           8           9          10          11          12
                                                                             13          14          15
     1     5  2  -1    5.149839E+02   2.475E+14   7.409E+14   7.222E+14   4.881E+10   7.252E+10   0.000E+00   2.045E+11   3.658E+11   1.409E+13
                                                                          4.229E+12   3.631E+12   2.262E+14   3.596E+14   3.523E+13   1.868E+13
                                                                          1.236E+13   3.162E+13   1.581E+13
     2     5  2  -1    5.142953E+02   2.353E+14
     3     5  2  -1    5.137616E+02   2.458E+14
     4     5  2  -1    5.115388E+02   1.111E+13
     2     6  2  -1    5.162872E+02   1.142E+13   7.369E+14   1.045E+15   4.016E+11   5.933E+11   0.000E+00   1.683E+12   2.967E+12   1.422E+13
                                                                          4.268E+12   3.600E+12   2.283E+14   3.629E+14   3.493E+13   1.885E+13
                                                                          1.225E+13   2.394E+14   1.204E+14
     4     6  2  -1    5.135308E+02   2.342E+14
     7    13  2  -1    5.148762E+02   3.275E+14   4.936E+14   7.527E+14   2.669E+13   1.323E+14   2.200E+14   5.180E+13   3.379E+13   2.846E+13
                                                                          8.838E+12   5.212E+12   2.712E+13   7.831E+13   2.738E+13   5.060E+13
                                                                          1.415E+12   6.003E+13   7.514E+11
     9    13  2  -1    5.138512E+02   2.049E+14
    10    13  2  -1    5.130859E+02   4.310E+13
     7    14  2  -1    5.154490E+02   1.629E+14   5.914E+14   7.411E+14   2.084E+13   1.138E+14   1.982E+14   5.024E+13   8.044E+13   4.341E+12
                                                                          1.418E+13   7.919E+12   4.675E+13   3.043E+13   2.228E+13   7.360E+13
                                                                          1.684E+13   4.682E+13   1.438E+13
     8    14  2  -1    5.146979E+02   4.893E+14
     9    14  2  -1    5.144240E+02   9.928E+13
    10    14  2  -1    5.136587E+02   3.358E+13
    11    14  2  -1    5.121038E+02   3.419E+12
    12    14  2  -1    4.947122E+02   1.324E+12
     9    15  2  -1    5.151695E+02   1.652E+14   4.956E+14   7.520E+14   1.315E+12   5.239E+13   1.253E+14   4.583E+13   2.376E+14   2.662E+08
                                                                          1.896E+13   1.117E+12   7.529E+13   6.775E+09   1.662E+11   5.411E+13
                                                                          7.763E+13   2.033E+12   6.035E+13
     7    16  2  -1    5.170168E+02   4.986E+12   8.932E+14   7.048E+14   7.002E+12   7.036E+13   1.463E+14   4.687E+13   1.901E+14   1.309E+12
                                                                          8.202E+11   2.161E+12   5.690E+12   4.561E+12   8.195E+12   8.764E+13
                                                                          7.153E+13   1.544E+13   4.682E+13
     8    16  2  -1    5.162658E+02   2.885E+12
     9    16  2  -1    5.159919E+02   2.431E+13
    10    16  2  -1    5.152265E+02   4.183E+14
    11    16  2  -1    5.136716E+02   4.801E+14
    12    16  2  -1    4.962801E+02   7.562E+12

   NRSLMX=   6    NVMAX=   2    LVMAX=   0

C--------------------------------------------------------------------------------------------------------------
C
C                                                                            
C
C--------------------------------------------------------------------------------------------------------------
