SEQ='BE'     NUCCHG= 8                                                  /IC/

   PARENT LEVEL INDEXING                BWNP=  14099622.3  NPRNT=   3
   ---------------------
   INDP         CODE                 S L   WI        WNP
   ----         ----                 - -   --  ----------
     1          1S2 2S1             (2)0( 0.5)        0.0 
     2          1S2 2P1             (2)1( 0.5)   100849.1 
     3          1S2 2P1             (2)1( 1.5)   101549.1 

   IC RESOLVED LEVEL INDEXING           BWNR=  15016203.4 NLVL=    36
   --------------------------
   INDX  IRSL   CODE                 S L   WJ        WNR
   ----  ----   ----                 - -   --  ----------
     1    21    1S2 2S2             (1)0( 0.0)        0.0 
     2     1    1S2 2S1 2P1         (3)1( 0.0)    85497.9 
     3     2    1S2 2S1 2P1         (3)1( 1.0)    85699.3 
     4     3    1S2 2S1 2P1         (3)1( 2.0)    86104.8 
     5     4    1S2 2S1 2P1         (1)1( 1.0)   171152.0 
     6    22    1S2 2P2             (3)1( 0.0)   220205.5 
     7    23    1S2 2P2             (3)1( 1.0)   220411.4 
     8    24    1S2 2P2             (3)1( 2.0)   220812.8 
     9    25    1S2 2P2             (1)2( 2.0)   246574.3 
    10    26    1S2 2P2             (1)0( 0.0)   304601.5 
    11    27    1S1 2S2 2P1         (3)1( 0.0)  4440084.6*
    12    28    1S1 2S2 2P1         (3)1( 1.0)  4440340.6*
    13    29    1S1 2S2 2P1         (3)1( 2.0)  4440864.5*
    14    30    1S1 2S2 2P1         (1)1( 1.0)  4474596.3*
    15     8    1S1 2S1 2P2         (3)1( 0.0)  4538496.1*
    16     9    1S1 2S1 2P2         (3)1( 1.0)  4538700.2*
    17    10    1S1 2S1 2P2         (3)1( 2.0)  4539113.7*
    18    11    1S1 2S1 2P2         (3)2( 3.0)  4545235.9*
    19    12    1S1 2S1 2P2         (3)2( 1.0)  4545237.7*
    20    13    1S1 2S1 2P2         (3)2( 2.0)  4545243.2*
    21    14    1S1 2S1 2P2         (3)0( 1.0)  4587905.6*
    22    15    1S1 2S1 2P2         (1)2( 2.0)  4606525.7*
    23    16    1S1 2S1 2P2         (3)1( 0.0)  4617424.5*
    24    17    1S1 2S1 2P2         (3)1( 1.0)  4617642.8*
    25    18    1S1 2S1 2P2         (3)1( 2.0)  4618063.0*
    26    19    1S1 2S1 2P2         (1)1( 1.0)  4640579.3*
    27    20    1S1 2S1 2P2         (1)0( 0.0)  4649215.1*
    28    32    1S1 2P3             (3)2( 1.0)  4660816.1*
    29    33    1S1 2P3             (3)2( 2.0)  4660816.9*
    30    34    1S1 2P3             (3)2( 3.0)  4660821.7*
    31    35    1S1 2P3             (3)0( 1.0)  4669126.6*
    32    36    1S1 2P3             (1)2( 2.0)  4694796.2*
    33    37    1S1 2P3             (3)1( 0.0)  4705450.2*
    34    38    1S1 2P3             (3)1( 1.0)  4705472.5*
    35    39    1S1 2P3             (3)1( 2.0)  4705522.1*
    36    40    1S1 2P3             (1)1( 1.0)  4739477.8*

C--------------------------------------------------------------------------------------------------------------
C
C                                                                            
C
C--------------------------------------------------------------------------------------------------------------
O  5     /IC/

  IRSL  IRSL  N   L      DEL(RYD)       B(SEC)      R(SEC)      A(SEC):       1           2           3
     2     8  2  -1    4.057684E+01   1.268E+12   3.805E+12   2.074E+13   9.771E+08   1.406E+13   6.681E+12
     1     9  2  -1    4.058053E+01   3.980E+12   3.805E+12   2.070E+13   7.109E+10   1.005E+13   1.058E+13
     2     9  2  -1    4.057870E+01   9.206E+11
     3     9  2  -1    4.057500E+01   9.347E+11
     2    10  2  -1    4.058247E+01   1.714E+12   3.806E+12   2.059E+13   1.458E+11   3.183E+12   1.727E+13
     3    10  2  -1    4.057877E+01   2.778E+12
     3    11  2  -1    4.063456E+01   1.839E+12   1.314E+12   1.039E+14   9.409E+13   1.626E+09   9.818E+12
     1    12  2  -1    4.064011E+01   2.037E+12   1.316E+12   1.039E+14   9.402E+13   8.419E+12   1.418E+12
     2    12  2  -1    4.063827E+01   5.867E+11
     3    12  2  -1    4.063458E+01   3.024E+10
     2    13  2  -1    4.063832E+01   1.518E+12   1.318E+12   1.038E+14   9.395E+13   5.298E+12   4.552E+12
     3    13  2  -1    4.063463E+01   4.070E+11
     1    14  2  -1    4.102893E+01   4.387E+11   1.352E+12   4.826E+13   3.819E+13   3.758E+12   6.308E+12
     2    14  2  -1    4.102709E+01   4.447E+11
     3    14  2  -1    4.102340E+01   4.567E+11
     3    15  2  -1    4.119307E+01   2.078E+08   1.293E+12   2.091E+14   9.332E+13   3.976E+13   7.600E+13
     4    15  2  -1    4.041807E+01   2.154E+12
     2    16  2  -1    4.129609E+01   4.205E+10   1.266E+11   1.119E+14   1.126E+10   7.642E+13   3.545E+13
     4    16  2  -1    4.051738E+01   1.461E+08
     1    17  2  -1    4.129991E+01   1.172E+11   1.254E+11   1.119E+14   5.018E+09   5.591E+13   5.603E+13
     2    17  2  -1    4.129808E+01   2.931E+10
     3    17  2  -1    4.129438E+01   3.400E+10
     4    17  2  -1    4.051937E+01   3.551E+08
     2    18  2  -1    4.130191E+01   4.904E+10   1.230E+11   1.122E+14   5.435E+10   1.735E+13   9.478E+13
     3    18  2  -1    4.129821E+01   9.283E+10
     4    18  2  -1    4.052320E+01   1.195E+09
     4    19  2  -1    4.072839E+01   3.969E+12   3.969E+12   2.933E+13   1.764E+09   9.459E+12   1.987E+13
     4    20  2  -1    4.080708E+01   4.434E+11   1.330E+12   1.513E+14   3.702E+13   3.603E+13   7.823E+13
    23    27  2  -1    3.845246E+01   2.263E+10   6.789E+10   1.401E+14   4.518E+13   8.957E+13   5.374E+12
    21    28  2  -1    4.046333E+01   8.678E+08   6.833E+10   1.401E+14   4.517E+13   6.149E+13   3.347E+13
    22    28  2  -1    3.845667E+01   6.855E+10
    23    28  2  -1    3.845480E+01   1.705E+10
    24    28  2  -1    3.845114E+01   1.689E+10
    23    29  2  -1    3.845957E+01   2.869E+10   6.832E+10   1.402E+14   4.516E+13   2.720E+12   9.229E+13
    24    29  2  -1    3.845591E+01   5.110E+10
    21    30  2  -1    4.077549E+01   7.785E+12   2.714E+12   9.462E+13   4.759E+11   3.052E+13   6.363E+13
    25    30  2  -1    3.852854E+01   6.856E+10
    26    30  2  -1    3.799976E+01   1.423E+10
    22    32  2  -1    4.046579E+01   2.190E+12   1.298E+12   1.408E+14   2.400E+08   7.135E+13   6.945E+13
    23    32  2  -1    4.046391E+01   5.332E+11
    24    32  2  -1    4.046026E+01   2.064E+10
    23    33  2  -1    4.046392E+01   1.640E+12   1.297E+12   1.408E+14   4.280E+08   5.556E+13   8.524E+13
    24    33  2  -1    4.046026E+01   3.131E+11
    24    34  2  -1    4.046031E+01   1.816E+12   1.297E+12   1.408E+14   0.000E+00   3.129E+13   1.095E+14
    25    34  2  -1    4.022555E+01   2.201E+08
    22    35  2  -1    4.054152E+01   1.762E+12   5.218E+12   8.917E+09   2.671E+08   2.993E+09   5.657E+09
    23    35  2  -1    4.053965E+01   1.753E+12
    24    35  2  -1    4.053599E+01   1.726E+12
    23    36  2  -1    4.077356E+01   6.157E+08   3.910E+12   1.412E+14   3.674E+09   4.932E+13   9.191E+13
    24    36  2  -1    4.076990E+01   3.197E+09
    25    36  2  -1    4.053515E+01   3.906E+12
    23    37  2  -1    4.087065E+01   4.185E+11   1.255E+12   8.350E+13   2.674E+12   8.565E+12   7.226E+13
    22    38  2  -1    4.087273E+01   1.204E+12   1.256E+12   8.348E+13   2.679E+12   1.728E+13   6.352E+13
    23    38  2  -1    4.087085E+01   3.076E+11
    24    38  2  -1    4.086719E+01   3.279E+11
    23    39  2  -1    4.087130E+01   5.030E+11   1.258E+12   8.352E+13   2.686E+12   3.308E+13   4.776E+13
    24    39  2  -1    4.086765E+01   9.498E+11
    25    39  2  -1    4.063289E+01   6.564E+09
    21    40  2  -1    4.318927E+01   1.629E+10   3.880E+12   8.132E+13   2.775E+10   2.661E+13   5.468E+13
    25    40  2  -1    4.094232E+01   1.262E+12
    26    40  2  -1    4.041354E+01   5.315E+12

   NRSLMX=   6    NVMAX=   2    LVMAX=   0

C--------------------------------------------------------------------------------------------------------------
C
C                                                                            
C
C--------------------------------------------------------------------------------------------------------------
