SEQ='BE'     NUCCHG=29                                                  /IC/

   PARENT LEVEL INDEXING                BWNP= 203463844.3  NPRNT=   3
   ---------------------
   INDP         CODE                 S L   WI        WNP
   ----         ----                 - -   --  ----------
     1          1S2 2S1             (2)0( 0.5)        0.0 
     2          1S2 2P1             (2)1( 0.5)   435915.4 
     3          1S2 2P1             (2)1( 1.5)   650861.2 

   IC RESOLVED LEVEL INDEXING           BWNR= 223455028.0 NLVL=    40
   --------------------------
   INDX  IRSL   CODE                 S L   WJ        WNR
   ----  ----   ----                 - -   --  ----------
     1    21    1S2 2S2             (1)0( 0.0)        0.0 
     2     1    1S2 2S1 2P1         (3)1( 0.0)   385499.5 
     3     2    1S2 2S1 2P1         (3)1( 1.0)   433397.6 
     4     3    1S2 2S1 2P1         (3)1( 2.0)   593540.0 
     5     4    1S2 2S1 2P1         (1)1( 1.0)   903263.1 
     6    22    1S2 2P2             (3)1( 0.0)  1078593.6 
     7    23    1S2 2P2             (3)1( 1.0)  1211545.6 
     8    24    1S2 2P2             (3)1( 2.0)  1275499.4 
     9    25    1S2 2P2             (1)2( 2.0)  1478925.2 
    10    26    1S2 2P2             (1)0( 0.0)  1714397.3 
    11    27    1S1 2S2 2P1         (3)1( 0.0) 66723716.1*
    12    28    1S1 2S2 2P1         (3)1( 1.0) 66760448.5*
    13     5    1S1 2S1 2P2         (5)1( 1.0) 66914243.6*
    14    29    1S1 2S2 2P1         (3)1( 2.0) 66936512.4*
    15     6    1S1 2S1 2P2         (5)1( 2.0) 67019461.7*
    16    30    1S1 2S2 2P1         (1)1( 1.0) 67088386.6*
    17     7    1S1 2S1 2P2         (5)1( 3.0) 67110628.3*
    18     8    1S1 2S1 2P2         (3)1( 0.0) 67318199.0*
    19     9    1S1 2S1 2P2         (3)1( 1.0) 67385230.6*
    20    10    1S1 2S1 2P2         (3)2( 2.0) 67419701.6*
    21    11    1S1 2S1 2P2         (3)2( 1.0) 67466493.3*
    22    12    1S1 2S1 2P2         (3)2( 3.0) 67498327.9*
    23    13    1S1 2S1 2P2         (3)1( 2.0) 67552243.3*
    24    14    1S1 2S1 2P2         (3)1( 1.0) 67594963.9*
    25    15    1S1 2S1 2P2         (3)1( 0.0) 67597163.1*
    26    16    1S1 2S1 2P2         (1)2( 2.0) 67716016.2*
    27    17    1S1 2S1 2P2         (3)0( 1.0) 67782083.2*
    28    31    1S1 2P3             (5)0( 2.0) 67783652.0*
    29    18    1S1 2S1 2P2         (3)1( 2.0) 67853989.4*
    30    19    1S1 2S1 2P2         (1)1( 1.0) 67940372.9*
    31    20    1S1 2S1 2P2         (1)0( 0.0) 68003754.0*
    32    32    1S1 2P3             (3)2( 1.0) 68016021.2*
    33    33    1S1 2P3             (3)2( 2.0) 68057386.0*
    34    34    1S1 2P3             (3)2( 3.0) 68113125.6*
    35    35    1S1 2P3             (3)0( 1.0) 68174098.2*
    36    36    1S1 2P3             (1)2( 2.0) 68250149.7*
    37    37    1S1 2P3             (3)1( 0.0) 68281737.3*
    38    38    1S1 2P3             (3)1( 1.0) 68324648.5*
    39    39    1S1 2P3             (3)1( 2.0) 68444759.5*
    40    40    1S1 2P3             (1)1( 1.0) 68566922.8*

C--------------------------------------------------------------------------------------------------------------
C
C                                                                            
C
C--------------------------------------------------------------------------------------------------------------
CU26     /IC/

  IRSL  IRSL  N   L      DEL(RYD)       B(SEC)      R(SEC)      A(SEC):       1           2           3
     1     5  2  -1    6.062541E+02   3.200E+13   3.340E+13   4.599E+12   3.329E+12   9.695E+11   3.007E+11
     2     5  2  -1    6.058176E+02   2.201E+13
     3     5  2  -1    6.043583E+02   4.303E+11
     2     6  2  -1    6.067764E+02   9.157E+10   1.138E+13   1.790E+12   1.470E+12   3.221E+10   2.873E+11
     3     6  2  -1    6.053171E+02   1.132E+13
     3     7  2  -1    6.061478E+02   4.204E+13   3.003E+13   1.375E+13   1.217E+13   1.540E+07   1.581E+12
     2     8  2  -1    6.094987E+02   2.956E+14   8.872E+14   6.984E+13   5.528E+12   6.259E+13   1.715E+12
     4     8  2  -1    6.052170E+02   1.263E+11
     1     9  2  -1    6.105460E+02   1.873E+15   9.146E+14   5.168E+13   3.992E+13   2.244E+12   9.515E+12
     2     9  2  -1    6.101095E+02   1.137E+14
     3     9  2  -1    6.086502E+02   1.060E+14
     2    10  2  -1    6.104236E+02   8.986E+14   6.037E+14   1.251E+14   1.097E+14   4.160E+12   1.122E+13
     3    10  2  -1    6.089643E+02   5.358E+13
     4    10  2  -1    6.061419E+02   1.831E+13
     1    11  2  -1    6.112865E+02   3.370E+13   5.383E+14   1.403E+14   1.101E+14   2.498E+13   5.153E+12
     2    11  2  -1    6.108500E+02   4.224E+14
     3    11  2  -1    6.093907E+02   5.664E+13
     4    11  2  -1    6.065683E+02   1.023E+13
     3    12  2  -1    6.096808E+02   4.997E+14   3.569E+14   1.596E+14   1.411E+14   1.784E+08   1.857E+13
     2    13  2  -1    6.116315E+02   5.807E+13   7.216E+14   1.215E+14   5.764E+13   4.490E+13   1.891E+13
     3    13  2  -1    6.101721E+02   6.395E+14
     4    13  2  -1    6.073497E+02   7.881E+13
     1    14  2  -1    6.124572E+02   2.191E+12   2.100E+14   1.392E+14   2.085E+13   8.907E+13   2.927E+13
     2    14  2  -1    6.120208E+02   5.130E+13
     3    14  2  -1    6.105614E+02   6.426E+13
     4    14  2  -1    6.077390E+02   5.087E+13
     2    15  2  -1    6.120408E+02   8.058E+13   3.134E+14   1.192E+14   4.149E+12   1.031E+14   1.194E+13
     4    15  2  -1    6.077591E+02   2.388E+13
     2    16  2  -1    6.131239E+02   6.081E+11   4.768E+14   1.918E+14   8.961E+13   3.952E+13   6.271E+13
     3    16  2  -1    6.116645E+02   2.665E+14
     4    16  2  -1    6.088421E+02   3.498E+14
     2    17  2  -1    6.137259E+02   1.097E+12   3.402E+14   9.934E+13   3.582E+13   1.117E+13   5.235E+13
     3    17  2  -1    6.122666E+02   1.992E+14
     4    17  2  -1    6.094442E+02   7.140E+12
     2    18  2  -1    6.143812E+02   3.565E+11   1.285E+14   2.180E+14   5.175E+13   5.009E+10   1.662E+14
     3    18  2  -1    6.129218E+02   1.492E+12
     4    18  2  -1    6.100994E+02   2.113E+14
     1    19  2  -1    6.156048E+02   4.453E+12   1.078E+15   6.659E+13   6.898E+12   7.050E+12   5.265E+13
     2    19  2  -1    6.151684E+02   7.445E+10
     3    19  2  -1    6.137090E+02   1.889E+12
     4    19  2  -1    6.108866E+02   1.073E+15
     2    20  2  -1    6.157459E+02   1.352E+11   3.536E+14   2.010E+14   5.401E+13   4.716E+12   1.423E+14
     4    20  2  -1    6.114642E+02   1.177E+14
    23    27  2  -1    5.969904E+02   3.351E+12   1.005E+13   1.753E+14   6.668E+13   1.046E+14   4.008E+12
    21    28  2  -1    6.083655E+02   2.351E+14   9.102E+13   1.686E+14   5.963E+13   9.673E+13   1.222E+13
    22    28  2  -1    5.985366E+02   1.634E+13
    23    28  2  -1    5.973251E+02   2.511E+12
    24    28  2  -1    5.967423E+02   2.797E+12
    23    29  2  -1    5.989295E+02   8.569E+12   1.494E+13   1.792E+14   6.559E+13   3.843E+12   1.097E+14
    24    29  2  -1    5.983467E+02   7.651E+12
    25    29  2  -1    5.964930E+02   2.149E+12
    21    30  2  -1    6.113539E+02   2.073E+15   7.134E+14   1.199E+14   7.346E+12   1.159E+13   1.010E+14
    22    30  2  -1    6.015250E+02   4.651E+11
    23    30  2  -1    6.003135E+02   7.976E+11
    24    30  2  -1    5.997307E+02   4.255E+12
    25    30  2  -1    5.978769E+02   7.940E+12
    26    30  2  -1    5.957312E+02   3.816E+12
    23    31  2  -1    6.066492E+02   3.957E+13   4.314E+13   1.705E+13   6.138E+11   1.412E+13   2.318E+12
    24    31  2  -1    6.060664E+02   1.884E+13
    25    31  2  -1    6.042127E+02   5.607E+11
    21    32  2  -1    6.198071E+02   1.010E+12   6.083E+14   1.772E+14   5.381E+11   1.485E+14   2.809E+13
    22    32  2  -1    6.099783E+02   1.428E+15
    23    32  2  -1    6.087667E+02   3.118E+12
    24    32  2  -1    6.081839E+02   7.654E+13
    25    32  2  -1    6.063302E+02   7.072E+11
    26    32  2  -1    6.041844E+02   3.878E+11
    23    33  2  -1    6.091437E+02   5.750E+14   3.796E+14   2.022E+14   5.469E+11   1.382E+14   6.346E+13
    24    33  2  -1    6.085609E+02   2.805E+12
    25    33  2  -1    6.067071E+02   3.181E+13
    24    34  2  -1    6.090688E+02   3.421E+14   3.850E+14   2.298E+14   0.000E+00   5.090E+13   1.789E+14
    25    34  2  -1    6.072150E+02   1.969E+14
    22    35  2  -1    6.114188E+02   1.095E+14   1.198E+15   6.687E+13   9.876E+10   1.596E+13   5.081E+13
    23    35  2  -1    6.102072E+02   7.451E+14
    24    35  2  -1    6.096244E+02   1.864E+14
    25    35  2  -1    6.077707E+02   6.364E+13
    26    35  2  -1    6.056249E+02   4.660E+11
    23    36  2  -1    6.109002E+02   1.009E+13   8.957E+14   2.109E+14   4.408E+11   7.032E+13   1.401E+14
    24    36  2  -1    6.103175E+02   6.428E+14
    25    36  2  -1    6.084637E+02   2.468E+14
    23    37  2  -1    6.111881E+02   1.265E+14   3.796E+14   1.495E+14   1.820E+12   2.417E+13   1.235E+14
    21    38  2  -1    6.226195E+02   2.099E+11   5.622E+14   1.413E+14   1.381E+12   2.083E+13   1.191E+14
    22    38  2  -1    6.127907E+02   4.231E+12
    23    38  2  -1    6.115791E+02   2.194E+13
    24    38  2  -1    6.109963E+02   2.615E+14
    25    38  2  -1    6.091426E+02   1.124E+13
    26    38  2  -1    6.069968E+02   2.529E+14
    23    39  2  -1    6.126737E+02   1.017E+13   6.033E+14   1.746E+14   1.142E+12   2.996E+12   1.705E+14
    24    39  2  -1    6.120909E+02   1.257E+12
    25    39  2  -1    6.102371E+02   5.959E+14
    21    40  2  -1    6.248273E+02   1.052E+12   1.099E+15   1.375E+14   1.163E+11   1.377E+13   1.236E+14
    22    40  2  -1    6.149984E+02   2.121E+11
    23    40  2  -1    6.137869E+02   3.475E+12
    24    40  2  -1    6.132041E+02   3.808E+12
    25    40  2  -1    6.113503E+02   3.914E+14
    26    40  2  -1    6.092046E+02   1.309E+15

   NRSLMX=   6    NVMAX=   2    LVMAX=   0

C--------------------------------------------------------------------------------------------------------------
C
C                                                                            
C
C--------------------------------------------------------------------------------------------------------------
