SEQ='BE'     NUCCHG=30                                                  /IC/

   PARENT LEVEL INDEXING                BWNP= 218138519.0  NPRNT=   3
   ---------------------
   INDP         CODE                 S L   WI        WNP
   ----         ----                 - -   --  ----------
     1          1S2 2S1             (2)0( 0.5)        0.0 
     2          1S2 2P1             (2)1( 0.5)   451760.9 
     3          1S2 2P1             (2)1( 1.5)   699503.1 

   IC RESOLVED LEVEL INDEXING           BWNR= 239667015.1 NLVL=    40
   --------------------------
   INDX  IRSL   CODE                 S L   WJ        WNR
   ----  ----   ----                 - -   --  ----------
     1    21    1S2 2S2             (1)0( 0.0)        0.0 
     2     1    1S2 2S1 2P1         (3)1( 0.0)   399573.6 
     3     2    1S2 2S1 2P1         (3)1( 1.0)   452765.7 
     4     3    1S2 2S1 2P1         (3)1( 2.0)   639634.0 
     5     4    1S2 2S1 2P1         (1)1( 1.0)   956947.6 
     6    22    1S2 2P2             (3)1( 0.0)  1123065.5 
     7    23    1S2 2P2             (3)1( 1.0)  1281275.3 
     8    24    1S2 2P2             (3)1( 2.0)  1349595.1 
     9    25    1S2 2P2             (1)2( 2.0)  1580940.3 
    10    26    1S2 2P2             (1)0( 0.0)  1822132.7 
    11    27    1S1 2S2 2P1         (3)1( 0.0) 71565357.7*
    12    28    1S1 2S2 2P1         (3)1( 1.0) 71605350.1*
    13     5    1S1 2S1 2P2         (5)1( 1.0) 71773589.3*
    14    29    1S1 2S2 2P1         (3)1( 2.0) 71810631.5*
    15     6    1S1 2S1 2P2         (5)1( 2.0) 71898408.8*
    16    30    1S1 2S2 2P1         (1)1( 1.0) 71966713.0*
    17     7    1S1 2S1 2P2         (5)1( 3.0) 72000359.5*
    18     8    1S1 2S1 2P2         (3)1( 0.0) 72189146.9*
    19     9    1S1 2S1 2P2         (3)1( 1.0) 72272809.8*
    20    10    1S1 2S1 2P2         (3)2( 2.0) 72312906.2*
    21    11    1S1 2S1 2P2         (3)2( 1.0) 72364821.1*
    22    12    1S1 2S1 2P2         (3)2( 3.0) 72408895.1*
    23    13    1S1 2S1 2P2         (3)1( 2.0) 72459155.4*
    24    14    1S1 2S1 2P2         (3)1( 0.0) 72489839.7*
    25    15    1S1 2S1 2P2         (3)1( 1.0) 72491032.3*
    26    16    1S1 2S1 2P2         (1)2( 2.0) 72632317.6*
    27    31    1S1 2P3             (5)0( 2.0) 72702341.0*
    28    17    1S1 2S1 2P2         (3)0( 1.0) 72708188.9*
    29    18    1S1 2S1 2P2         (3)1( 2.0) 72784971.4*
    30    19    1S1 2S1 2P2         (1)1( 1.0) 72869584.7*
    31    32    1S1 2P3             (3)2( 1.0) 72935082.8*
    32    20    1S1 2S1 2P2         (1)0( 0.0) 72939598.8*
    33    33    1S1 2P3             (3)2( 2.0) 72990222.9*
    34    34    1S1 2P3             (3)2( 3.0) 73056006.0*
    35    35    1S1 2P3             (3)0( 1.0) 73118224.5*
    36    36    1S1 2P3             (1)2( 2.0) 73196911.4*
    37    37    1S1 2P3             (3)1( 0.0) 73229355.0*
    38    38    1S1 2P3             (3)1( 1.0) 73276928.7*
    39    39    1S1 2P3             (3)1( 2.0) 73420564.6*
    40    40    1S1 2P3             (1)1( 1.0) 73545206.9*

C--------------------------------------------------------------------------------------------------------------
C
C                                                                            
C
C--------------------------------------------------------------------------------------------------------------
ZN27     /IC/

  IRSL  IRSL  N   L      DEL(RYD)       B(SEC)      R(SEC)      A(SEC):       1           2           3
     1     5  2  -1    6.504074E+02   4.545E+13   4.652E+13   5.461E+12   3.929E+12   1.198E+12   3.332E+11
     2     5  2  -1    6.499227E+02   3.050E+13
     3     5  2  -1    6.482198E+02   5.156E+11
     2     6  2  -1    6.510601E+02   1.277E+11   1.517E+13   2.091E+12   1.715E+12   3.741E+10   3.382E+11
     3     6  2  -1    6.493572E+02   1.508E+13
     3     7  2  -1    6.502863E+02   5.907E+13   4.219E+13   1.679E+13   1.486E+13   1.751E+07   1.929E+12
     2     8  2  -1    6.537095E+02   3.282E+14   9.851E+14   7.682E+13   6.439E+12   6.881E+13   1.571E+12
     4     8  2  -1    6.491151E+02   1.177E+11
     1     9  2  -1    6.549566E+02   2.148E+15   1.056E+15   5.001E+13   3.888E+13   1.960E+12   9.170E+12
     2     9  2  -1    6.544719E+02   1.386E+14
     3     9  2  -1    6.527690E+02   1.206E+14
     2    10  2  -1    6.548373E+02   1.036E+15   7.022E+14   1.244E+14   1.090E+14   4.139E+12   1.124E+13
     3    10  2  -1    6.531344E+02   6.566E+13
     4    10  2  -1    6.502428E+02   2.503E+13
     1    11  2  -1    6.557951E+02   4.721E+13   6.153E+14   1.418E+14   1.107E+14   2.554E+13   5.529E+12
     2    11  2  -1    6.553104E+02   4.851E+14
     3    11  2  -1    6.536075E+02   6.004E+13
     4    11  2  -1    6.507159E+02   1.437E+13
     3    12  2  -1    6.540091E+02   5.664E+14   4.046E+14   1.573E+14   1.390E+14   1.637E+08   1.828E+13
     2    13  2  -1    6.561700E+02   6.631E+13   7.772E+14   1.366E+14   6.284E+13   5.094E+13   2.286E+13
     3    13  2  -1    6.544671E+02   6.666E+14
     4    13  2  -1    6.515756E+02   1.179E+14
     2    14  2  -1    6.564496E+02   1.039E+14   4.025E+14   1.131E+14   4.003E+12   9.794E+13   1.120E+13
     4    14  2  -1    6.518552E+02   3.027E+13
     1    15  2  -1    6.569452E+02   3.799E+11   2.367E+14   1.420E+14   1.865E+13   9.142E+13   3.190E+13
     2    15  2  -1    6.564605E+02   5.473E+13
     3    15  2  -1    6.547576E+02   7.011E+13
     4    15  2  -1    6.518660E+02   6.498E+13
     2    16  2  -1    6.577480E+02   8.779E+11   5.984E+14   1.780E+14   8.565E+13   3.363E+13   5.871E+13
     3    16  2  -1    6.560451E+02   3.746E+14
     4    16  2  -1    6.531535E+02   3.720E+14
     2    17  2  -1    6.584394E+02   1.102E+12   4.106E+14   9.629E+13   3.756E+13   9.186E+12   4.954E+13
     3    17  2  -1    6.567365E+02   2.407E+14
     4    17  2  -1    6.538449E+02   8.379E+12
     2    18  2  -1    6.591391E+02   2.605E+11   1.500E+14   2.191E+14   5.253E+13   3.952E+10   1.665E+14
     3    18  2  -1    6.574362E+02   9.938E+11
     4    18  2  -1    6.545446E+02   2.480E+14
     1    19  2  -1    6.603948E+02   5.127E+12   1.232E+15   6.764E+13   8.105E+12   6.437E+12   5.310E+13
     2    19  2  -1    6.599101E+02   1.106E+11
     3    19  2  -1    6.582072E+02   2.765E+12
     4    19  2  -1    6.553157E+02   1.225E+15
     2    20  2  -1    6.605481E+02   1.639E+11   4.071E+14   2.008E+14   5.360E+13   3.968E+12   1.433E+14
     4    20  2  -1    6.559537E+02   1.355E+14
    23    27  2  -1    6.404752E+02   3.634E+12   1.090E+13   1.746E+14   6.694E+13   1.039E+14   3.810E+12
    21    28  2  -1    6.525155E+02   3.008E+14   1.144E+14   1.671E+14   5.911E+13   9.697E+13   1.097E+13
    22    28  2  -1    6.422813E+02   1.865E+13
    23    28  2  -1    6.408396E+02   2.698E+12
    24    28  2  -1    6.402171E+02   3.102E+12
    23    29  2  -1    6.427103E+02   9.929E+12   1.693E+13   1.788E+14   6.577E+13   3.875E+12   1.091E+14
    24    29  2  -1    6.420877E+02   8.434E+12
    25    29  2  -1    6.399795E+02   2.538E+12
    21    30  2  -1    6.558084E+02   2.365E+15   8.134E+14   1.202E+14   8.118E+12   1.059E+13   1.015E+14
    22    30  2  -1    6.455743E+02   5.715E+11
    23    30  2  -1    6.441326E+02   1.008E+12
    24    30  2  -1    6.435100E+02   5.188E+12
    25    30  2  -1    6.414019E+02   8.335E+12
    26    30  2  -1    6.392040E+02   4.330E+12
    23    31  2  -1    6.508361E+02   5.878E+13   6.261E+13   2.154E+13   7.203E+11   1.817E+13   2.648E+12
    24    31  2  -1    6.502136E+02   2.667E+13
    25    31  2  -1    6.481054E+02   6.729E+11
    21    32  2  -1    6.646329E+02   1.267E+12   7.323E+14   1.726E+14   5.696E+11   1.474E+14   2.460E+13
    22    32  2  -1    6.543987E+02   1.680E+15
    23    32  2  -1    6.529570E+02   7.967E+12
    24    32  2  -1    6.523345E+02   9.760E+13
    25    32  2  -1    6.502263E+02   5.834E+11
    26    32  2  -1    6.480284E+02   3.937E+11
    23    33  2  -1    6.534595E+02   6.472E+14   4.333E+14   1.982E+14   5.368E+11   1.375E+14   6.019E+13
    24    33  2  -1    6.528369E+02   6.007E+12
    25    33  2  -1    6.507288E+02   3.901E+13
    24    34  2  -1    6.534364E+02   3.771E+14   4.446E+14   2.307E+14   0.000E+00   5.109E+13   1.797E+14
    25    34  2  -1    6.513282E+02   2.453E+14
    22    35  2  -1    6.560677E+02   9.860E+13   1.355E+15   7.259E+13   8.183E+10   1.919E+13   5.332E+13
    23    35  2  -1    6.546259E+02   8.554E+14
    24    35  2  -1    6.540034E+02   1.995E+14
    25    35  2  -1    6.518952E+02   8.026E+13
    26    35  2  -1    6.496973E+02   4.437E+11
    23    36  2  -1    6.553430E+02   1.752E+13   1.041E+15   2.133E+14   3.702E+11   6.830E+13   1.446E+14
    24    36  2  -1    6.547204E+02   7.620E+14
    25    36  2  -1    6.526122E+02   2.681E+14
    23    37  2  -1    6.556386E+02   1.464E+14   4.391E+14   1.508E+14   1.712E+12   2.486E+13   1.242E+14
    21    38  2  -1    6.677480E+02   2.552E+11   6.616E+14   1.432E+14   1.270E+12   2.193E+13   1.200E+14
    22    38  2  -1    6.575139E+02   3.107E+12
    23    38  2  -1    6.560722E+02   2.641E+13
    24    38  2  -1    6.554496E+02   3.012E+14
    25    38  2  -1    6.533414E+02   1.170E+13
    26    38  2  -1    6.511435E+02   3.375E+14
    23    39  2  -1    6.573811E+02   9.633E+12   6.832E+14   1.746E+14   1.076E+12   2.584E+12   1.709E+14
    24    39  2  -1    6.567585E+02   6.718E+11
    25    39  2  -1    6.546503E+02   6.768E+14
    21    40  2  -1    6.701927E+02   1.028E+12   1.258E+15   1.378E+14   1.259E+11   1.198E+13   1.257E+14
    22    40  2  -1    6.599586E+02   2.028E+11
    23    40  2  -1    6.585169E+02   3.952E+12
    24    40  2  -1    6.578943E+02   3.742E+12
    25    40  2  -1    6.557861E+02   4.554E+14
    26    40  2  -1    6.535882E+02   1.465E+15

   NRSLMX=   6    NVMAX=   2    LVMAX=   0

C--------------------------------------------------------------------------------------------------------------
C
C                                                                            
C
C--------------------------------------------------------------------------------------------------------------
