SEQ='O '     NUCCHG=20                                                  /IC/

   PARENT LEVEL INDEXING                BWNP= 125229521.4  NPRNT=  15
   ---------------------
   INDP         CODE                 S L   WI        WNP
   ----         ----                 - -   --  ----------
     1          1S2 2S2 2P3         (4)0( 1.5)        0.0 
     2          1S2 2S2 2P3         (2)2( 1.5)   105907.9 
     3          1S2 2S2 2P3         (2)2( 2.5)   116686.3 
     4          1S2 2S2 2P3         (2)1( 0.5)   169495.4 
     5          1S2 2S2 2P3         (2)1( 1.5)   183214.8 
     6          1S2 2S1 2P4         (4)1( 2.5)   510827.2 
     7          1S2 2S1 2P4         (4)1( 1.5)   532204.9 
     8          1S2 2S1 2P4         (4)1( 0.5)   542200.2 
     9          1S2 2S1 2P4         (2)2( 1.5)   714675.4 
    10          1S2 2S1 2P4         (2)2( 2.5)   717471.1 
    11          1S2 2S1 2P4         (2)0( 0.5)   825048.2 
    12          1S2 2S1 2P4         (2)1( 1.5)   866067.3 
    13          1S2 2S1 2P4         (2)1( 0.5)   895395.6 
    14          1S2 2P5             (2)1( 1.5)  1360972.1 
    15          1S2 2P5             (2)1( 0.5)  1397106.8 

   IC RESOLVED LEVEL INDEXING           BWNR= 131091230.4 NLVL=    16
   --------------------------
   INDX  IRSL   CODE                 S L   WJ        WNR
   ----  ----   ----                 - -   --  ----------
     1     7    1S2 2S2 2P4         (3)1( 2.0)        0.0 
     2     8    1S2 2S2 2P4         (3)1( 1.0)    26645.9 
     3     9    1S2 2S2 2P4         (3)1( 0.0)    30502.1 
     4    10    1S2 2S2 2P4         (1)2( 2.0)    91397.4 
     5    11    1S2 2S2 2P4         (1)0( 0.0)   175339.9 
     6     1    1S2 2S1 2P5         (3)1( 2.0)   621397.0 
     7     2    1S2 2S1 2P5         (3)1( 1.0)   643643.5 
     8     3    1S2 2S1 2P5         (3)1( 0.0)   656667.9 
     9     4    1S2 2S1 2P5         (1)1( 1.0)   863032.8 
    10    12    1S2 2P6             (1)0( 0.0)  1468005.1 
    11    13    1S1 2S2 2P5         (3)1( 2.0) 30127161.8*
    12    14    1S1 2S2 2P5         (3)1( 1.0) 30149719.4*
    13    15    1S1 2S2 2P5         (3)1( 0.0) 30166542.8*
    14    16    1S1 2S2 2P5         (1)1( 1.0) 30246650.6*
    15     5    1S1 2S1 2P6         (3)0( 1.0) 30754402.7*
    16     6    1S1 2S1 2P6         (1)0( 0.0) 30906793.7*

C--------------------------------------------------------------------------------------------------------------
C
C                                                                            
C
C--------------------------------------------------------------------------------------------------------------
CA13     /IC/

  IRSL  IRSL  N   L      DEL(RYD)       B(SEC)      R(SEC)      A(SEC):       1           2           3           4           5           6
                                                                              7           8           9          10          11          12
                                                                             13          14          15
     1     5  2  -1    2.745919E+02   6.512E+13   1.951E+14   6.349E+14   7.747E+09   5.658E+10   0.000E+00   2.200E+11   4.065E+11   2.320E+12
                                                                          3.672E+11   4.214E+11   2.166E+14   3.267E+14   4.026E+13   2.383E+12
                                                                          4.161E+12   2.732E+13   1.366E+13
     2     5  2  -1    2.743892E+02   6.460E+13
     3     5  2  -1    2.742705E+02   6.489E+13
     4     5  2  -1    2.723900E+02   3.672E+11
     2     6  2  -1    2.757779E+02   3.811E+11   1.936E+14   9.225E+14   6.930E+10   5.019E+11   0.000E+00   1.953E+12   3.583E+12   2.306E+12
                                                                          3.647E+11   4.141E+11   2.153E+14   3.248E+14   3.955E+13   2.369E+12
                                                                          4.088E+12   2.179E+14   1.093E+14
     4     6  2  -1    2.737787E+02   6.417E+13
     7    13  2  -1    2.745387E+02   9.427E+13   1.300E+14   6.674E+14   2.586E+12   1.237E+14   1.923E+14   4.514E+13   4.340E+13   2.285E+13
                                                                          8.379E+12   2.227E+12   1.377E+13   7.389E+13   2.373E+13   5.449E+13
                                                                          4.287E+12   5.582E+13   8.569E+11
     8    13  2  -1    2.742959E+02   5.409E+13
    10    13  2  -1    2.737058E+02   3.315E+12
     7    14  2  -1    2.747442E+02   3.501E+13   1.352E+14   6.652E+14   1.796E+12   9.844E+13   1.531E+14   4.349E+13   1.097E+14   8.370E+12
                                                                          9.223E+12   1.055E+13   5.192E+13   2.767E+13   1.426E+13   5.015E+13
                                                                          2.955E+13   3.028E+13   2.669E+13
     8    14  2  -1    2.745014E+02   3.129E+13
     9    14  2  -1    2.744663E+02   1.297E+14
    10    14  2  -1    2.739114E+02   1.322E+12
    11    14  2  -1    2.731464E+02   2.175E+11
    12    14  2  -1    2.613668E+02   7.939E+10
     8    15  2  -1    2.746547E+02   4.344E+13   1.303E+14   6.671E+14   9.211E+11   7.056E+13   1.097E+14   4.178E+13   1.832E+14   2.326E+05
                                                                          2.321E+13   3.145E+12   7.834E+13   3.038E+07   4.025E+12   3.223E+13
                                                                          6.265E+13   1.929E+12   5.538E+13
     7    16  2  -1    2.756275E+02   9.651E+11   2.556E+14   6.157E+14   1.689E+12   9.523E+13   1.481E+14   4.293E+13   1.160E+14   3.661E+11
                                                                          1.253E+11   4.234E+11   1.784E+12   5.179E+11   2.497E+12   9.120E+13
                                                                          5.799E+13   2.733E+13   2.948E+13
     8    16  2  -1    2.753847E+02   1.252E+12
     9    16  2  -1    2.753496E+02   1.768E+11
    10    16  2  -1    2.747947E+02   1.258E+14
    11    16  2  -1    2.740297E+02   1.263E+14
    12    16  2  -1    2.622501E+02   2.617E+12

   NRSLMX=   6    NVMAX=   2    LVMAX=   0

C--------------------------------------------------------------------------------------------------------------
C
C                                                                            
C
C--------------------------------------------------------------------------------------------------------------
