SEQ='BE'     NUCCHG=16                                                  /IC/

   PARENT LEVEL INDEXING                BWNP=  59895541.7  NPRNT=   3
   ---------------------
   INDP         CODE                 S L   WI        WNP
   ----         ----                 - -   --  ----------
     1          1S2 2S1             (2)0( 0.5)        0.0 
     2          1S2 2P1             (2)1( 0.5)   227841.0 
     3          1S2 2P1             (2)1( 1.5)   244775.3 

   IC RESOLVED LEVEL INDEXING           BWNR=  65152245.3 NLVL=    40
   --------------------------
   INDX  IRSL   CODE                 S L   WJ        WNR
   ----  ----   ----                 - -   --  ----------
     1    21    1S2 2S2             (1)0( 0.0)        0.0 
     2     1    1S2 2S1 2P1         (3)1( 0.0)   201212.7 
     3     2    1S2 2S1 2P1         (3)1( 1.0)   206227.7 
     4     3    1S2 2S1 2P1         (3)1( 2.0)   217121.2 
     5     4    1S2 2S1 2P1         (1)1( 1.0)   401914.0 
     6    22    1S2 2P2             (3)1( 0.0)   527727.7 
     7    23    1S2 2P2             (3)1( 1.0)   534032.4 
     8    24    1S2 2P2             (3)1( 2.0)   543680.4 
     9    25    1S2 2P2             (1)2( 2.0)   603362.1 
    10    26    1S2 2P2             (1)0( 0.0)   736799.7 
    11    27    1S1 2S2 2P1         (3)1( 0.0) 19416948.2*
    12    28    1S1 2S2 2P1         (3)1( 1.0) 19421985.9*
    13    29    1S1 2S2 2P1         (3)1( 2.0) 19434034.3*
    14     5    1S1 2S1 2P2         (5)1( 1.0) 19461785.4*
    15     6    1S1 2S1 2P2         (5)1( 2.0) 19468204.6*
    16     7    1S1 2S1 2P2         (5)1( 3.0) 19477047.7*
    17    30    1S1 2S2 2P1         (1)1( 1.0) 19520936.7*
    18     8    1S1 2S1 2P2         (3)1( 0.0) 19672626.7*
    19     9    1S1 2S1 2P2         (3)1( 1.0) 19674543.6*
    20    10    1S1 2S1 2P2         (3)2( 2.0) 19676734.5*
    21    11    1S1 2S1 2P2         (3)2( 3.0) 19679907.9*
    22    12    1S1 2S1 2P2         (3)2( 1.0) 19682088.0*
    23    13    1S1 2S1 2P2         (3)1( 2.0) 19689496.9*
    24    14    1S1 2S1 2P2         (3)0( 1.0) 19777188.0*
    25    31    1S1 2P3             (5)0( 2.0) 19806544.4*
    26    15    1S1 2S1 2P2         (1)2( 2.0) 19815274.0*
    27    16    1S1 2S1 2P2         (3)1( 0.0) 19816117.2*
    28    17    1S1 2S1 2P2         (3)1( 1.0) 19822863.7*
    29    18    1S1 2S1 2P2         (3)1( 2.0) 19833250.2*
    30    19    1S1 2S1 2P2         (1)1( 1.0) 19900517.7*
    31    20    1S1 2S1 2P2         (1)0( 0.0) 19917314.2*
    32    32    1S1 2P3             (3)2( 1.0) 19949973.5*
    33    33    1S1 2P3             (3)2( 2.0) 19950128.0*
    34    34    1S1 2P3             (3)2( 3.0) 19951157.6*
    35    35    1S1 2P3             (3)0( 1.0) 19989662.3*
    36    36    1S1 2P3             (1)2( 2.0) 20037733.9*
    37    37    1S1 2P3             (3)1( 0.0) 20047804.9*
    38    38    1S1 2P3             (3)1( 1.0) 20049416.0*
    39    39    1S1 2P3             (3)1( 2.0) 20055701.6*
    40    40    1S1 2P3             (1)1( 1.0) 20141580.9*

C--------------------------------------------------------------------------------------------------------------
C
C                                                                            
C
C--------------------------------------------------------------------------------------------------------------
S 13     /IC/

  IRSL  IRSL  N   L      DEL(RYD)       B(SEC)      R(SEC)      A(SEC):       1           2           3
     1     5  2  -1    1.755151E+02   5.024E+10   6.910E+10   1.293E+11   9.858E+10   1.680E+10   1.391E+10
     2     5  2  -1    1.754694E+02   4.775E+10
     3     5  2  -1    1.753701E+02   2.763E+09
     3     6  2  -1    1.754286E+02   3.871E+10   3.878E+10   6.096E+10   5.171E+10   1.293E+09   7.955E+09
     3     7  2  -1    1.755092E+02   7.232E+10   5.166E+10   2.700E+11   2.401E+11   1.047E+06   2.998E+10
     2     8  2  -1    1.773907E+02   2.889E+13   8.667E+13   2.213E+13   1.481E+11   1.717E+13   4.808E+12
     4     8  2  -1    1.756075E+02   1.740E+09
     1     9  2  -1    1.774539E+02   1.423E+14   6.642E+13   6.775E+13   5.034E+13   6.649E+12   1.076E+13
     2     9  2  -1    1.774082E+02   2.897E+12
     3     9  2  -1    1.773089E+02   9.653E+12
     4     9  2  -1    1.756250E+02   2.754E+09
     2    10  2  -1    1.774282E+02   6.857E+13   4.297E+13   1.219E+14   1.058E+14   3.362E+12   1.273E+13
     3    10  2  -1    1.773289E+02   1.811E+12
     4    10  2  -1    1.756450E+02   3.340E+10
     3    11  2  -1    1.773578E+02   4.231E+13   3.022E+13   1.514E+14   1.342E+14   5.840E+08   1.719E+13
     1    12  2  -1    1.775227E+02   2.971E+10   5.116E+13   1.038E+14   8.413E+13   1.737E+13   2.286E+12
     2    12  2  -1    1.774770E+02   3.345E+13
     3    12  2  -1    1.773777E+02   1.061E+13
     4    12  2  -1    1.756937E+02   1.679E+10
     2    13  2  -1    1.775445E+02   6.386E+12   7.515E+13   4.845E+13   2.872E+13   1.066E+13   9.071E+12
     3    13  2  -1    1.774452E+02   7.129E+13
     4    13  2  -1    1.757613E+02   4.224E+10
     1    14  2  -1    1.783893E+02   7.846E+12   3.003E+13   7.532E+13   5.333E+13   1.646E+13   5.537E+12
     2    14  2  -1    1.783436E+02   8.995E+12
     3    14  2  -1    1.782443E+02   1.098E+13
     4    14  2  -1    1.765604E+02   1.264E+11
     2    15  2  -1    1.786906E+02   9.483E+10   2.727E+13   2.544E+14   1.177E+14   6.335E+13   7.334E+13
     3    15  2  -1    1.785914E+02   8.665E+11
     4    15  2  -1    1.769074E+02   4.392E+13
     2    16  2  -1    1.786983E+02   1.400E+12   4.696E+12   1.475E+14   7.212E+11   1.124E+14   3.434E+13
     4    16  2  -1    1.769151E+02   1.658E+11
     1    17  2  -1    1.788055E+02   1.502E+12   4.830E+12   1.461E+14   1.541E+12   6.747E+13   7.710E+13
     2    17  2  -1    1.787598E+02   3.046E+11
     3    17  2  -1    1.786605E+02   2.263E+12
     4    17  2  -1    1.769766E+02   2.535E+11
     2    18  2  -1    1.788545E+02   7.119E+11   5.939E+12   1.676E+14   1.697E+13   5.001E+12   1.456E+14
     3    18  2  -1    1.787552E+02   1.834E+12
     4    18  2  -1    1.770712E+02   6.130E+12
     1    19  2  -1    1.795131E+02   5.326E+10   9.087E+13   5.174E+13   2.137E+11   1.387E+13   3.766E+13
     3    19  2  -1    1.793682E+02   1.997E+09
     4    19  2  -1    1.776842E+02   9.085E+13
     4    20  2  -1    1.778373E+02   1.003E+13   3.010E+13   1.898E+14   5.374E+13   2.852E+13   1.075E+14
    23    27  2  -1    1.720737E+02   4.565E+11   1.369E+12   1.722E+14   5.962E+13   1.066E+14   6.010E+12
    21    28  2  -1    1.769860E+02   1.167E+12   1.793E+12   1.720E+14   5.916E+13   7.992E+13   3.293E+13
    22    28  2  -1    1.721770E+02   1.491E+12
    23    28  2  -1    1.721196E+02   3.518E+11
    24    28  2  -1    1.720316E+02   3.328E+11
    23    29  2  -1    1.722294E+02   6.488E+11   1.454E+12   1.729E+14   5.940E+13   3.377E+12   1.101E+14
    24    29  2  -1    1.721414E+02   1.054E+12
    25    29  2  -1    1.715976E+02   1.025E+10
    21    30  2  -1    1.778877E+02   1.786E+14   6.201E+13   1.133E+14   5.200E+11   2.993E+13   8.283E+13
    23    30  2  -1    1.730213E+02   4.612E+09
    24    30  2  -1    1.729334E+02   1.667E+10
    25    30  2  -1    1.723895E+02   1.408E+12
    26    30  2  -1    1.711735E+02   3.094E+11
    23    31  2  -1    1.756239E+02   3.208E+10   6.135E+10   2.692E+11   2.029E+10   1.424E+11   1.065E+11
    24    31  2  -1    1.755360E+02   4.199E+10
    22    32  2  -1    1.769884E+02   5.848E+13   3.030E+13   2.005E+14   2.669E+10   1.132E+14   8.725E+13
    23    32  2  -1    1.769309E+02   9.934E+12
    24    32  2  -1    1.768430E+02   4.791E+11
    25    32  2  -1    1.762992E+02   4.375E+10
    26    32  2  -1    1.750832E+02   9.857E+09
    23    33  2  -1    1.769323E+02   4.153E+13   3.003E+13   2.006E+14   4.623E+10   8.993E+13   1.106E+14
    24    33  2  -1    1.768444E+02   4.969E+12
    25    33  2  -1    1.763006E+02   1.362E+11
    24    34  2  -1    1.768538E+02   4.135E+13   3.001E+13   2.015E+14   0.000E+00   4.473E+13   1.567E+14
    25    34  2  -1    1.763100E+02   6.681E+11
    22    35  2  -1    1.773501E+02   4.415E+13   1.195E+14   2.142E+12   4.460E+10   2.332E+11   1.864E+12
    23    35  2  -1    1.772926E+02   4.516E+13
    24    35  2  -1    1.772047E+02   3.558E+13
    25    35  2  -1    1.766608E+02   1.960E+11
    26    35  2  -1    1.754449E+02   4.080E+10
    23    36  2  -1    1.777307E+02   2.216E+12   7.201E+13   1.783E+14   9.473E+11   9.783E+13   7.950E+13
    24    36  2  -1    1.776428E+02   1.360E+13
    25    36  2  -1    1.770989E+02   5.708E+13
    23    37  2  -1    1.778224E+02   9.666E+12   2.900E+13   1.239E+14   2.931E+12   1.553E+13   1.055E+14
    22    38  2  -1    1.778946E+02   1.663E+13   3.014E+13   1.227E+14   2.917E+12   2.119E+13   9.856E+13
    23    38  2  -1    1.778371E+02   4.947E+12
    24    38  2  -1    1.777492E+02   1.164E+13
    25    38  2  -1    1.772053E+02   8.739E+10
    26    38  2  -1    1.759894E+02   3.086E+11
    23    39  2  -1    1.778944E+02   5.727E+12   4.734E+13   1.471E+14   2.097E+12   9.971E+12   1.351E+14
    24    39  2  -1    1.778065E+02   1.159E+13
    25    39  2  -1    1.772626E+02   3.231E+13
    21    40  2  -1    1.835434E+02   2.876E+11   8.940E+13   1.207E+14   7.860E+09   3.410E+13   8.654E+13
    23    40  2  -1    1.786770E+02   2.942E+10
    24    40  2  -1    1.785891E+02   4.032E+10
    25    40  2  -1    1.780452E+02   2.903E+13
    26    40  2  -1    1.768292E+02   1.224E+14

   NRSLMX=   6    NVMAX=   2    LVMAX=   0

C--------------------------------------------------------------------------------------------------------------
C
C                                                                            
C
C--------------------------------------------------------------------------------------------------------------
