SEQ='O '     NUCCHG=12                                                  /IC/

   PARENT LEVEL INDEXING                BWNP=  41076728.1  NPRNT=  15
   ---------------------
   INDP         CODE                 S L   WI        WNP
   ----         ----                 - -   --  ----------
     1          1S2 2S2 2P3         (4)0( 1.5)        0.0 
     2          1S2 2S2 2P3         (2)2( 1.5)    57765.6 
     3          1S2 2S2 2P3         (2)2( 2.5)    58020.9 
     4          1S2 2S2 2P3         (2)1( 0.5)    82712.1 
     5          1S2 2S2 2P3         (2)1( 1.5)    82949.6 
     6          1S2 2S1 2P4         (4)1( 2.5)   248897.7 
     7          1S2 2S1 2P4         (4)1( 1.5)   250817.6 
     8          1S2 2S1 2P4         (4)1( 0.5)   251922.2 
     9          1S2 2S1 2P4         (2)2( 1.5)   352224.1 
    10          1S2 2S1 2P4         (2)2( 2.5)   352269.8 
    11          1S2 2S1 2P4         (2)0( 0.5)   410002.1 
    12          1S2 2S1 2P4         (2)1( 1.5)   439642.7 
    13          1S2 2S1 2P4         (2)1( 0.5)   442008.9 
    14          1S2 2P5             (2)1( 1.5)   678048.4 
    15          1S2 2P5             (2)1( 0.5)   681394.0 

   IC RESOLVED LEVEL INDEXING           BWNR=  42205020.9 NLVL=    16
   --------------------------
   INDX  IRSL   CODE                 S L   WJ        WNR
   ----  ----   ----                 - -   --  ----------
     1     7    1S2 2S2 2P4         (3)1( 2.0)        0.0 
     2     8    1S2 2S2 2P4         (3)1( 1.0)     2216.5 
     3     9    1S2 2S2 2P4         (3)1( 0.0)     3168.3 
     4    10    1S2 2S2 2P4         (1)2( 2.0)    38212.0 
     5    11    1S2 2S2 2P4         (1)0( 0.0)    75062.3 
     6     1    1S2 2S1 2P5         (3)1( 2.0)   295354.7 
     7     2    1S2 2S1 2P5         (3)1( 1.0)   297491.5 
     8     3    1S2 2S1 2P5         (3)1( 0.0)   298588.2 
     9     4    1S2 2S1 2P5         (1)1( 1.0)   420508.6 
    10    12    1S2 2P6             (1)0( 0.0)   709836.0 
    11    13    1S1 2S2 2P5         (3)1( 2.0) 10209528.0*
    12    14    1S1 2S2 2P5         (3)1( 1.0) 10212150.8*
    13    15    1S1 2S2 2P5         (3)1( 0.0) 10213577.3*
    14    16    1S1 2S2 2P5         (1)1( 1.0) 10259687.2*
    15     5    1S1 2S1 2P6         (3)0( 1.0) 10515858.9*
    16     6    1S1 2S1 2P6         (1)0( 0.0) 10595870.9*

C--------------------------------------------------------------------------------------------------------------
C
C                                                                            
C
C--------------------------------------------------------------------------------------------------------------
MG 5     /IC/

  IRSL  IRSL  N   L      DEL(RYD)       B(SEC)      R(SEC)      A(SEC):       1           2           3           4           5           6
                                                                              7           8           9          10          11          12
                                                                             13          14          15
     1     5  2  -1    9.313602E+01   6.232E+12   1.869E+13   4.635E+14   2.011E+08   3.306E+09   0.000E+00   1.764E+11   3.537E+11   5.817E+10
                                                                          6.851E+09   8.932E+09   1.611E+14   2.416E+14   3.298E+13   4.616E+10
                                                                          1.141E+11   1.803E+13   9.011E+12
     2     5  2  -1    9.311654E+01   6.228E+12
     3     5  2  -1    9.310655E+01   6.227E+12
     4     5  2  -1    9.199553E+01   9.223E+08
     2     6  2  -1    9.384567E+01   9.790E+08   1.845E+13   6.890E+14   2.305E+09   3.786E+10   0.000E+00   2.010E+12   4.024E+12   5.675E+10
                                                                          6.683E+09   8.538E+09   1.571E+14   2.356E+14   3.150E+13   4.502E+10
                                                                          1.090E+11   1.723E+14   8.621E+13
     4     6  2  -1    9.272465E+01   6.149E+12
     7    13  2  -1    9.303599E+01   9.304E+12   1.242E+13   4.986E+14   5.025E+10   6.900E+13   1.402E+14   3.279E+13   5.626E+13   1.864E+13
                                                                          7.660E+12   1.247E+12   6.957E+12   5.709E+13   1.398E+13   4.129E+13
                                                                          7.182E+12   4.547E+13   8.203E+11
     8    13  2  -1    9.301580E+01   5.174E+12
    10    13  2  -1    9.268778E+01   1.469E+10
     7    14  2  -1    9.305989E+01   3.119E+12   1.245E+13   4.985E+14   4.576E+10   8.961E+13   1.024E+14   3.253E+13   7.359E+13   9.749E+12
                                                                          6.998E+12   1.011E+13   4.390E+13   1.946E+13   1.196E+13   2.712E+13
                                                                          2.468E+13   1.794E+13   2.841E+13
     8    14  2  -1    9.303970E+01   3.102E+12
     9    14  2  -1    9.303102E+01   1.242E+13
    10    14  2  -1    9.271168E+01   5.023E+09
     8    15  2  -1    9.305269E+01   4.144E+12   1.243E+13   4.986E+14   4.310E+10   1.018E+14   8.007E+13   3.239E+13   8.382E+13   1.153E+06
                                                                          2.234E+13   4.219E+12   6.311E+13   4.854E+09   1.078E+13   1.766E+13
                                                                          3.591E+13   1.676E+12   4.472E+13
     7    16  2  -1    9.349308E+01   4.949E+09   2.485E+13   4.560E+14   4.694E+10   8.067E+13   1.171E+14   3.217E+13   6.554E+13   1.514E+10
                                                                          5.017E+09   1.482E+10   7.030E+09   1.264E+11   7.245E+10   7.518E+13
                                                                          3.973E+13   2.854E+13   1.679E+13
     8    16  2  -1    9.347288E+01   5.088E+09
    10    16  2  -1    9.314486E+01   1.245E+13
    11    16  2  -1    9.280906E+01   1.197E+13
    12    16  2  -1    8.702458E+01   2.997E+11

   NRSLMX=   6    NVMAX=   2    LVMAX=   0

C--------------------------------------------------------------------------------------------------------------
C
C                                                                            
C
C--------------------------------------------------------------------------------------------------------------
