SEQ='O '     NUCCHG=21                                                  /IC/

   PARENT LEVEL INDEXING                BWNP= 139028388.6  NPRNT=  15
   ---------------------
   INDP         CODE                 S L   WI        WNP
   ----         ----                 - -   --  ----------
     1          1S2 2S2 2P3         (4)0( 1.5)        0.0 
     2          1S2 2S2 2P3         (2)2( 1.5)   110774.3 
     3          1S2 2S2 2P3         (2)2( 2.5)   125301.4 
     4          1S2 2S2 2P3         (2)1( 0.5)   181816.1 
     5          1S2 2S2 2P3         (2)1( 1.5)   200821.5 
     6          1S2 2S1 2P4         (4)1( 2.5)   546238.3 
     7          1S2 2S1 2P4         (4)1( 1.5)   572985.2 
     8          1S2 2S1 2P4         (4)1( 0.5)   584917.5 
     9          1S2 2S1 2P4         (2)2( 1.5)   764290.8 
    10          1S2 2S1 2P4         (2)2( 2.5)   768347.6 
    11          1S2 2S1 2P4         (2)0( 0.5)   880843.0 
    12          1S2 2S1 2P4         (2)1( 1.5)   923659.4 
    13          1S2 2S1 2P4         (2)1( 0.5)   960779.7 
    14          1S2 2P5             (2)1( 1.5)  1452904.8 
    15          1S2 2P5             (2)1( 0.5)  1497873.9 

   IC RESOLVED LEVEL INDEXING           BWNR= 145732240.1 NLVL=    16
   --------------------------
   INDX  IRSL   CODE                 S L   WJ        WNR
   ----  ----   ----                 - -   --  ----------
     1     7    1S2 2S2 2P4         (3)1( 2.0)        0.0 
     2     8    1S2 2S2 2P4         (3)1( 1.0)    33729.1 
     3     9    1S2 2S2 2P4         (3)1( 0.0)    36784.8 
     4    10    1S2 2S2 2P4         (1)2( 2.0)   101477.1 
     5    11    1S2 2S2 2P4         (1)0( 0.0)   193352.0 
     6     1    1S2 2S1 2P5         (3)1( 2.0)   666705.6 
     7     2    1S2 2S1 2P5         (3)1( 1.0)   694134.2 
     8     3    1S2 2S1 2P5         (3)1( 0.0)   710662.9 
     9     4    1S2 2S1 2P5         (1)1( 1.0)   924860.1 
    10    12    1S2 2P6             (1)0( 0.0)  1572394.6 
    11    13    1S1 2S2 2P5         (3)1( 2.0) 33378367.8*
    12    14    1S1 2S2 2P5         (3)1( 1.0) 33405526.1*
    13    15    1S1 2S2 2P5         (3)1( 0.0) 33427118.0*
    14    16    1S1 2S2 2P5         (1)1( 1.0) 33509734.5*
    15     5    1S1 2S1 2P6         (3)0( 1.0) 34051319.2*
    16     6    1S1 2S1 2P6         (1)0( 0.0) 34213095.6*

C--------------------------------------------------------------------------------------------------------------
C
C                                                                            
C
C--------------------------------------------------------------------------------------------------------------
SC14     /IC/

  IRSL  IRSL  N   L      DEL(RYD)       B(SEC)      R(SEC)      A(SEC):       1           2           3           4           5           6
                                                                              7           8           9          10          11          12
                                                                             13          14          15
     1     5  2  -1    3.042227E+02   8.106E+13   2.429E+14   6.505E+14   1.075E+10   6.506E+10   0.000E+00   2.205E+11   4.016E+11   3.191E+12
                                                                          5.392E+11   6.033E+11   2.207E+14   3.338E+14   4.010E+13   3.401E+12
                                                                          5.247E+12   2.812E+13   1.406E+13
     2     5  2  -1    3.039728E+02   8.021E+13
     3     5  2  -1    3.038222E+02   8.074E+13
     4     5  2  -1    3.018703E+02   6.440E+11
     2     6  2  -1    3.054470E+02   6.672E+11   2.411E+14   9.440E+14   9.454E+10   5.676E+11   0.000E+00   1.927E+12   3.481E+12   3.179E+12
                                                                          5.372E+11   5.938E+11   2.199E+14   3.326E+14   3.946E+13   3.389E+12
                                                                          5.164E+12   2.218E+14   1.113E+14
     4     6  2  -1    3.033445E+02   7.971E+13
     7    13  2  -1    3.041658E+02   1.162E+14   1.619E+14   6.826E+14   3.817E+12   1.287E+14   1.971E+14   4.629E+13   4.127E+13   2.351E+13
                                                                          8.416E+12   2.469E+12   1.517E+13   7.507E+13   2.473E+13   5.486E+13
                                                                          3.728E+12   5.664E+13   8.492E+11
     8    13  2  -1    3.038585E+02   6.731E+13
    10    13  2  -1    3.032411E+02   5.250E+12
     7    14  2  -1    3.044133E+02   4.452E+13   1.704E+14   6.797E+14   2.620E+12   1.007E+14   1.596E+14   4.458E+13   1.091E+14   7.906E+12
                                                                          9.647E+12   1.039E+13   5.167E+13   2.845E+13   1.502E+13   5.372E+13
                                                                          2.849E+13   3.246E+13   2.536E+13
     8    14  2  -1    3.041060E+02   3.841E+13
     9    14  2  -1    3.040781E+02   1.613E+14
    10    14  2  -1    3.034886E+02   2.307E+12
    11    14  2  -1    3.026514E+02   3.909E+11
    12    14  2  -1    2.900846E+02   1.304E+11
     8    15  2  -1    3.043027E+02   5.408E+13   1.623E+14   6.823E+14   1.113E+12   6.552E+13   1.124E+14   4.258E+13   1.945E+14   2.434E+06
                                                                          2.296E+13   2.877E+12   7.878E+13   2.484E+08   3.098E+12   3.471E+13
                                                                          6.550E+13   1.950E+12   5.629E+13
     7    16  2  -1    3.053629E+02   1.408E+12   3.161E+14   6.306E+14   2.279E+12   9.295E+13   1.492E+14   4.379E+13   1.258E+14   4.775E+11
                                                                          1.735E+11   5.765E+11   2.314E+12   7.579E+11   3.160E+12   9.131E+13
                                                                          6.014E+13   2.605E+13   3.174E+13
     8    16  2  -1    3.050556E+02   2.095E+12
     9    16  2  -1    3.050277E+02   3.223E+11
    10    16  2  -1    3.044382E+02   1.548E+14
    11    16  2  -1    3.036010E+02   1.572E+14
    12    16  2  -1    2.910342E+02   3.166E+12

   NRSLMX=   6    NVMAX=   2    LVMAX=   0

C--------------------------------------------------------------------------------------------------------------
C
C                                                                            
C
C--------------------------------------------------------------------------------------------------------------
