SEQ='BE'     NUCCHG=11                                                  /IC/

   PARENT LEVEL INDEXING                BWNP=  27530387.9  NPRNT=   3
   ---------------------
   INDP         CODE                 S L   WI        WNP
   ----         ----                 - -   --  ----------
     1          1S2 2S1             (2)0( 0.5)        0.0 
     2          1S2 2P1             (2)1( 0.5)   148489.7 
     3          1S2 2P1             (2)1( 1.5)   151655.4 

   IC RESOLVED LEVEL INDEXING           BWNR=  29658793.0 NLVL=    40
   --------------------------
   INDX  IRSL   CODE                 S L   WJ        WNR
   ----  ----   ----                 - -   --  ----------
     1    21    1S2 2S2             (1)0( 0.0)        0.0 
     2     1    1S2 2S1 2P1         (3)1( 0.0)   129206.3 
     3     2    1S2 2S1 2P1         (3)1( 1.0)   130150.0 
     4     3    1S2 2S1 2P1         (3)1( 2.0)   132081.1 
     5     4    1S2 2S1 2P1         (1)1( 1.0)   255929.4 
     6    22    1S2 2P2             (3)1( 0.0)   333984.9 
     7    23    1S2 2P2             (3)1( 1.0)   334995.7 
     8    24    1S2 2P2             (3)1( 2.0)   336865.2 
     9    25    1S2 2P2             (1)2( 2.0)   375885.4 
    10    26    1S2 2P2             (1)0( 0.0)   462527.8 
    11    27    1S1 2S2 2P1         (3)1( 0.0)  8811046.2*
    12    28    1S1 2S2 2P1         (3)1( 1.0)  8812108.2*
    13    29    1S1 2S2 2P1         (3)1( 2.0)  8814361.5*
    14     5    1S1 2S1 2P2         (5)1( 1.0)  8834267.7*
    15     6    1S1 2S1 2P2         (5)1( 2.0)  8835463.8*
    16     7    1S1 2S1 2P2         (5)1( 3.0)  8837212.8*
    17    30    1S1 2S2 2P1         (1)1( 1.0)  8868633.7*
    18     8    1S1 2S1 2P2         (3)1( 0.0)  8965285.7*
    19     9    1S1 2S1 2P2         (3)1( 1.0)  8966054.8*
    20    10    1S1 2S1 2P2         (3)1( 2.0)  8967609.1*
    21    11    1S1 2S1 2P2         (3)2( 3.0)  8970464.9*
    22    12    1S1 2S1 2P2         (3)2( 1.0)  8970553.1*
    23    13    1S1 2S1 2P2         (3)2( 2.0)  8970800.0*
    24    14    1S1 2S1 2P2         (3)0( 1.0)  9033854.6*
    25    31    1S1 2P3             (5)0( 2.0)  9050840.2*
    26    15    1S1 2S1 2P2         (1)2( 2.0)  9060131.5*
    27    16    1S1 2S1 2P2         (3)1( 0.0)  9069279.1*
    28    17    1S1 2S1 2P2         (3)1( 1.0)  9070284.7*
    29    18    1S1 2S1 2P2         (3)1( 2.0)  9072119.0*
    30    19    1S1 2S1 2P2         (1)1( 1.0)  9112422.7*
    31    20    1S1 2S1 2P2         (1)0( 0.0)  9123784.7*
    32    32    1S1 2P3             (3)2( 1.0)  9141892.1*
    33    33    1S1 2P3             (3)2( 2.0)  9141900.9*
    34    34    1S1 2P3             (3)2( 3.0)  9141960.2*
    35    35    1S1 2P3             (3)0( 1.0)  9161469.2*
    36    36    1S1 2P3             (1)2( 2.0)  9197029.4*
    37    37    1S1 2P3             (3)1( 0.0)  9206491.6*
    38    38    1S1 2P3             (3)1( 1.0)  9206629.2*
    39    39    1S1 2P3             (3)1( 2.0)  9207049.8*
    40    40    1S1 2P3             (1)1( 1.0)  9262029.5*

C--------------------------------------------------------------------------------------------------------------
C
C                                                                            
C
C--------------------------------------------------------------------------------------------------------------
NA 8     /IC/

  IRSL  IRSL  N   L      DEL(RYD)       B(SEC)      R(SEC)      A(SEC):       1           2           3
     2     5  2  -1    7.931770E+01   8.360E+08   1.200E+09   1.018E+10   7.985E+09   1.059E+09   1.138E+09
     3     6  2  -1    7.931100E+01   7.526E+08   7.530E+08   4.949E+09   4.333E+09   1.266E+08   4.897E+08
     3     7  2  -1    7.932694E+01   1.191E+09   8.506E+08   2.022E+10   1.815E+10   1.694E+05   2.067E+09
     2     8  2  -1    8.051162E+01   5.543E+12   1.663E+13   2.031E+13   1.074E+10   1.424E+13   6.055E+12
     1     9  2  -1    8.052723E+01   2.086E+13   1.636E+13   2.283E+13   3.211E+12   8.447E+12   1.117E+13
     2     9  2  -1    8.051863E+01   3.173E+12
     3     9  2  -1    8.050103E+01   3.737E+12
     2    10  2  -1    8.053279E+01   1.147E+13   1.547E+13   3.146E+13   1.303E+13   7.685E+11   1.766E+13
     3    10  2  -1    8.051519E+01   8.586E+12
     3    11  2  -1    8.054122E+01   8.047E+12   5.748E+12   1.285E+14   1.149E+14   1.067E+09   1.362E+13
     1    12  2  -1    8.056822E+01   5.636E+12   6.049E+12   1.256E+14   1.117E+14   1.279E+13   1.153E+12
     2    12  2  -1    8.055962E+01   3.493E+12
     3    12  2  -1    8.054202E+01   4.066E+11
     2    13  2  -1    8.056187E+01   2.695E+12   6.970E+12   1.165E+14   1.019E+14   9.841E+12   4.773E+12
     3    13  2  -1    8.054427E+01   5.352E+12
     4    13  2  -1    7.941568E+01   9.717E+08
     1    14  2  -1    8.114506E+01   1.811E+12   5.869E+12   6.089E+13   4.683E+13   6.436E+12   7.632E+12
     2    14  2  -1    8.113646E+01   1.883E+12
     3    14  2  -1    8.111887E+01   2.028E+12
     4    14  2  -1    7.999028E+01   1.961E+09
     2    15  2  -1    8.137592E+01   1.947E+09   5.643E+12   2.406E+14   1.134E+14   4.783E+13   7.946E+13
     3    15  2  -1    8.135832E+01   1.222E+10
     4    15  2  -1    8.022973E+01   9.383E+12
     2    16  2  -1    8.145928E+01   2.060E+11   6.300E+11   1.317E+14   8.322E+10   9.284E+13   3.880E+13
     4    16  2  -1    8.031309E+01   3.984E+09
     1    17  2  -1    8.147704E+01   4.846E+11   6.151E+11   1.318E+14   7.427E+10   6.523E+13   6.653E+13
     2    17  2  -1    8.146844E+01   1.193E+11
     3    17  2  -1    8.145084E+01   1.959E+11
     4    17  2  -1    8.032225E+01   7.820E+09
     2    18  2  -1    8.148516E+01   2.066E+11   6.045E+11   1.337E+14   1.096E+12   1.615E+13   1.165E+14
     3    18  2  -1    8.146756E+01   4.280E+11
     4    18  2  -1    8.033897E+01   8.740E+10
     4    19  2  -1    8.070624E+01   1.734E+13   1.734E+13   4.065E+13   1.734E+10   1.256E+13   2.807E+13
     4    20  2  -1    8.080978E+01   1.932E+12   5.796E+12   1.720E+14   4.592E+13   3.631E+13   8.982E+13
    23    27  2  -1    7.723940E+01   9.510E+10   2.853E+11   1.582E+14   5.278E+13   9.949E+13   5.908E+12
    21    28  2  -1    8.030178E+01   2.532E+10   2.956E+11   1.582E+14   5.271E+13   6.984E+13   3.563E+13
    22    28  2  -1    7.725829E+01   2.931E+11
    23    28  2  -1    7.724907E+01   7.211E+10
    24    28  2  -1    7.723204E+01   7.040E+10
    23    29  2  -1    7.726961E+01   1.237E+11   2.904E+11   1.583E+14   5.271E+13   3.060E+12   1.026E+14
    24    29  2  -1    7.725257E+01   2.161E+11
    21    30  2  -1    8.081687E+01   3.409E+13   1.187E+13   1.050E+14   5.570E+10   3.251E+13   7.243E+13
    25    30  2  -1    7.739156E+01   2.899E+11
    26    30  2  -1    7.660201E+01   5.953E+10
    24    31  2  -1    7.940752E+01   7.473E+08   1.023E+09   2.046E+10   1.796E+09   9.545E+09   9.119E+09
    22    32  2  -1    8.026349E+01   9.859E+12   5.692E+12   1.720E+14   2.219E+09   8.931E+13   8.269E+13
    23    32  2  -1    8.025428E+01   2.263E+12
    24    32  2  -1    8.023725E+01   8.489E+10
    25    32  2  -1    7.988167E+01   8.262E+08
    23    33  2  -1    8.025436E+01   7.344E+12   5.686E+12   1.720E+14   3.984E+09   6.981E+13   1.022E+14
    24    33  2  -1    8.023733E+01   1.278E+12
    25    33  2  -1    7.988175E+01   1.818E+09
    24    34  2  -1    8.023787E+01   7.948E+12   5.684E+12   1.721E+14   0.000E+00   3.823E+13   1.339E+14
    25    34  2  -1    7.988229E+01   9.484E+09
    22    35  2  -1    8.044189E+01   7.937E+12   2.288E+13   1.199E+11   3.185E+09   3.185E+10   8.489E+10
    23    35  2  -1    8.043268E+01   7.846E+12
    24    35  2  -1    8.041565E+01   7.429E+12
    25    35  2  -1    8.006007E+01   2.769E+09
    23    36  2  -1    8.075673E+01   5.260E+10   1.684E+13   1.706E+14   8.256E+10   6.931E+13   1.012E+14
    24    36  2  -1    8.073970E+01   2.288E+11
    25    36  2  -1    8.038412E+01   1.658E+13
    23    37  2  -1    8.084296E+01   1.829E+12   5.487E+12   1.038E+14   2.914E+12   1.173E+13   8.914E+13
    22    38  2  -1    8.085342E+01   4.792E+12   5.499E+12   1.037E+14   2.925E+12   2.097E+13   7.979E+13
    23    38  2  -1    8.084421E+01   1.265E+12
    24    38  2  -1    8.082717E+01   1.580E+12
    25    38  2  -1    8.047160E+01   1.199E+09
    26    38  2  -1    7.968205E+01   3.650E+09
    23    39  2  -1    8.084804E+01   1.988E+12   5.788E+12   1.055E+14   2.877E+12   2.971E+13   7.288E+13
    24    39  2  -1    8.083101E+01   4.041E+12
    25    39  2  -1    8.047543E+01   5.549E+11
    21    40  2  -1    8.440176E+01   6.539E+10   1.697E+13   1.011E+14   1.182E+09   3.206E+13   6.906E+13
    24    40  2  -1    8.133202E+01   4.752E+08
    25    40  2  -1    8.097644E+01   5.510E+12
    26    40  2  -1    8.018690E+01   2.328E+13

   NRSLMX=   6    NVMAX=   2    LVMAX=   0

C--------------------------------------------------------------------------------------------------------------
C
C                                                                            
C
C--------------------------------------------------------------------------------------------------------------
