SEQ='BE'     NUCCHG= 7                                                  /IC/

   PARENT LEVEL INDEXING                BWNP=  10615918.7  NPRNT=   3
   ---------------------
   INDP         CODE                 S L   WI        WNP
   ----         ----                 - -   --  ----------
     1          1S2 2S1             (2)0( 0.5)        0.0 
     2          1S2 2P1             (2)1( 0.5)    84849.4 
     3          1S2 2P1             (2)1( 1.5)    85208.3 

   IC RESOLVED LEVEL INDEXING           BWNR=  11239033.8 NLVL=    36
   --------------------------
   INDX  IRSL   CODE                 S L   WJ        WNR
   ----  ----   ----                 - -   --  ----------
     1    21    1S2 2S2             (1)0( 0.0)        0.0 
     2     1    1S2 2S1 2P1         (3)1( 0.0)    70737.4 
     3     2    1S2 2S1 2P1         (3)1( 1.0)    70838.0 
     4     3    1S2 2S1 2P1         (3)1( 2.0)    71040.2 
     5     4    1S2 2S1 2P1         (1)1( 1.0)   142775.9 
     6    22    1S2 2P2             (3)1( 0.0)   182193.4 
     7    23    1S2 2P2             (3)1( 1.0)   182295.4 
     8    24    1S2 2P2             (3)1( 2.0)   182496.3 
     9    25    1S2 2P2             (1)2( 2.0)   203709.0 
    10    26    1S2 2P2             (1)0( 0.0)   252099.1 
    11    27    1S1 2S2 2P1         (3)1( 0.0)  3313708.5*
    12    28    1S1 2S2 2P1         (3)1( 1.0)  3313846.0*
    13    29    1S1 2S2 2P1         (3)1( 2.0)  3314125.2*
    14    30    1S1 2S2 2P1         (1)1( 1.0)  3341116.9*
    15     8    1S1 2S1 2P2         (3)1( 0.0)  3394242.6*
    16     9    1S1 2S1 2P2         (3)1( 1.0)  3394352.8*
    17    10    1S1 2S1 2P2         (3)1( 2.0)  3394574.7*
    18    11    1S1 2S1 2P2         (3)2( 3.0)  3401450.7*
    19    12    1S1 2S1 2P2         (3)2( 1.0)  3401451.0*
    20    13    1S1 2S1 2P2         (3)2( 2.0)  3401452.4*
    21    14    1S1 2S1 2P2         (3)0( 1.0)  3437237.1*
    22    15    1S1 2S1 2P2         (1)2( 2.0)  3453381.4*
    23    16    1S1 2S1 2P2         (3)1( 0.0)  3464337.3*
    24    17    1S1 2S1 2P2         (3)1( 1.0)  3464452.5*
    25    18    1S1 2S1 2P2         (3)1( 2.0)  3464676.8*
    26    19    1S1 2S1 2P2         (1)1( 1.0)  3481418.4*
    27    20    1S1 2S1 2P2         (1)0( 0.0)  3489174.4*
    28    32    1S1 2P3             (3)2( 1.0)  3498743.9*
    29    33    1S1 2P3             (3)2( 2.0)  3498744.2*
    30    34    1S1 2P3             (3)2( 3.0)  3498745.8*
    31    35    1S1 2P3             (3)0( 1.0)  3503650.9*
    32    36    1S1 2P3             (1)2( 2.0)  3525871.2*
    33    37    1S1 2P3             (3)1( 0.0)  3536683.0*
    34    38    1S1 2P3             (3)1( 1.0)  3536694.1*
    35    39    1S1 2P3             (3)1( 2.0)  3536717.6*
    36    40    1S1 2P3             (1)1( 1.0)  3563832.9*

C--------------------------------------------------------------------------------------------------------------
C
C                                                                            
C
C--------------------------------------------------------------------------------------------------------------
N  4     /IC/

  IRSL  IRSL  N   L      DEL(RYD)       B(SEC)      R(SEC)      A(SEC):       1           2           3
     2     8  2  -1    3.028507E+01   6.660E+11   1.998E+12   2.119E+13   3.382E+08   1.427E+13   6.922E+12
     1     9  2  -1    3.028699E+01   2.045E+12   1.998E+12   2.115E+13   1.586E+10   1.043E+13   1.070E+13
     2     9  2  -1    3.028607E+01   4.921E+11
     3     9  2  -1    3.028423E+01   4.947E+11
     2    10  2  -1    3.028809E+01   8.648E+11   1.999E+12   2.106E+13   3.012E+10   3.421E+12   1.761E+13
     3    10  2  -1    3.028625E+01   1.480E+12
     3    11  2  -1    3.034891E+01   9.662E+11   6.901E+11   9.239E+13   8.425E+13   1.864E+09   8.135E+12
     1    12  2  -1    3.035167E+01   1.110E+12   6.905E+11   9.238E+13   8.424E+13   6.892E+12   1.251E+12
     2    12  2  -1    3.035076E+01   2.977E+11
     3    12  2  -1    3.034891E+01   1.359E+10
     2    13  2  -1    3.035077E+01   8.316E+11   6.907E+11   9.237E+13   8.422E+13   4.245E+12   3.901E+12
     3    13  2  -1    3.034893E+01   1.917E+11
     1    14  2  -1    3.067778E+01   2.335E+11   7.127E+11   4.261E+13   3.423E+13   3.002E+12   5.377E+12
     2    14  2  -1    3.067686E+01   2.355E+11
     3    14  2  -1    3.067502E+01   2.396E+11
     4    15  2  -1    3.016843E+01   1.130E+12   6.778E+11   1.937E+14   8.348E+13   3.733E+13   7.287E+13
     2    16  2  -1    3.092382E+01   2.111E+10   6.342E+10   1.026E+14   4.753E+09   6.958E+13   3.301E+13
     4    16  2  -1    3.026827E+01   3.576E+07
     1    17  2  -1    3.092578E+01   6.055E+10   6.305E+10   1.026E+14   1.537E+09   5.131E+13   5.131E+13
     2    17  2  -1    3.092487E+01   1.516E+10
     3    17  2  -1    3.092302E+01   1.656E+10
     4    17  2  -1    3.026932E+01   9.887E+07
     2    18  2  -1    3.092691E+01   2.528E+10   6.224E+10   1.027E+14   1.469E+10   1.643E+13   8.630E+13
     3    18  2  -1    3.092507E+01   4.696E+10
     4    18  2  -1    3.027137E+01   1.886E+08
     4    19  2  -1    3.042393E+01   2.086E+12   2.086E+12   2.436E+13   6.436E+08   7.927E+12   1.643E+13
     4    20  2  -1    3.049460E+01   2.333E+11   7.000E+11   1.415E+14   3.296E+13   3.487E+13   7.370E+13
    23    27  2  -1    2.853551E+01   1.207E+10   3.622E+10   1.313E+14   4.166E+13   8.460E+13   5.053E+12
    22    28  2  -1    2.853770E+01   3.645E+10   3.634E+10   1.313E+14   4.165E+13   5.780E+13   3.186E+13
    23    28  2  -1    2.853677E+01   9.081E+09
    24    28  2  -1    2.853494E+01   9.025E+09
    23    29  2  -1    2.853931E+01   1.523E+10   3.637E+10   1.313E+14   4.164E+13   2.546E+12   8.715E+13
    24    29  2  -1    2.853748E+01   2.723E+10
    21    30  2  -1    3.044647E+01   4.083E+12   1.424E+12   8.964E+13   9.327E+11   2.902E+13   5.969E+13
    25    30  2  -1    2.859014E+01   3.652E+10
    26    30  2  -1    2.814918E+01   7.739E+09
    22    32  2  -1    3.022261E+01   1.145E+12   6.815E+11   1.260E+14   9.174E+07   6.355E+13   6.247E+13
    23    32  2  -1    3.022168E+01   2.815E+11
    24    32  2  -1    3.021985E+01   1.102E+10
    23    33  2  -1    3.022168E+01   8.580E+11   6.815E+11   1.260E+14   1.618E+08   4.946E+13   7.656E+13
    24    33  2  -1    3.021985E+01   1.667E+11
    24    34  2  -1    3.021987E+01   9.539E+11   6.814E+11   1.260E+14   0.000E+00   2.800E+13   9.802E+13
    22    35  2  -1    3.026732E+01   9.196E+11   2.738E+12   2.855E+09   9.129E+07   9.969E+08   1.767E+09
    23    35  2  -1    3.026639E+01   9.168E+11
    24    35  2  -1    3.026456E+01   9.086E+11
    24    36  2  -1    3.046705E+01   5.231E+08   2.055E+12   1.265E+14   9.929E+08   4.324E+13   8.330E+13
    25    36  2  -1    3.027375E+01   2.054E+12
    23    37  2  -1    3.056741E+01   2.202E+11   6.606E+11   7.414E+13   2.542E+12   7.227E+12   6.437E+13
    22    38  2  -1    3.056844E+01   6.442E+11   6.606E+11   7.412E+13   2.545E+12   1.528E+13   5.630E+13
    23    38  2  -1    3.056751E+01   1.633E+11
    24    38  2  -1    3.056568E+01   1.695E+11
    23    39  2  -1    3.056772E+01   2.687E+11   6.609E+11   7.412E+13   2.551E+12   3.066E+13   4.091E+13
    24    39  2  -1    3.056589E+01   4.987E+11
    25    39  2  -1    3.037259E+01   1.003E+09
    21    40  2  -1    3.247601E+01   8.768E+09   2.040E+12   7.219E+13   5.482E+10   2.376E+13   4.837E+13
    25    40  2  -1    3.061968E+01   6.639E+11
    26    40  2  -1    3.017872E+01   2.793E+12

   NRSLMX=   6    NVMAX=   2    LVMAX=   0

C--------------------------------------------------------------------------------------------------------------
C
C                                                                            
C
C--------------------------------------------------------------------------------------------------------------
