SEQ='BE'     NUCCHG= 9                                                  /IC/

   PARENT LEVEL INDEXING                BWNP=  18079496.2  NPRNT=   3
   ---------------------
   INDP         CODE                 S L   WI        WNP
   ----         ----                 - -   --  ----------
     1          1S2 2S1             (2)0( 0.5)        0.0 
     2          1S2 2P1             (2)1( 0.5)   116766.1 
     3          1S2 2P1             (2)1( 1.5)   118004.0 

   IC RESOLVED LEVEL INDEXING           BWNR=  19344765.8 NLVL=    36
   --------------------------
   INDX  IRSL   CODE                 S L   WJ        WNR
   ----  ----   ----                 - -   --  ----------
     1    21    1S2 2S2             (1)0( 0.0)        0.0 
     2     1    1S2 2S1 2P1         (3)1( 0.0)   100139.3 
     3     2    1S2 2S1 2P1         (3)1( 1.0)   100501.5 
     4     3    1S2 2S1 2P1         (3)1( 2.0)   101233.9 
     5     4    1S2 2S1 2P1         (1)1( 1.0)   199387.0 
     6    22    1S2 2P2             (3)1( 0.0)   258099.3 
     7    23    1S2 2P2             (3)1( 1.0)   258474.0 
     8    24    1S2 2P2             (3)1( 2.0)   259194.9 
     9    25    1S2 2P2             (1)2( 2.0)   289449.2 
    10    26    1S2 2P2             (1)0( 0.0)   357058.8 
    11    27    1S1 2S2 2P1         (3)1( 0.0)  5731624.3*
    12    28    1S1 2S2 2P1         (3)1( 1.0)  5732061.9*
    13    29    1S1 2S2 2P1         (3)1( 2.0)  5732965.8*
    14    30    1S1 2S2 2P1         (1)1( 1.0)  5773534.9*
    15     8    1S1 2S1 2P2         (3)1( 0.0)  5848292.7*
    16     9    1S1 2S1 2P2         (3)1( 1.0)  5848636.9*
    17    10    1S1 2S1 2P2         (3)1( 2.0)  5849340.4*
    18    11    1S1 2S1 2P2         (3)2( 3.0)  5854472.5*
    19    12    1S1 2S1 2P2         (3)2( 1.0)  5854480.6*
    20    13    1S1 2S1 2P2         (3)2( 2.0)  5854500.0*
    21    14    1S1 2S1 2P2         (3)0( 1.0)  5904044.7*
    22    15    1S1 2S1 2P2         (1)2( 2.0)  5925200.0*
    23    16    1S1 2S1 2P2         (3)1( 0.0)  5935763.4*
    24    17    1S1 2S1 2P2         (3)1( 1.0)  5936146.5*
    25    18    1S1 2S1 2P2         (3)1( 2.0)  5936872.6*
    26    19    1S1 2S1 2P2         (1)1( 1.0)  5965292.6*
    27    20    1S1 2S1 2P2         (1)0( 0.0)  5974823.8*
    28    32    1S1 2P3             (3)2( 1.0)  5988480.7*
    29    33    1S1 2P3             (3)2( 2.0)  5988482.7*
    30    34    1S1 2P3             (3)2( 3.0)  5988495.0*
    31    35    1S1 2P3             (3)0( 1.0)  6000413.4*
    32    36    1S1 2P3             (1)2( 2.0)  6029461.0*
    33    37    1S1 2P3             (3)1( 0.0)  6039792.4*
    34    38    1S1 2P3             (3)1( 1.0)  6039834.7*
    35    39    1S1 2P3             (3)1( 2.0)  6039937.4*
    36    40    1S1 2P3             (1)1( 1.0)  6080870.4*

C--------------------------------------------------------------------------------------------------------------
C
C                                                                            
C
C--------------------------------------------------------------------------------------------------------------
F  6     /IC/

  IRSL  IRSL  N   L      DEL(RYD)       B(SEC)      R(SEC)      A(SEC):       1           2           3
     2     8  2  -1    5.237769E+01   2.209E+12   6.626E+12   2.047E+13   2.421E+09   1.400E+13   6.469E+12
     1     9  2  -1    5.238412E+01   7.192E+12   6.619E+12   2.054E+13   2.803E+11   9.647E+12   1.062E+13
     2     9  2  -1    5.238082E+01   1.547E+12
     3     9  2  -1    5.237415E+01   1.605E+12
     2    10  2  -1    5.238723E+01   3.215E+12   6.611E+12   2.061E+13   6.566E+11   2.790E+12   1.717E+13
     3    10  2  -1    5.238056E+01   4.682E+12
     3    11  2  -1    5.242733E+01   3.203E+12   2.288E+12   1.135E+14   1.023E+14   1.410E+09   1.127E+13
     1    12  2  -1    5.243738E+01   3.305E+12   2.300E+12   1.133E+14   1.020E+14   9.857E+12   1.467E+12
     2    12  2  -1    5.243408E+01   1.085E+12
     3    12  2  -1    5.242740E+01   6.791E+10
     2    13  2  -1    5.243425E+01   2.417E+12   2.315E+12   1.130E+14   1.016E+14   6.446E+12   4.929E+12
     3    13  2  -1    5.242758E+01   8.654E+11
     1    14  2  -1    5.288904E+01   7.518E+11   2.348E+12   5.311E+13   4.157E+13   4.549E+12   6.994E+12
     2    14  2  -1    5.288574E+01   7.671E+11
     3    14  2  -1    5.287906E+01   7.979E+11
     3    15  2  -1    5.307184E+01   9.549E+08   2.253E+12   2.218E+14   1.015E+14   4.223E+13   7.812E+13
     4    15  2  -1    5.217741E+01   3.753E+12
     2    16  2  -1    5.317478E+01   7.613E+10   2.299E+11   1.197E+14   2.385E+10   8.247E+13   3.719E+13
     4    16  2  -1    5.227367E+01   5.009E+08
     1    17  2  -1    5.318157E+01   2.036E+11   2.267E+11   1.198E+14   1.385E+10   5.971E+13   6.005E+13
     2    17  2  -1    5.317827E+01   5.081E+10
     3    17  2  -1    5.317160E+01   6.413E+10
     4    17  2  -1    5.227716E+01   1.114E+09
     2    18  2  -1    5.318489E+01   8.559E+10   2.209E+11   1.203E+14   1.692E+11   1.765E+13   1.024E+14
     3    18  2  -1    5.317821E+01   1.660E+11
     4    18  2  -1    5.228378E+01   5.988E+09
     4    19  2  -1    5.254276E+01   6.908E+12   6.908E+12   3.364E+13   4.184E+09   1.073E+13   2.291E+13
     4    20  2  -1    5.262961E+01   7.711E+11   2.313E+12   1.594E+14   4.049E+13   3.663E+13   8.233E+13
    23    27  2  -1    4.987498E+01   3.888E+10   1.166E+11   1.474E+14   4.815E+13   9.360E+13   5.612E+12
    21    28  2  -1    5.223435E+01   3.056E+09   1.180E+11   1.474E+14   4.812E+13   6.465E+13   3.460E+13
    22    28  2  -1    4.988238E+01   1.183E+11
    23    28  2  -1    4.987896E+01   2.934E+10
    24    28  2  -1    4.987240E+01   2.894E+10
    23    29  2  -1    4.988720E+01   4.961E+10   1.177E+11   1.474E+14   4.811E+13   2.858E+12   9.647E+13
    24    29  2  -1    4.988063E+01   8.794E+10
    21    30  2  -1    5.261228E+01   1.357E+13   4.727E+12   9.878E+13   2.256E+11   3.156E+13   6.699E+13
    25    30  2  -1    4.997463E+01   1.180E+11
    26    30  2  -1    4.935852E+01   2.425E+10
    22    32  2  -1    5.221904E+01   3.840E+12   2.261E+12   1.531E+14   5.527E+08   7.807E+13   7.502E+13
    23    32  2  -1    5.221562E+01   9.220E+11
    24    32  2  -1    5.220905E+01   3.525E+10
    23    33  2  -1    5.221564E+01   2.874E+12   2.260E+12   1.531E+14   9.907E+08   6.085E+13   9.224E+13
    24    33  2  -1    5.220907E+01   5.359E+11
    24    34  2  -1    5.220918E+01   3.163E+12   2.260E+12   1.531E+14   0.000E+00   3.402E+13   1.191E+14
    25    34  2  -1    5.193349E+01   9.059E+08
    22    35  2  -1    5.232778E+01   3.093E+12   9.095E+12   2.374E+10   6.783E+08   7.492E+09   1.557E+10
    23    35  2  -1    5.232436E+01   3.071E+12
    24    35  2  -1    5.231779E+01   2.996E+12
    25    35  2  -1    5.204210E+01   2.576E+08
    23    36  2  -1    5.258906E+01   3.262E+09   6.799E+12   1.533E+14   1.171E+10   5.539E+13   9.789E+13
    24    36  2  -1    5.258249E+01   1.565E+10
    25    36  2  -1    5.230680E+01   6.781E+12
    23    37  2  -1    5.268321E+01   7.281E+11   2.184E+12   9.139E+13   2.777E+12   9.749E+12   7.886E+13
    22    38  2  -1    5.268701E+01   2.048E+12   2.185E+12   9.135E+13   2.784E+12   1.887E+13   6.970E+13
    23    38  2  -1    5.268360E+01   5.277E+11
    24    38  2  -1    5.267703E+01   5.846E+11
    23    39  2  -1    5.268453E+01   8.563E+11   2.201E+12   9.155E+13   2.789E+12   3.385E+13   5.491E+13
    24    39  2  -1    5.267796E+01   1.653E+12
    25    39  2  -1    5.240226E+01   3.425E+10
    21    40  2  -1    5.541293E+01   2.760E+10   6.753E+12   8.902E+13   1.274E+10   2.889E+13   6.011E+13
    25    40  2  -1    5.277527E+01   2.195E+12
    26    40  2  -1    5.215917E+01   9.257E+12

   NRSLMX=   6    NVMAX=   2    LVMAX=   0

C--------------------------------------------------------------------------------------------------------------
C
C                                                                            
C
C--------------------------------------------------------------------------------------------------------------
