SEQ='O '     NUCCHG=19                                                  /IC/

   PARENT LEVEL INDEXING                BWNP= 112163817.9  NPRNT=  15
   ---------------------
   INDP         CODE                 S L   WI        WNP
   ----         ----                 - -   --  ----------
     1          1S2 2S2 2P3         (4)0( 1.5)        0.0 
     2          1S2 2S2 2P3         (2)2( 1.5)   100806.4 
     3          1S2 2S2 2P3         (2)2( 2.5)   108561.3 
     4          1S2 2S2 2P3         (2)1( 0.5)   157710.3 
     5          1S2 2S2 2P3         (2)1( 1.5)   167334.4 
     6          1S2 2S1 2P4         (4)1( 2.5)   476237.1 
     7          1S2 2S1 2P4         (4)1( 1.5)   493112.2 
     8          1S2 2S1 2P4         (4)1( 0.5)   501333.0 
     9          1S2 2S1 2P4         (2)2( 1.5)   666354.1 
    10          1S2 2S1 2P4         (2)2( 2.5)   668235.8 
    11          1S2 2S1 2P4         (2)0( 0.5)   770468.5 
    12          1S2 2S1 2P4         (2)1( 1.5)   809882.3 
    13          1S2 2S1 2P4         (2)1( 0.5)   832732.5 
    14          1S2 2P5             (2)1( 1.5)  1270997.7 
    15          1S2 2P5             (2)1( 0.5)  1299670.6 

   IC RESOLVED LEVEL INDEXING           BWNR= 117239201.7 NLVL=    16
   --------------------------
   INDX  IRSL   CODE                 S L   WJ        WNR
   ----  ----   ----                 - -   --  ----------
     1     7    1S2 2S2 2P4         (3)1( 2.0)        0.0 
     2     8    1S2 2S2 2P4         (3)1( 1.0)    20791.4 
     3     9    1S2 2S2 2P4         (3)1( 0.0)    24848.3 
     4    10    1S2 2S2 2P4         (1)2( 2.0)    82420.7 
     5    11    1S2 2S2 2P4         (1)0( 0.0)   159208.7 
     6     1    1S2 2S1 2P5         (3)1( 2.0)   577406.1 
     7     2    1S2 2S1 2P5         (3)1( 1.0)   595197.6 
     8     3    1S2 2S1 2P5         (3)1( 0.0)   605350.1 
     9     4    1S2 2S1 2P5         (1)1( 1.0)   803142.3 
    10    12    1S2 2P6             (1)0( 0.0)  1366337.7 
    11    13    1S1 2S2 2P5         (3)1( 2.0) 27046327.8*
    12    14    1S1 2S2 2P5         (3)1( 1.0) 27064781.1*
    13    15    1S1 2S2 2P5         (3)1( 0.0) 27077767.8*
    14    16    1S1 2S2 2P5         (1)1( 1.0) 27154917.6*
    15     5    1S1 2S1 2P6         (3)0( 1.0) 27629373.9*
    16     6    1S1 2S1 2P6         (1)0( 0.0) 27772417.3*

C--------------------------------------------------------------------------------------------------------------
C
C                                                                            
C
C--------------------------------------------------------------------------------------------------------------
K 12     /IC/

  IRSL  IRSL  N   L      DEL(RYD)       B(SEC)      R(SEC)      A(SEC):       1           2           3           4           5           6
                                                                              7           8           9          10          11          12
                                                                             13          14          15
     1     5  2  -1    2.465155E+02   5.167E+13   1.549E+14   6.180E+14   5.460E+09   4.722E+10   0.000E+00   2.184E+11   4.101E+11   1.645E+12
                                                                          2.455E+11   2.886E+11   2.117E+14   3.187E+14   4.021E+13   1.630E+12
                                                                          3.180E+12   2.645E+13   1.322E+13
     2     5  2  -1    2.463534E+02   5.136E+13
     3     5  2  -1    2.462608E+02   5.151E+13
     4     5  2  -1    2.444584E+02   2.030E+11
     2     6  2  -1    2.476569E+02   2.111E+11   1.536E+14   8.994E+14   4.981E+10   4.268E+11   0.000E+00   1.975E+12   3.684E+12   1.632E+12
                                                                          2.437E+11   2.830E+11   2.100E+14   3.162E+14   3.942E+13   1.617E+12
                                                                          3.118E+12   2.137E+14   1.071E+14
     4     6  2  -1    2.457619E+02   5.100E+13
     7    13  2  -1    2.464641E+02   7.543E+13   1.032E+14   6.509E+14   1.723E+12   1.178E+14   1.870E+14   4.388E+13   4.576E+13   2.224E+13
                                                                          8.334E+12   2.024E+12   1.254E+13   7.253E+13   2.262E+13   5.382E+13
                                                                          4.873E+12   5.491E+13   8.615E+11
     8    13  2  -1    2.462746E+02   4.294E+13
    10    13  2  -1    2.457130E+02   2.014E+12
     7    14  2  -1    2.466322E+02   2.729E+13   1.062E+14   6.493E+14   1.224E+12   9.679E+13   1.466E+14   4.235E+13   1.087E+14   8.772E+12
                                                                          8.848E+12   1.065E+13   5.191E+13   2.680E+13   1.369E+13   4.672E+13
                                                                          3.020E+13   2.826E+13   2.778E+13
     8    14  2  -1    2.464428E+02   2.510E+13
     9    14  2  -1    2.464058E+02   1.030E+14
    10    14  2  -1    2.458812E+02   7.360E+11
    11    14  2  -1    2.451814E+02   1.131E+11
    12    14  2  -1    2.341813E+02   4.678E+10
     8    15  2  -1    2.465611E+02   3.447E+13   1.034E+14   6.507E+14   7.315E+11   7.616E+13   1.067E+14   4.092E+13   1.709E+14   9.387E+04
                                                                          2.337E+13   3.389E+12   7.758E+13   2.021E+07   5.060E+12   2.995E+13
                                                                          5.960E+13   1.905E+12   5.440E+13
     7    16  2  -1    2.474536E+02   6.265E+11   2.039E+14   5.996E+14   1.214E+12   9.656E+13   1.463E+14   4.196E+13   1.070E+14   2.725E+11
                                                                          8.912E+10   3.038E+11   1.329E+12   3.508E+11   1.896E+12   9.071E+13
                                                                          5.585E+13   2.837E+13   2.739E+13
     8    16  2  -1    2.472642E+02   7.251E+11
     9    16  2  -1    2.472272E+02   9.021E+10
    10    16  2  -1    2.467026E+02   1.008E+14
    11    16  2  -1    2.460028E+02   1.002E+14
    12    16  2  -1    2.350027E+02   2.132E+12

   NRSLMX=   6    NVMAX=   2    LVMAX=   0

C--------------------------------------------------------------------------------------------------------------
C
C                                                                            
C
C--------------------------------------------------------------------------------------------------------------
