SEQ='O '     NUCCHG=28                                                  /IC/

   PARENT LEVEL INDEXING                BWNP= 256354347.8  NPRNT=  15
   ---------------------
   INDP         CODE                 S L   WI        WNP
   ----         ----                 - -   --  ----------
     1          1S2 2S2 2P3         (4)0( 1.5)        0.0 
     2          1S2 2S2 2P3         (2)2( 1.5)   159238.8 
     3          1S2 2S2 2P3         (2)2( 2.5)   218019.9 
     4          1S2 2S2 2P3         (2)1( 0.5)   301895.0 
     5          1S2 2S2 2P3         (2)1( 1.5)   407579.9 
     6          1S2 2S1 2P4         (4)1( 2.5)   835014.0 
     7          1S2 2S1 2P4         (4)1( 1.5)   932393.8 
     8          1S2 2S1 2P4         (4)1( 0.5)   956765.0 
     9          1S2 2S1 2P4         (2)2( 1.5)  1171249.9 
    10          1S2 2S1 2P4         (2)2( 2.5)  1203324.5 
    11          1S2 2S1 2P4         (2)0( 0.5)  1336496.0 
    12          1S2 2S1 2P4         (2)1( 1.5)  1399801.6 
    13          1S2 2S1 2P4         (2)1( 0.5)  1540836.8 
    14          1S2 2P5             (2)1( 1.5)  2183379.1 
    15          1S2 2P5             (2)1( 0.5)  2343120.5 

   IC RESOLVED LEVEL INDEXING           BWNR= 270514711.5 NLVL=    16
   --------------------------
   INDX  IRSL   CODE                 S L   WJ        WNR
   ----  ----   ----                 - -   --  ----------
     1     7    1S2 2S2 2P4         (3)1( 2.0)        0.0 
     2     8    1S2 2S2 2P4         (3)1( 0.0)    90399.5 
     3     9    1S2 2S2 2P4         (3)1( 1.0)   133568.3 
     4    10    1S2 2S2 2P4         (1)2( 2.0)   220118.6 
     5    11    1S2 2S2 2P4         (1)0( 0.0)   411799.3 
     6     1    1S2 2S1 2P5         (3)1( 2.0)  1036528.1 
     7     2    1S2 2S1 2P5         (3)1( 1.0)  1122959.4 
     8     3    1S2 2S1 2P5         (3)1( 0.0)  1193802.7 
     9     4    1S2 2S1 2P5         (1)1( 1.0)  1439813.6 
    10    12    1S2 2P6             (1)0( 0.0)  2409300.3 
    11    13    1S1 2S2 2P5         (3)1( 2.0) 60964609.8*
    12    14    1S1 2S2 2P5         (3)1( 1.0) 61034168.2*
    13    15    1S1 2S2 2P5         (3)1( 0.0) 61133685.9*
    14    16    1S1 2S2 2P5         (1)1( 1.0) 61224518.1*
    15     5    1S1 2S1 2P6         (3)0( 1.0) 62014262.5*
    16     6    1S1 2S1 2P6         (1)0( 0.0) 62242373.6*

C--------------------------------------------------------------------------------------------------------------
C
C                                                                            
C
C--------------------------------------------------------------------------------------------------------------
NI21     /IC/

  IRSL  IRSL  N   L      DEL(RYD)       B(SEC)      R(SEC)      A(SEC):       1           2           3           4           5           6
                                                                              7           8           9          10          11          12
                                                                             13          14          15
     1     5  2  -1    5.556696E+02   2.906E+14   8.695E+14   7.311E+14   5.772E+10   6.645E+10   0.000E+00   1.993E+11   3.609E+11   1.698E+13
                                                                          5.784E+12   4.634E+12   2.232E+14   3.613E+14   3.382E+13   2.319E+13
                                                                          1.345E+13   3.203E+13   1.601E+13
     2     5  2  -1    5.548820E+02   2.725E+14
     3     5  2  -1    5.542364E+02   2.883E+14
     4     5  2  -1    5.519946E+02   1.656E+13
     2     6  2  -1    5.569607E+02   1.701E+13   8.650E+14   1.058E+15   4.718E+11   5.401E+11   0.000E+00   1.632E+12   2.907E+12   1.718E+13
                                                                          5.850E+12   4.599E+12   2.258E+14   3.654E+14   3.357E+13   2.346E+13
                                                                          1.335E+13   2.416E+14   1.216E+14
     4     6  2  -1    5.540733E+02   2.713E+14
     7    13  2  -1    5.555500E+02   3.787E+14   5.792E+14   7.615E+14   3.392E+13   1.281E+14   2.229E+14   5.252E+13   3.318E+13   2.946E+13
                                                                          9.077E+12   5.982E+12   2.955E+13   7.834E+13   2.722E+13   4.894E+13
                                                                          1.191E+12   6.037E+13   7.284E+11
     9    13  2  -1    5.543328E+02   2.404E+14
    10    13  2  -1    5.535441E+02   5.621E+13
     7    14  2  -1    5.561838E+02   1.974E+14   7.123E+14   7.479E+14   2.739E+13   1.130E+14   2.038E+14   5.104E+13   7.427E+13   3.758E+12
                                                                          1.557E+13   7.330E+12   4.579E+13   3.027E+13   2.367E+13   7.567E+13
                                                                          1.480E+13   4.893E+13   1.258E+13
     8    14  2  -1    5.553601E+02   5.741E+14
     9    14  2  -1    5.549667E+02   1.119E+14
    10    14  2  -1    5.541780E+02   4.689E+13
    11    14  2  -1    5.524312E+02   4.031E+12
    12    14  2  -1    5.342287E+02   1.753E+12
     9    15  2  -1    5.558735E+02   1.939E+14   5.818E+14   7.608E+14   1.131E+12   5.263E+13   1.269E+14   4.615E+13   2.414E+14   4.181E+08
                                                                          1.778E+13   8.700E+11   7.409E+13   8.873E+09   4.208E+10   5.797E+13
                                                                          7.894E+13   2.041E+12   6.083E+13
     7    16  2  -1    5.579184E+02   5.378E+12   1.030E+15   7.150E+14   7.463E+12   6.724E+13   1.453E+14   4.711E+13   1.995E+14   1.407E+12
                                                                          9.889E+11   2.445E+12   5.936E+12   5.595E+12   9.328E+12   8.719E+13
                                                                          7.274E+13   1.372E+13   4.909E+13
     8    16  2  -1    5.570947E+02   3.390E+12
     9    16  2  -1    5.567013E+02   3.312E+13
    10    16  2  -1    5.559126E+02   4.776E+14
    11    16  2  -1    5.541658E+02   5.638E+14
    12    16  2  -1    5.359633E+02   8.432E+12

   NRSLMX=   6    NVMAX=   2    LVMAX=   0

C--------------------------------------------------------------------------------------------------------------
C
C                                                                            
C
C--------------------------------------------------------------------------------------------------------------
