SEQ='BE'     NUCCHG= 4                                                  /IC/

   PARENT LEVEL INDEXING                BWNP=   3136942.5  NPRNT=   3
   ---------------------
   INDP         CODE                 S L   WI        WNP
   ----         ----                 - -   --  ----------
     1          1S2 2S1             (2)0( 0.5)        0.0 
     2          1S2 2P1             (2)1( 0.5)    35342.0 
     3          1S2 2P1             (2)1( 1.5)    35355.8 

   IC RESOLVED LEVEL INDEXING           BWNR=   3212045.7 NLVL=    35
   --------------------------
   INDX  IRSL   CODE                 S L   WJ        WNR
   ----  ----   ----                 - -   --  ----------
     1    21    1S2 2S2             (1)0( 0.0)        0.0 
     2     1    1S2 2S1 2P1         (3)1( 0.0)    24613.1 
     3     2    1S2 2S1 2P1         (3)1( 1.0)    24616.2 
     4     3    1S2 2S1 2P1         (3)1( 2.0)    24622.5 
     5     4    1S2 2S1 2P1         (1)1( 1.0)    54006.3 
     6    22    1S2 2P2             (3)1( 0.0)    65333.9 
     7    23    1S2 2P2             (3)1( 1.0)    65337.1 
     8    24    1S2 2P2             (3)1( 2.0)    65343.4 
     9    25    1S2 2P2             (1)2( 2.0)    72794.3 
    10    27    1S1 2S2 2P1         (3)1( 0.0)   924382.6*
    11    28    1S1 2S2 2P1         (3)1( 1.0)   924391.2*
    12    29    1S1 2S2 2P1         (3)1( 2.0)   924408.5*
    13    30    1S1 2S2 2P1         (1)1( 1.0)   933367.2*
    14     8    1S1 2S1 2P2         (3)1( 0.0)   955329.3*
    15     9    1S1 2S1 2P2         (3)1( 1.0)   955336.2*
    16    10    1S1 2S1 2P2         (3)1( 2.0)   955349.9*
    17    11    1S1 2S1 2P2         (3)2( 1.0)   961462.4*
    18    12    1S1 2S1 2P2         (3)2( 3.0)   961462.4*
    19    13    1S1 2S1 2P2         (3)2( 2.0)   961462.4*
    20    14    1S1 2S1 2P2         (3)0( 1.0)   977267.0*
    21    15    1S1 2S1 2P2         (1)2( 2.0)   987413.5*
    22    16    1S1 2S1 2P2         (3)1( 0.0)   995627.0*
    23    17    1S1 2S1 2P2         (3)1( 1.0)   995634.2*
    24    18    1S1 2S1 2P2         (3)1( 2.0)   995648.6*
    25    19    1S1 2S1 2P2         (1)1( 1.0)   997288.6*
    26    32    1S1 2P3             (3)0( 1.0)  1002745.8*
    27    20    1S1 2S1 2P2         (1)0( 0.0)  1003218.2*
    28    33    1S1 2P3             (3)2( 1.0)  1005099.3*
    29    34    1S1 2P3             (3)2( 2.0)  1005099.3*
    30    35    1S1 2P3             (3)2( 3.0)  1005099.4*
    31    36    1S1 2P3             (1)2( 2.0)  1014066.7*
    32    37    1S1 2P3             (3)1( 0.0)  1023298.0*
    33    38    1S1 2P3             (3)1( 1.0)  1023298.7*
    34    39    1S1 2P3             (3)1( 2.0)  1023300.2*
    35    40    1S1 2P3             (1)1( 1.0)  1032266.8*

C--------------------------------------------------------------------------------------------------------------
C
C                                                                            
C
C--------------------------------------------------------------------------------------------------------------
BE 1     /IC/

  IRSL  IRSL  N   L      DEL(RYD)       B(SEC)      R(SEC)      A(SEC):       1           2           3
     2     8  2  -1    8.481275E+00   3.635E+10   1.091E+11   2.622E+13   2.758E+06   1.750E+13   8.723E+12
     1     9  2  -1    8.481366E+00   1.093E+11   1.091E+11   2.622E+13   5.277E+07   1.310E+13   1.312E+13
     2     9  2  -1    8.481338E+00   2.724E+10
     3     9  2  -1    8.481280E+00   2.724E+10
     2    10  2  -1    8.481463E+00   4.557E+10   1.091E+11   2.621E+13   8.977E+07   4.369E+12   2.184E+13
     3    10  2  -1    8.481405E+00   8.172E+10
     1    11  2  -1    8.537193E+00   6.277E+10   3.776E+10   4.728E+13   4.539E+13   1.572E+12   3.128E+11
     2    11  2  -1    8.537164E+00   1.578E+10
     3    11  2  -1    8.537107E+00   6.377E+08
     3    12  2  -1    8.537107E+00   5.287E+10   3.776E+10   4.728E+13   4.539E+13   2.027E+09   1.882E+12
     2    13  2  -1    8.537165E+00   4.708E+10   3.776E+10   4.728E+13   4.539E+13   9.483E+11   9.363E+11
     3    13  2  -1    8.537107E+00   9.516E+09
     1    14  2  -1    8.681215E+00   1.320E+10   3.971E+10   2.142E+13   1.934E+13   7.015E+11   1.377E+12
     2    14  2  -1    8.681187E+00   1.322E+10
     3    14  2  -1    8.681129E+00   1.325E+10
     4    15  2  -1    8.505826E+00   6.225E+10   3.735E+10   1.342E+14   4.475E+13   2.986E+13   5.961E+13
     2    16  2  -1    8.848495E+00   7.689E+08   2.307E+09   6.639E+13   1.170E+08   4.444E+13   2.194E+13
     1    17  2  -1    8.848589E+00   2.294E+09   2.307E+09   6.638E+13   7.320E+06   3.323E+13   3.316E+13
     2    17  2  -1    8.848560E+00   5.740E+08
     3    17  2  -1    8.848503E+00   5.796E+08
     2    18  2  -1    8.848691E+00   9.555E+08   2.301E+09   6.640E+13   6.336E+07   1.102E+13   5.537E+13
     3    18  2  -1    8.848634E+00   1.728E+09
     4    19  2  -1    8.595814E+00   1.156E+11   1.156E+11   6.108E+12   6.880E+06   1.993E+12   4.114E+12
     4    20  2  -1    8.649848E+00   1.309E+10   3.928E+10   1.750E+15   1.777E+13   2.884E+13   5.828E+13
    23    27  2  -1    7.828192E+00   7.518E+08   2.255E+09   9.789E+13   2.758E+13   6.674E+13   3.559E+12
    22    28  2  -1    7.828300E+00   2.257E+09   2.256E+09   9.789E+13   2.758E+13   4.517E+13   2.513E+13
    23    28  2  -1    7.828271E+00   5.641E+08
    24    28  2  -1    7.828214E+00   5.635E+08
    23    29  2  -1    7.828428E+00   9.410E+08   2.257E+09   9.789E+13   2.758E+13   1.781E+12   6.853E+13
    24    29  2  -1    7.828371E+00   1.692E+09
    21    30  2  -1    8.505461E+00   2.174E+11   7.647E+10   7.513E+13   6.615E+12   2.276E+13   4.576E+13
    25    30  2  -1    7.842112E+00   2.268E+09
    22    32  2  -1    8.542319E+00   5.048E+10   1.513E+11   2.110E+07   1.081E+06   8.103E+06   8.849E+06
    23    32  2  -1    8.542290E+00   5.046E+10
    24    32  2  -1    8.542232E+00   5.042E+10
    22    33  2  -1    8.563766E+00   6.359E+10   3.812E+10   2.658E+15   1.591E+06   3.375E+13   3.367E+13
    23    33  2  -1    8.563737E+00   1.587E+10
    24    33  2  -1    8.563680E+00   6.323E+08
    23    34  2  -1    8.563737E+00   4.769E+10   3.812E+10   2.657E+15   2.314E+06   2.625E+13   4.117E+13
    24    34  2  -1    8.563680E+00   9.503E+09
    24    35  2  -1    8.563680E+00   5.336E+10   3.812E+10   2.657E+15   0.000E+00   1.498E+13   5.244E+13
    25    36  2  -1    8.577499E+00   1.149E+11   1.149E+11   6.804E+13   4.801E+06   2.272E+13   4.531E+13
    23    37  2  -1    8.729575E+00   1.242E+10   3.725E+10   2.316E+15   2.056E+12   2.384E+12   3.348E+13
    22    38  2  -1    8.729611E+00   3.714E+10   3.725E+10   2.316E+15   2.056E+12   7.150E+12   2.871E+13
    23    38  2  -1    8.729582E+00   9.305E+09
    24    38  2  -1    8.729525E+00   9.337E+09
    23    39  2  -1    8.729595E+00   1.547E+10   3.725E+10   2.316E+15   2.057E+12   1.667E+13   1.919E+13
    24    39  2  -1    8.729538E+00   2.796E+10
    21    40  2  -1    9.406700E+00   4.598E+08   1.153E+11   2.844E+15   4.043E+11   1.217E+13   2.440E+13
    25    40  2  -1    8.743350E+00   3.742E+10

   NRSLMX=   6    NVMAX=   2    LVMAX=   0

C--------------------------------------------------------------------------------------------------------------
C
C                                                                            
C
C--------------------------------------------------------------------------------------------------------------
