SEQ='BE'     NUCCHG=24                                                  /IC/

   PARENT LEVEL INDEXING                BWNP= 137950385.3  NPRNT=   3
   ---------------------
   INDP         CODE                 S L   WI        WNP
   ----         ----                 - -   --  ----------
     1          1S2 2S1             (2)0( 0.5)        0.0 
     2          1S2 2P1             (2)1( 0.5)   355902.3 
     3          1S2 2P1             (2)1( 1.5)   452736.2 

   IC RESOLVED LEVEL INDEXING           BWNR= 151129935.9 NLVL=    40
   --------------------------
   INDX  IRSL   CODE                 S L   WJ        WNR
   ----  ----   ----                 - -   --  ----------
     1    21    1S2 2S2             (1)0( 0.0)        0.0 
     2     1    1S2 2S1 2P1         (3)1( 0.0)   315041.7 
     3     2    1S2 2S1 2P1         (3)1( 1.0)   340225.4 
     4     3    1S2 2S1 2P1         (3)1( 2.0)   408079.2 
     5     4    1S2 2S1 2P1         (1)1( 1.0)   676061.0 
     6    22    1S2 2P2             (3)1( 0.0)   859342.2 
     7    23    1S2 2P2             (3)1( 1.0)   909067.6 
     8    24    1S2 2P2             (3)1( 2.0)   949814.5 
     9    25    1S2 2P2             (1)2( 2.0)  1061493.1 
    10    26    1S2 2P2             (1)0( 0.0)  1263680.5 
    11    27    1S1 2S2 2P1         (3)1( 0.0) 45115687.1*
    12    28    1S1 2S2 2P1         (3)1( 1.0) 45137154.6*
    13    29    1S1 2S2 2P1         (3)1( 2.0) 45211728.8*
    14     5    1S1 2S1 2P2         (5)1( 1.0) 45231231.4*
    15     6    1S1 2S1 2P2         (5)1( 2.0) 45272834.5*
    16     7    1S1 2S1 2P2         (5)1( 3.0) 45318786.0*
    17    30    1S1 2S2 2P1         (1)1( 1.0) 45341575.9*
    18     8    1S1 2S1 2P2         (3)1( 0.0) 45567280.5*
    19     9    1S1 2S1 2P2         (3)1( 1.0) 45586680.0*
    20    10    1S1 2S1 2P2         (3)2( 2.0) 45600482.8*
    21    11    1S1 2S1 2P2         (3)2( 1.0) 45625592.7*
    22    12    1S1 2S1 2P2         (3)2( 3.0) 45626677.2*
    23    13    1S1 2S1 2P2         (3)1( 2.0) 45669011.3*
    24    14    1S1 2S1 2P2         (3)0( 1.0) 45755312.5*
    25    15    1S1 2S1 2P2         (3)1( 0.0) 45775889.4*
    26    16    1S1 2S1 2P2         (1)2( 2.0) 45819118.7*
    27    17    1S1 2S1 2P2         (3)1( 1.0) 45843368.9*
    28    31    1S1 2P3             (5)0( 2.0) 45851040.2*
    29    18    1S1 2S1 2P2         (3)1( 2.0) 45889987.1*
    30    19    1S1 2S1 2P2         (1)1( 1.0) 45978931.2*
    31    20    1S1 2S1 2P2         (1)0( 0.0) 46015794.9*
    32    32    1S1 2P3             (3)2( 1.0) 46066130.5*
    33    33    1S1 2P3             (3)2( 2.0) 46073190.0*
    34    34    1S1 2P3             (3)2( 3.0) 46091643.6*
    35    35    1S1 2P3             (3)0( 1.0) 46147889.7*
    36    36    1S1 2P3             (1)2( 2.0) 46210993.5*
    37    37    1S1 2P3             (3)1( 0.0) 46234895.6*
    38    38    1S1 2P3             (3)1( 1.0) 46254732.8*
    39    39    1S1 2P3             (3)1( 2.0) 46301219.4*
    40    40    1S1 2P3             (1)1( 1.0) 46413538.9*

C--------------------------------------------------------------------------------------------------------------
C
C                                                                            
C
C--------------------------------------------------------------------------------------------------------------
CR21     /IC/

  IRSL  IRSL  N   L      DEL(RYD)       B(SEC)      R(SEC)      A(SEC):       1           2           3
     1     5  2  -1    4.093061E+02   4.206E+12   4.915E+12   1.617E+12   1.199E+12   2.795E+11   1.390E+11
     2     5  2  -1    4.090766E+02   3.317E+12
     3     5  2  -1    4.084583E+02   1.174E+11
     3     6  2  -1    4.088374E+02   2.086E+12   2.094E+12   6.862E+11   5.686E+11   1.282E+10   1.048E+11
     3     7  2  -1    4.092562E+02   5.781E+12   4.130E+12   4.129E+12   3.655E+12   6.867E+06   4.742E+11
     2     8  2  -1    4.121389E+02   1.528E+14   4.586E+14   4.057E+13   1.998E+12   3.593E+13   2.645E+12
     4     8  2  -1    4.090786E+02   7.125E+10
     1     9  2  -1    4.125452E+02   8.460E+14   3.982E+14   6.200E+13   4.714E+13   4.301E+12   1.056E+13
     2     9  2  -1    4.123157E+02   3.300E+13
     3     9  2  -1    4.116974E+02   4.992E+13
     4     9  2  -1    4.092554E+02   5.531E+10
     2    10  2  -1    4.124415E+02   4.000E+14   2.578E+14   1.284E+14   1.127E+14   4.218E+12   1.152E+13
     3    10  2  -1    4.118232E+02   1.609E+13
     4    10  2  -1    4.093811E+02   2.846E+12
     1    11  2  -1    4.128998E+02   2.278E+12   2.631E+14   1.270E+14   1.014E+14   2.185E+13   3.800E+12
     2    11  2  -1    4.126703E+02   1.950E+14
     3    11  2  -1    4.120520E+02   3.963E+13
     4    11  2  -1    4.096100E+02   1.372E+12
     3    12  2  -1    4.120619E+02   2.366E+14   1.690E+14   1.644E+14   1.452E+14   2.727E+08   1.915E+13
     2    13  2  -1    4.130660E+02   3.081E+13   3.986E+14   7.025E+13   3.898E+13   2.216E+13   9.114E+12
     3    13  2  -1    4.124476E+02   3.762E+14
     4    13  2  -1    4.100056E+02   6.491E+12
     1    14  2  -1    4.140819E+02   1.523E+13   1.207E+14   1.162E+14   3.623E+13   6.640E+13   1.359E+13
     2    14  2  -1    4.138524E+02   3.409E+13
     3    14  2  -1    4.132341E+02   4.260E+13
     4    14  2  -1    4.107920E+02   1.049E+13
     2    15  2  -1    4.140399E+02   1.876E+13   7.376E+13   1.429E+14   3.610E+12   1.211E+14   1.813E+13
     4    15  2  -1    4.109796E+02   5.826E+12
     2    16  2  -1    4.144339E+02   2.875E+11   1.549E+14   2.354E+14   1.022E+14   6.081E+13   7.238E+13
     3    16  2  -1    4.138155E+02   3.697E+13
     4    16  2  -1    4.113735E+02   1.963E+14
     1    17  2  -1    4.148843E+02   1.213E+11   1.023E+14   1.211E+14   2.204E+13   2.968E+13   6.939E+13
     2    17  2  -1    4.146548E+02   2.923E+11
     3    17  2  -1    4.140365E+02   5.915E+13
     4    17  2  -1    4.115945E+02   3.437E+12
     2    18  2  -1    4.150797E+02   8.623E+11   5.443E+13   2.082E+14   4.555E+13   2.300E+11   1.624E+14
     3    18  2  -1    4.144613E+02   3.249E+12
     4    18  2  -1    4.120193E+02   8.444E+13
     1    19  2  -1    4.161197E+02   1.542E+12   5.034E+14   6.144E+13   2.539E+12   1.030E+13   4.860E+13
     3    19  2  -1    4.152718E+02   2.135E+11
     4    19  2  -1    4.128298E+02   5.025E+14
     2    20  2  -1    4.162261E+02   3.372E+10   1.628E+14   2.000E+14   5.578E+13   1.081E+13   1.334E+14
     4    20  2  -1    4.131657E+02   5.424E+13
    23    27  2  -1    4.028400E+02   1.969E+12   5.906E+12   1.774E+14   6.486E+13   1.075E+14   4.986E+12
    21    28  2  -1    4.113197E+02   5.199E+13   2.396E+13   1.743E+14   6.139E+13   9.290E+13   2.001E+13
    22    28  2  -1    4.034888E+02   7.807E+12
    23    28  2  -1    4.030357E+02   1.524E+12
    24    28  2  -1    4.026644E+02   1.497E+12
    23    29  2  -1    4.037152E+02   3.770E+12   7.346E+12   1.797E+14   6.416E+13   3.682E+12   1.119E+14
    24    29  2  -1    4.033439E+02   4.469E+12
    25    29  2  -1    4.023262E+02   6.146E+11
    21    30  2  -1    4.131825E+02   9.785E+14   3.380E+14   1.183E+14   3.737E+12   1.819E+13   9.637E+13
    22    30  2  -1    4.053516E+02   1.297E+11
    23    30  2  -1    4.048985E+02   1.880E+11
    24    30  2  -1    4.045272E+02   1.090E+12
    25    30  2  -1    4.035095E+02   5.510E+12
    26    30  2  -1    4.016670E+02   1.779E+12
    23    31  2  -1    4.095411E+02   3.928E+12   5.158E+12   4.385E+12   2.255E+11   3.142E+12   1.017E+12
    24    31  2  -1    4.091698E+02   2.715E+12
    25    31  2  -1    4.081521E+02   8.668E+10
    21    32  2  -1    4.197851E+02   2.268E+11   2.092E+14   2.025E+14   2.919E+11   1.473E+14   5.489E+13
    22    32  2  -1    4.119543E+02   5.250E+14
    23    32  2  -1    4.115011E+02   7.962E+12
    24    32  2  -1    4.111298E+02   1.467E+13
    25    32  2  -1    4.101121E+02   9.495E+11
    26    32  2  -1    4.082697E+02   2.121E+11
    23    33  2  -1    4.115654E+02   2.684E+14   1.723E+14   2.128E+14   3.850E+11   1.267E+14   8.565E+13
    24    33  2  -1    4.111941E+02   2.798E+12
    25    33  2  -1    4.101764E+02   8.490E+12
    24    34  2  -1    4.113623E+02   1.953E+14   1.721E+14   2.233E+14   0.000E+00   4.951E+13   1.738E+14
    25    34  2  -1    4.103446E+02   4.563E+13
    21    35  2  -1    4.205302E+02   5.051E+10   6.101E+14   3.132E+13   1.822E+11   2.401E+12   2.873E+13
    22    35  2  -1    4.126993E+02   1.475E+14
    23    35  2  -1    4.122462E+02   3.253E+14
    24    35  2  -1    4.118748E+02   1.274E+14
    25    35  2  -1    4.108572E+02   1.384E+13
    26    35  2  -1    4.090147E+02   4.632E+11
    23    36  2  -1    4.128212E+02   5.062E+11   3.855E+14   1.959E+14   8.868E+11   8.372E+13   1.113E+14
    24    36  2  -1    4.124499E+02   2.215E+14
    25    36  2  -1    4.114322E+02   1.636E+14
    23    37  2  -1    4.130390E+02   5.603E+13   1.681E+14   1.419E+14   2.350E+12   2.077E+13   1.188E+14
    22    38  2  -1    4.136729E+02   1.370E+13   2.210E+14   1.334E+14   2.029E+12   1.691E+13   1.145E+14
    23    38  2  -1    4.132198E+02   1.067E+13
    24    38  2  -1    4.128485E+02   1.108E+14
    25    38  2  -1    4.118308E+02   5.064E+12
    26    38  2  -1    4.099883E+02   3.779E+13
    23    39  2  -1    4.136434E+02   1.094E+13   2.950E+14   1.728E+14   1.442E+12   5.703E+12   1.656E+14
    24    39  2  -1    4.132721E+02   8.061E+12
    25    39  2  -1    4.122544E+02   2.804E+14
    21    40  2  -1    4.229510E+02   9.303E+11   5.071E+14   1.351E+14   5.536E+10   2.406E+13   1.110E+14
    22    40  2  -1    4.151201E+02   1.274E+11
    23    40  2  -1    4.146669E+02   1.186E+12
    24    40  2  -1    4.142956E+02   2.132E+12
    25    40  2  -1    4.132779E+02   1.686E+14
    26    40  2  -1    4.114355E+02   6.629E+14

   NRSLMX=   6    NVMAX=   2    LVMAX=   0

C--------------------------------------------------------------------------------------------------------------
C
C                                                                            
C
C--------------------------------------------------------------------------------------------------------------
