SEQ='BE'     NUCCHG=12                                                  /IC/

   PARENT LEVEL INDEXING                BWNP=  33002934.8  NPRNT=   3
   ---------------------
   INDP         CODE                 S L   WI        WNP
   ----         ----                 - -   --  ----------
     1          1S2 2S1             (2)0( 0.5)        0.0 
     2          1S2 2P1             (2)1( 0.5)   164335.6 
     3          1S2 2P1             (2)1( 1.5)   169044.2 

   IC RESOLVED LEVEL INDEXING           BWNR=  35645904.4 NLVL=    40
   --------------------------
   INDX  IRSL   CODE                 S L   WJ        WNR
   ----  ----   ----                 - -   --  ----------
     1    21    1S2 2S2             (1)0( 0.0)        0.0 
     2     1    1S2 2S1 2P1         (3)1( 0.0)   143668.9 
     3     2    1S2 2S1 2P1         (3)1( 1.0)   145078.0 
     4     3    1S2 2S1 2P1         (3)1( 2.0)   147985.5 
     5     4    1S2 2S1 2P1         (1)1( 1.0)   284426.7 
     6    22    1S2 2P2             (3)1( 0.0)   372147.2 
     7    23    1S2 2P2             (3)1( 1.0)   373692.3 
     8    24    1S2 2P2             (3)1( 2.0)   376474.1 
     9    25    1S2 2P2             (1)2( 2.0)   419750.4 
    10    26    1S2 2P2             (1)0( 0.0)   515847.2 
    11    27    1S1 2S2 2P1         (3)1( 0.0) 10599400.9*
    12    28    1S1 2S2 2P1         (3)1( 1.0) 10600944.5*
    13    29    1S1 2S2 2P1         (3)1( 2.0) 10604277.3*
    14     5    1S1 2S1 2P2         (5)1( 1.0) 10626080.7*
    15     6    1S1 2S1 2P2         (5)1( 2.0) 10627849.6*
    16     7    1S1 2S1 2P2         (5)1( 3.0) 10630414.7*
    17    30    1S1 2S2 2P1         (1)1( 1.0) 10665324.0*
    18     8    1S1 2S1 2P2         (3)1( 0.0) 10772986.5*
    19     9    1S1 2S1 2P2         (3)1( 1.0) 10774000.6*
    20    10    1S1 2S1 2P2         (3)1( 2.0) 10775842.2*
    21    11    1S1 2S1 2P2         (3)2( 3.0) 10777889.1*
    22    12    1S1 2S1 2P2         (3)2( 1.0) 10778122.8*
    23    13    1S1 2S1 2P2         (3)2( 2.0) 10778944.5*
    24    14    1S1 2S1 2P2         (3)0( 1.0) 10848173.5*
    25    31    1S1 2P3             (5)0( 2.0) 10866813.6*
    26    15    1S1 2S1 2P2         (1)2( 2.0) 10876982.0*
    27    16    1S1 2S1 2P2         (3)1( 0.0) 10885048.4*
    28    17    1S1 2S1 2P2         (3)1( 1.0) 10886588.0*
    29    18    1S1 2S1 2P2         (3)1( 2.0) 10889333.5*
    30    19    1S1 2S1 2P2         (1)1( 1.0) 10935483.2*
    31    20    1S1 2S1 2P2         (1)0( 0.0) 10947795.9*
    32    32    1S1 2P3             (3)2( 1.0) 10968389.0*
    33    33    1S1 2P3             (3)2( 2.0) 10968405.8*
    34    34    1S1 2P3             (3)2( 3.0) 10968522.0*
    35    35    1S1 2P3             (3)0( 1.0) 10991913.7*
    36    36    1S1 2P3             (1)2( 2.0) 11030527.3*
    37    37    1S1 2P3             (3)1( 0.0) 11039603.0*
    38    38    1S1 2P3             (3)1( 1.0) 11039840.6*
    39    39    1S1 2P3             (3)1( 2.0) 11040658.0*
    40    40    1S1 2P3             (1)1( 1.0) 11102522.6*

C--------------------------------------------------------------------------------------------------------------
C
C                                                                            
C
C--------------------------------------------------------------------------------------------------------------
MG 9     /IC/

  IRSL  IRSL  N   L      DEL(RYD)       B(SEC)      R(SEC)      A(SEC):       1           2           3
     2     5  2  -1    9.550985E+01   2.163E+09   3.110E+09   1.866E+10   1.452E+10   2.055E+09   2.083E+09
     3     6  2  -1    9.549947E+01   1.911E+09   1.912E+09   9.032E+09   7.842E+09   2.198E+08   9.701E+08
     3     7  2  -1    9.552285E+01   3.117E+09   2.227E+09   3.724E+10   3.334E+10   2.612E+05   3.905E+09
     2     8  2  -1    9.684855E+01   8.192E+12   2.458E+13   2.040E+13   2.008E+10   1.454E+13   5.834E+12
     1     9  2  -1    9.687064E+01   3.417E+13   2.345E+13   2.806E+13   8.918E+12   7.616E+12   1.153E+13
     2     9  2  -1    9.685779E+01   3.683E+12
     3     9  2  -1    9.683130E+01   5.029E+12
     2    10  2  -1    9.687458E+01   2.048E+13   1.898E+13   5.964E+13   4.279E+13   1.690E+10   1.684E+13
     3    10  2  -1    9.684808E+01   6.692E+12
     3    11  2  -1    9.686674E+01   1.190E+13   8.503E+12   1.344E+14   1.199E+14   9.358E+08   1.456E+13
     1    12  2  -1    9.690820E+01   5.156E+12   9.684E+12   1.262E+14   1.110E+14   1.433E+13   9.236E+11
     2    12  2  -1    9.689536E+01   6.230E+12
     3    12  2  -1    9.686886E+01   1.041E+12
     4    12  2  -1    9.562552E+01   9.673E+08
     2    13  2  -1    9.690285E+01   4.977E+11   1.422E+13   9.399E+13   7.712E+13   1.124E+13   5.636E+12
     3    13  2  -1    9.687635E+01   1.392E+13
     4    13  2  -1    9.563301E+01   2.484E+09
     1    14  2  -1    9.754655E+01   2.607E+12   8.659E+12   6.407E+13   4.883E+13   7.652E+12   7.590E+12
     2    14  2  -1    9.753371E+01   2.747E+12
     3    14  2  -1    9.750721E+01   3.023E+12
     4    14  2  -1    9.626387E+01   5.116E+09
     2    15  2  -1    9.779623E+01   5.643E+09   8.296E+12   2.471E+14   1.172E+14   5.108E+13   7.879E+13
     3    15  2  -1    9.776973E+01   3.569E+10
     4    15  2  -1    9.652639E+01   1.376E+13
     2    16  2  -1    9.786974E+01   3.173E+11   9.808E+11   1.363E+14   1.409E+11   9.736E+13   3.877E+13
     4    16  2  -1    9.659990E+01   9.667E+09
     1    17  2  -1    9.789661E+01   6.792E+11   9.546E+11   1.364E+14   1.515E+11   6.703E+13   6.918E+13
     2    17  2  -1    9.788377E+01   1.650E+11
     3    17  2  -1    9.785727E+01   3.271E+11
     4    17  2  -1    9.661393E+01   1.805E+10
     2    18  2  -1    9.790878E+01   2.925E+11   9.658E+11   1.399E+14   2.345E+12   1.436E+13   1.232E+14
     3    18  2  -1    9.788229E+01   6.308E+11
     4    18  2  -1    9.663895E+01   2.659E+11
     1    19  2  -1    9.834217E+01   3.094E+09   2.564E+13   4.348E+13   3.156E+10   1.316E+13   3.029E+13
     4    19  2  -1    9.705949E+01   2.564E+13
     4    20  2  -1    9.717170E+01   2.853E+12   8.560E+12   1.768E+14   4.801E+13   3.545E+13   9.337E+13
    23    27  2  -1    9.318344E+01   1.386E+11   4.159E+11   1.621E+14   5.458E+13   1.016E+14   5.991E+12
    21    28  2  -1    9.660284E+01   6.256E+10   4.404E+11   1.621E+14   5.448E+13   7.203E+13   3.562E+13
    22    28  2  -1    9.321159E+01   4.309E+11
    23    28  2  -1    9.319751E+01   1.054E+11
    24    28  2  -1    9.317216E+01   1.023E+11
    23    29  2  -1    9.322788E+01   1.826E+11   4.259E+11   1.624E+14   5.449E+13   3.139E+12   1.047E+14
    24    29  2  -1    9.320253E+01   3.159E+11
    21    30  2  -1    9.718951E+01   5.042E+13   1.754E+13   1.073E+14   6.795E+10   3.248E+13   7.471E+13
    24    30  2  -1    9.375883E+01   6.134E+08
    25    30  2  -1    9.336446E+01   4.238E+11
    26    30  2  -1    9.248877E+01   8.754E+10
    23    31  2  -1    9.562028E+01   1.228E+09   2.671E+09   3.755E+10   3.201E+09   1.785E+10   1.649E+10
    24    31  2  -1    9.559493E+01   1.934E+09
    22    32  2  -1    9.655999E+01   1.481E+13   8.432E+12   1.795E+14   4.004E+09   9.432E+13   8.514E+13
    23    32  2  -1    9.654591E+01   3.286E+12
    24    32  2  -1    9.652056E+01   1.234E+11
    25    32  2  -1    9.612619E+01   2.110E+09
    23    33  2  -1    9.654606E+01   1.099E+13   8.419E+12   1.795E+14   7.173E+09   7.388E+13   1.056E+14
    24    33  2  -1    9.652071E+01   1.822E+12
    25    33  2  -1    9.612635E+01   5.008E+09
    24    34  2  -1    9.652177E+01   1.176E+13   8.415E+12   1.796E+14   0.000E+00   3.990E+13   1.397E+14
    25    34  2  -1    9.612741E+01   2.579E+10
    22    35  2  -1    9.677436E+01   1.189E+13   3.385E+13   2.381E+11   6.100E+09   5.639E+10   1.756E+11
    23    35  2  -1    9.676028E+01   1.175E+13
    24    35  2  -1    9.673493E+01   1.088E+13
    25    35  2  -1    9.634057E+01   7.572E+09
    26    35  2  -1    9.546487E+01   2.414E+09
    23    36  2  -1    9.711215E+01   1.629E+11   2.438E+13   1.757E+14   1.821E+11   7.742E+13   9.813E+13
    24    36  2  -1    9.708680E+01   7.020E+11
    25    36  2  -1    9.669244E+01   2.358E+13
    23    37  2  -1    9.719486E+01   2.707E+12   8.120E+12   1.088E+14   2.951E+12   1.258E+13   9.326E+13
    22    38  2  -1    9.721110E+01   6.734E+12   8.158E+12   1.086E+14   2.963E+12   2.154E+13   8.409E+13
    23    38  2  -1    9.719702E+01   1.806E+12
    24    38  2  -1    9.717167E+01   2.459E+12
    25    38  2  -1    9.677731E+01   3.281E+09
    26    38  2  -1    9.590161E+01   1.018E+10
    23    39  2  -1    9.720447E+01   2.740E+12   9.106E+12   1.127E+14   2.828E+12   2.495E+13   8.497E+13
    24    39  2  -1    9.717912E+01   5.703E+12
    25    39  2  -1    9.678476E+01   1.759E+12
    21    40  2  -1    1.011736E+02   9.377E+10   2.510E+13   1.060E+14   2.059E+08   3.307E+13   7.293E+13
    23    40  2  -1    9.776822E+01   1.303E+09
    24    40  2  -1    9.774287E+01   1.366E+09
    25    40  2  -1    9.734851E+01   8.151E+12
    26    40  2  -1    9.647281E+01   3.445E+13

   NRSLMX=   6    NVMAX=   2    LVMAX=   0

C--------------------------------------------------------------------------------------------------------------
C
C                                                                            
C
C--------------------------------------------------------------------------------------------------------------
