SEQ='O '     NUCCHG=13                                                  /IC/

   PARENT LEVEL INDEXING                BWNP=  49060262.1  NPRNT=  15
   ---------------------
   INDP         CODE                 S L   WI        WNP
   ----         ----                 - -   --  ----------
     1          1S2 2S2 2P3         (4)0( 1.5)        0.0 
     2          1S2 2S2 2P3         (2)2( 1.5)    64418.6 
     3          1S2 2S2 2P3         (2)2( 2.5)    64899.8 
     4          1S2 2S2 2P3         (2)1( 0.5)    92960.4 
     5          1S2 2S2 2P3         (2)1( 1.5)    93447.2 
     6          1S2 2S1 2P4         (4)1( 2.5)   280215.7 
     7          1S2 2S1 2P4         (4)1( 1.5)   283044.2 
     8          1S2 2S1 2P4         (4)1( 0.5)   284649.5 
     9          1S2 2S1 2P4         (2)2( 1.5)   395218.2 
    10          1S2 2S1 2P4         (2)2( 2.5)   395307.3 
    11          1S2 2S1 2P4         (2)0( 0.5)   459760.7 
    12          1S2 2S1 2P4         (2)1( 1.5)   490939.8 
    13          1S2 2S1 2P4         (2)1( 0.5)   494461.2 
    14          1S2 2P5             (2)1( 1.5)   759838.2 
    15          1S2 2P5             (2)1( 0.5)   764756.9 

   IC RESOLVED LEVEL INDEXING           BWNR=  50586328.8 NLVL=    16
   --------------------------
   INDX  IRSL   CODE                 S L   WJ        WNR
   ----  ----   ----                 - -   --  ----------
     1     7    1S2 2S2 2P4         (3)1( 2.0)        0.0 
     2     8    1S2 2S2 2P4         (3)1( 1.0)     3283.5 
     3     9    1S2 2S2 2P4         (3)1( 0.0)     4624.0 
     4    10    1S2 2S2 2P4         (1)2( 2.0)    43279.5 
     5    11    1S2 2S2 2P4         (1)0( 0.0)    85265.2 
     6     1    1S2 2S1 2P5         (3)1( 2.0)   333497.1 
     7     2    1S2 2S1 2P5         (3)1( 1.0)   336627.5 
     8     3    1S2 2S1 2P5         (3)1( 0.0)   338248.1 
     9     4    1S2 2S1 2P5         (1)1( 1.0)   472247.5 
    10    12    1S2 2P6             (1)0( 0.0)   798890.8 
    11    13    1S1 2S2 2P5         (3)1( 2.0) 12110449.9*
    12    14    1S1 2S2 2P5         (3)1( 1.0) 12114177.0*
    13    15    1S1 2S2 2P5         (3)1( 0.0) 12116251.5*
    14    16    1S1 2S2 2P5         (1)1( 1.0) 12167493.7*
    15     5    1S1 2S1 2P6         (3)0( 1.0) 12453314.2*
    16     6    1S1 2S1 2P6         (1)0( 0.0) 12541857.2*

C--------------------------------------------------------------------------------------------------------------
C
C                                                                            
C
C--------------------------------------------------------------------------------------------------------------
AL 6     /IC/

  IRSL  IRSL  N   L      DEL(RYD)       B(SEC)      R(SEC)      A(SEC):       1           2           3           4           5           6
                                                                              7           8           9          10          11          12
                                                                             13          14          15
     1     5  2  -1    1.104438E+02   9.049E+12   2.714E+13   4.890E+14   3.624E+08   5.678E+09   0.000E+00   1.850E+11   3.701E+11   1.069E+11
                                                                          1.283E+10   1.650E+10   1.697E+14   2.546E+14   3.455E+13   8.739E+10
                                                                          2.213E+11   1.944E+13   9.718E+12
     2     5  2  -1    1.104153E+02   9.040E+12
     3     5  2  -1    1.104005E+02   9.039E+12
     4     5  2  -1    1.091794E+02   2.385E+09
     2     6  2  -1    1.112222E+02   2.521E+09   2.681E+13   7.233E+14   3.954E+09   6.185E+10   0.000E+00   2.007E+12   4.006E+12   1.045E+11
                                                                          1.255E+10   1.586E+10   1.660E+14   2.490E+14   3.319E+13   8.548E+10
                                                                          2.126E+11   1.791E+14   8.961E+13
     4     6  2  -1    1.099863E+02   8.935E+12
     7    13  2  -1    1.103585E+02   1.351E+13   1.805E+13   5.236E+14   9.222E+10   7.537E+13   1.479E+14   3.460E+13   5.636E+13   1.905E+13
                                                                          7.773E+12   1.310E+12   7.511E+12   5.976E+13   1.506E+13   4.373E+13
                                                                          7.213E+12   4.710E+13   8.316E+11
     8    13  2  -1    1.103285E+02   7.518E+12
    10    13  2  -1    1.099641E+02   3.597E+10
     7    14  2  -1    1.103924E+02   4.542E+12   1.811E+13   5.235E+14   8.153E+10   9.171E+13   1.087E+14   3.409E+13   7.957E+13   9.756E+12
                                                                          7.188E+12   1.025E+13   4.571E+13   2.054E+13   1.222E+13   2.947E+13
                                                                          2.616E+13   1.906E+13   2.895E+13
     8    14  2  -1    1.103625E+02   4.503E+12
     9    14  2  -1    1.103503E+02   1.805E+13
    10    14  2  -1    1.099980E+02   1.155E+10
     8    15  2  -1    1.103814E+02   6.023E+12   1.807E+13   5.235E+14   7.496E+10   1.018E+14   8.444E+13   3.378E+13   9.392E+13   1.515E+06
                                                                          2.261E+13   4.183E+12   6.592E+13   3.661E+09   1.048E+13   1.913E+13
                                                                          3.908E+13   1.711E+12   4.636E+13
     7    16  2  -1    1.108783E+02   1.248E+10   3.610E+13   4.794E+14   8.446E+10   8.498E+13   1.228E+14   3.381E+13   6.976E+13   2.531E+10
                                                                          8.042E+09   2.488E+10   4.318E+10   1.047E+11   1.184E+11   7.844E+13
                                                                          4.208E+13   2.917E+13   1.795E+13
     8    16  2  -1    1.108484E+02   1.207E+10
    10    16  2  -1    1.104839E+02   1.807E+13
    11    16  2  -1    1.101013E+02   1.742E+13
    12    16  2  -1    1.035983E+02   4.247E+11

   NRSLMX=   6    NVMAX=   2    LVMAX=   0

C--------------------------------------------------------------------------------------------------------------
C
C                                                                            
C
C--------------------------------------------------------------------------------------------------------------
