SEQ='O '     NUCCHG=30                                                  /IC/

   PARENT LEVEL INDEXING                BWNP= 296626110.7  NPRNT=  15
   ---------------------
   INDP         CODE                 S L   WI        WNP
   ----         ----                 - -   --  ----------
     1          1S2 2S2 2P3         (4)0( 1.5)        0.0 
     2          1S2 2S2 2P3         (2)2( 1.5)   191112.4 
     3          1S2 2S2 2P3         (2)2( 2.5)   264804.0 
     4          1S2 2S2 2P3         (2)1( 0.5)   356985.9 
     5          1S2 2S2 2P3         (2)1( 1.5)   509737.4 
     6          1S2 2S1 2P4         (4)1( 2.5)   939787.4 
     7          1S2 2S1 2P4         (4)1( 1.5)  1070294.7 
     8          1S2 2S1 2P4         (4)1( 0.5)  1094494.2 
     9          1S2 2S1 2P4         (2)2( 1.5)  1319086.2 
    10          1S2 2S1 2P4         (2)2( 2.5)  1368880.3 
    11          1S2 2S1 2P4         (2)0( 0.5)  1504473.8 
    12          1S2 2S1 2P4         (2)1( 1.5)  1576082.3 
    13          1S2 2S1 2P4         (2)1( 0.5)  1767491.1 
    14          1S2 2P5             (2)1( 1.5)  2435226.0 
    15          1S2 2P5             (2)1( 0.5)  2650686.0 

   IC RESOLVED LEVEL INDEXING           BWNR= 313416091.1 NLVL=    16
   --------------------------
   INDX  IRSL   CODE                 S L   WJ        WNR
   ----  ----   ----                 - -   --  ----------
     1     7    1S2 2S2 2P4         (3)1( 2.0)        0.0 
     2     8    1S2 2S2 2P4         (3)1( 0.0)   106086.3 
     3     9    1S2 2S2 2P4         (3)1( 1.0)   184586.9 
     4    10    1S2 2S2 2P4         (1)2( 2.0)   276257.8 
     5    11    1S2 2S2 2P4         (1)0( 0.0)   519323.8 
     6     1    1S2 2S1 2P5         (3)1( 2.0)  1165489.5 
     7     2    1S2 2S1 2P5         (3)1( 1.0)  1275661.7 
     8     3    1S2 2S1 2P5         (3)1( 0.0)  1377899.9 
     9     4    1S2 2S1 2P5         (1)1( 1.0)  1626051.9 
    10    12    1S2 2P6             (1)0( 0.0)  2694790.0 
    11    13    1S1 2S2 2P5         (3)1( 2.0) 70421564.0*
    12    14    1S1 2S2 2P5         (3)1( 1.0) 70504604.1*
    13    15    1S1 2S2 2P5         (3)1( 0.0) 70648604.1*
    14    16    1S1 2S2 2P5         (1)1( 1.0) 70740590.0*
    15     5    1S1 2S1 2P6         (3)0( 1.0) 71603005.3*
    16     6    1S1 2S1 2P6         (1)0( 0.0) 71850189.7*

C--------------------------------------------------------------------------------------------------------------
C
C                                                                            
C
C--------------------------------------------------------------------------------------------------------------
ZN23     /IC/

  IRSL  IRSL  N   L      DEL(RYD)       B(SEC)      R(SEC)      A(SEC):       1           2           3           4           5           6
                                                                              7           8           9          10          11          12
                                                                             13          14          15
     1     5  2  -1    6.418734E+02   3.935E+14   1.177E+15   7.468E+14   7.440E+10   5.194E+10   0.000E+00   1.876E+11   3.520E+11   2.362E+13
                                                                          1.056E+13   7.191E+12   2.131E+14   3.627E+14   3.050E+13   3.383E+13
                                                                          1.547E+13   3.273E+13   1.637E+13
     2     5  2  -1    6.408694E+02   3.565E+14
     3     5  2  -1    6.399378E+02   3.900E+14
     4     5  2  -1    6.376764E+02   3.462E+13
     2     6  2  -1    6.431219E+02   3.551E+13   1.171E+15   1.082E+15   6.019E+11   4.177E+11   0.000E+00   1.523E+12   2.804E+12   2.399E+13
                                                                          1.073E+13   7.148E+12   2.166E+14   3.685E+14   3.032E+13   3.438E+13
                                                                          1.538E+13   2.455E+14   1.237E+14
     4     6  2  -1    6.399289E+02   3.550E+14
     7    13  2  -1    6.417280E+02   4.981E+14   7.839E+14   7.771E+14   5.017E+13   1.170E+14   2.282E+14   5.382E+13   3.227E+13   3.158E+13
                                                                          9.966E+12   7.856E+12   3.429E+13   7.803E+13   2.638E+13   4.510E+13
                                                                          8.375E+11   6.090E+13   6.785E+11
     9    13  2  -1    6.400459E+02   3.251E+14
    10    13  2  -1    6.392106E+02   9.069E+13
     7    14  2  -1    6.424847E+02   2.837E+14   1.014E+15   7.595E+14   4.297E+13   1.078E+14   2.139E+14   5.252E+13   6.310E+13   2.722E+12
                                                                          1.934E+13   6.167E+12   4.378E+13   2.964E+13   2.631E+13   7.811E+13
                                                                          1.120E+13   5.256E+13   9.445E+12
     8    14  2  -1    6.415180E+02   7.775E+14
     9    14  2  -1    6.408027E+02   1.391E+14
    10    14  2  -1    6.399673E+02   8.402E+13
    11    14  2  -1    6.377523E+02   4.981E+12
    12    14  2  -1    6.179280E+02   2.842E+12
     9    15  2  -1    6.421149E+02   2.626E+14   7.879E+14   7.763E+14   7.229E+11   5.428E+13   1.298E+14   4.667E+13   2.471E+14   9.166E+08
                                                                          1.494E+13   4.729E+11   7.167E+13   1.405E+10   3.760E+10   6.586E+13
                                                                          8.099E+13   2.053E+12   6.166E+13
     7    16  2  -1    6.446352E+02   5.794E+12   1.345E+15   7.335E+14   7.656E+12   6.309E+13   1.434E+14   4.744E+13   2.154E+14   1.511E+12
                                                                          1.352E+12   2.875E+12   5.935E+12   7.838E+12   1.201E+13   8.697E+13
                                                                          7.420E+13   1.073E+13   5.305E+13
     8    16  2  -1    6.436685E+02   4.143E+12
     9    16  2  -1    6.429531E+02   5.725E+13
    10    16  2  -1    6.421177E+02   6.111E+14
    11    16  2  -1    6.399028E+02   7.644E+14
    12    16  2  -1    6.200785E+02   1.028E+13

   NRSLMX=   6    NVMAX=   2    LVMAX=   0

C--------------------------------------------------------------------------------------------------------------
C
C                                                                            
C
C--------------------------------------------------------------------------------------------------------------
