SEQ='BE'     NUCCHG=25                                                  /IC/

   PARENT LEVEL INDEXING                BWNP= 150012317.4  NPRNT=   3
   ---------------------
   INDP         CODE                 S L   WI        WNP
   ----         ----                 - -   --  ----------
     1          1S2 2S1             (2)0( 0.5)        0.0 
     2          1S2 2P1             (2)1( 0.5)   371959.1 
     3          1S2 2P1             (2)1( 1.5)   487051.1 

   IC RESOLVED LEVEL INDEXING           BWNR= 164438400.0 NLVL=    40
   --------------------------
   INDX  IRSL   CODE                 S L   WJ        WNR
   ----  ----   ----                 - -   --  ----------
     1    21    1S2 2S2             (1)0( 0.0)        0.0 
     2     1    1S2 2S1 2P1         (3)1( 0.0)   329160.9 
     3     2    1S2 2S1 2P1         (3)1( 1.0)   358310.7 
     4     3    1S2 2S1 2P1         (3)1( 2.0)   439931.2 
     5     4    1S2 2S1 2P1         (1)1( 1.0)   716843.5 
     6    22    1S2 2P2             (3)1( 0.0)   902655.9 
     7    23    1S2 2P2             (3)1( 1.0)   964179.5 
     8    24    1S2 2P2             (3)1( 2.0)  1009679.6 
     9    25    1S2 2P2             (1)2( 2.0)  1134216.6 
    10    26    1S2 2P2             (1)0( 0.0)  1343768.2 
    11    27    1S1 2S2 2P1         (3)1( 0.0) 49092701.0*
    12    28    1S1 2S2 2P1         (3)1( 1.0) 49117019.4*
    13    29    1S1 2S2 2P1         (3)1( 2.0) 49206771.3*
    14     5    1S1 2S1 2P2         (5)1( 1.0) 49221297.3*
    15     6    1S1 2S1 2P2         (5)1( 2.0) 49271928.0*
    16     7    1S1 2S1 2P2         (5)1( 3.0) 49325575.5*
    17    30    1S1 2S2 2P1         (1)1( 1.0) 49341218.8*
    18     8    1S1 2S1 2P2         (3)1( 0.0) 49571994.6*
    19     9    1S1 2S1 2P2         (3)1( 1.0) 49597308.7*
    20    10    1S1 2S1 2P2         (3)2( 2.0) 49614255.0*
    21    11    1S1 2S1 2P2         (3)2( 1.0) 49643123.4*
    22    12    1S1 2S1 2P2         (3)2( 3.0) 49647355.9*
    23    13    1S1 2S1 2P2         (3)1( 2.0) 49694116.4*
    24    14    1S1 2S1 2P2         (3)0( 1.0) 49774142.9*
    25    15    1S1 2S1 2P2         (3)1( 0.0) 49791068.9*
    26    16    1S1 2S1 2P2         (1)2( 2.0) 49845105.9*
    27    17    1S1 2S1 2P2         (3)1( 1.0) 49875859.5*
    28    31    1S1 2P3             (5)0( 2.0) 49885198.9*
    29    18    1S1 2S1 2P2         (3)1( 2.0) 49927667.3*
    30    19    1S1 2S1 2P2         (1)1( 1.0) 50017041.3*
    31    20    1S1 2S1 2P2         (1)0( 0.0) 50058255.7*
    32    32    1S1 2P3             (3)2( 1.0) 50106029.4*
    33    33    1S1 2P3             (3)2( 2.0) 50116585.9*
    34    34    1S1 2P3             (3)2( 3.0) 50140519.5*
    35    35    1S1 2P3             (3)0( 1.0) 50197665.5*
    36    36    1S1 2P3             (1)2( 2.0) 50263261.9*
    37    37    1S1 2P3             (3)1( 0.0) 50289078.0*
    38    38    1S1 2P3             (3)1( 1.0) 50313191.1*
    39    39    1S1 2P3             (3)1( 2.0) 50369717.8*
    40    40    1S1 2P3             (1)1( 1.0) 50483928.3*

C--------------------------------------------------------------------------------------------------------------
C
C                                                                            
C
C--------------------------------------------------------------------------------------------------------------
MN22     /IC/

  IRSL  IRSL  N   L      DEL(RYD)       B(SEC)      R(SEC)      A(SEC):       1           2           3
     1     5  2  -1    4.455376E+02   6.556E+12   7.481E+12   2.047E+12   1.511E+12   3.677E+11   1.681E+11
     2     5  2  -1    4.452720E+02   5.027E+12
     3     5  2  -1    4.445282E+02   1.610E+11
     3     6  2  -1    4.449896E+02   3.040E+12   3.053E+12   8.539E+11   7.061E+11   1.581E+10   1.320E+11
     3     7  2  -1    4.454784E+02   8.939E+12   6.385E+12   5.398E+12   4.778E+12   8.245E+06   6.205E+11
     2     8  2  -1    4.484677E+02   1.779E+14   5.341E+14   4.531E+13   2.534E+12   4.035E+13   2.428E+12
     4     8  2  -1    4.452006E+02   8.964E+10
     1     9  2  -1    4.489641E+02   1.008E+15   4.782E+14   5.972E+13   4.543E+13   3.839E+12   1.046E+13
     2     9  2  -1    4.486984E+02   4.383E+13
     3     9  2  -1    4.479546E+02   5.907E+13
     4     9  2  -1    4.454312E+02   5.840E+10
     2    10  2  -1    4.488528E+02   4.773E+14   3.100E+14   1.279E+14   1.122E+14   4.216E+12   1.140E+13
     3    10  2  -1    4.481091E+02   2.104E+13
     4    10  2  -1    4.455857E+02   4.312E+12
     1    11  2  -1    4.493815E+02   4.903E+12   3.062E+14   1.304E+14   1.039E+14   2.250E+13   4.008E+12
     2    11  2  -1    4.491159E+02   2.305E+14
     3    11  2  -1    4.483721E+02   4.315E+13
     4    11  2  -1    4.458487E+02   2.141E+12
     3    12  2  -1    4.484107E+02   2.795E+14   1.996E+14   1.643E+14   1.452E+14   2.504E+08   1.915E+13
     2    13  2  -1    4.495806E+02   3.499E+13   4.618E+14   7.704E+13   4.173E+13   2.538E+13   9.926E+12
     3    13  2  -1    4.488368E+02   4.341E+14
     4    13  2  -1    4.463134E+02   1.121E+13
     1    14  2  -1    4.505755E+02   1.342E+13   1.345E+14   1.221E+14   3.261E+13   7.259E+13   1.686E+13
     2    14  2  -1    4.503099E+02   3.754E+13
     3    14  2  -1    4.495661E+02   4.636E+13
     4    14  2  -1    4.470427E+02   1.526E+13
     2    15  2  -1    4.504641E+02   2.558E+13   1.007E+14   1.395E+14   3.891E+12   1.190E+14   1.653E+13
     4    15  2  -1    4.471969E+02   8.003E+12
     2    16  2  -1    4.509565E+02   2.873E+11   1.923E+14   2.302E+14   1.006E+14   5.801E+13   7.166E+13
     3    16  2  -1    4.502127E+02   5.591E+13
     4    16  2  -1    4.476893E+02   2.270E+14
     2    17  2  -1    4.512368E+02   5.067E+11   1.361E+14   1.159E+14   2.549E+13   2.460E+13   6.581E+13
     3    17  2  -1    4.504930E+02   7.892E+13
     4    17  2  -1    4.479696E+02   4.006E+12
     2    18  2  -1    4.517089E+02   7.778E+11   6.563E+13   2.108E+14   4.720E+13   1.639E+11   1.635E+14
     3    18  2  -1    4.509651E+02   3.076E+12
     4    18  2  -1    4.484417E+02   1.035E+14
     1    19  2  -1    4.527889E+02   2.010E+12   5.946E+14   6.246E+13   3.187E+12   9.645E+12   4.963E+13
     3    19  2  -1    4.517795E+02   3.433E+11
     4    19  2  -1    4.492561E+02   5.934E+14
     2    20  2  -1    4.528989E+02   4.746E+10   1.923E+14   2.005E+14   5.550E+13   9.227E+12   1.358E+14
     4    20  2  -1    4.496317E+02   6.405E+13
    23    27  2  -1    4.385790E+02   2.231E+12   6.693E+12   1.772E+14   6.531E+13   1.071E+14   4.799E+12
    21    28  2  -1    4.475869E+02   7.331E+13   3.209E+13   1.735E+14   6.119E+13   9.401E+13   1.829E+13
    22    28  2  -1    4.393613E+02   9.165E+12
    23    28  2  -1    4.388006E+02   1.719E+12
    24    28  2  -1    4.383860E+02   1.723E+12
    23    29  2  -1    4.396185E+02   4.500E+12   8.581E+12   1.798E+14   6.453E+13   3.715E+12   1.116E+14
    24    29  2  -1    4.392039E+02   5.036E+12
    25    29  2  -1    4.380690E+02   8.450E+11
    21    30  2  -1    4.496299E+02   1.153E+15   3.981E+14   1.187E+14   4.392E+12   1.668E+13   9.761E+13
    22    30  2  -1    4.414043E+02   1.741E+11
    23    30  2  -1    4.408437E+02   2.617E+11
    24    30  2  -1    4.404291E+02   1.523E+12
    25    30  2  -1    4.392942E+02   6.056E+12
    26    30  2  -1    4.373846E+02   2.110E+12
    23    31  2  -1    4.458008E+02   6.491E+12   8.147E+12   5.873E+12   2.829E+11   4.360E+12   1.231E+12
    24    31  2  -1    4.453862E+02   4.109E+12
    25    31  2  -1    4.442513E+02   1.441E+11
    21    32  2  -1    4.565994E+02   3.234E+11   2.626E+14   1.981E+14   3.483E+11   1.491E+14   4.862E+13
    22    32  2  -1    4.483738E+02   6.598E+14
    23    32  2  -1    4.478131E+02   4.423E+12
    24    32  2  -1    4.473985E+02   2.183E+13
    25    32  2  -1    4.462637E+02   1.009E+12
    26    32  2  -1    4.443541E+02   2.602E+11
    23    33  2  -1    4.479093E+02   3.201E+14   2.051E+14   2.118E+14   4.389E+11   1.307E+14   8.074E+13
    24    33  2  -1    4.474947E+02   1.334E+12
    25    33  2  -1    4.463598E+02   1.170E+13
    24    34  2  -1    4.477128E+02   2.219E+14   2.048E+14   2.249E+14   0.000E+00   4.985E+13   1.750E+14
    25    34  2  -1    4.465779E+02   6.489E+13
    21    35  2  -1    4.574344E+02   5.414E+10   7.073E+14   3.851E+13   1.722E+11   4.216E+12   3.412E+13
    22    35  2  -1    4.492088E+02   1.461E+14
    23    35  2  -1    4.486482E+02   3.931E+14
    24    35  2  -1    4.482336E+02   1.393E+14
    25    35  2  -1    4.470987E+02   1.994E+13
    26    35  2  -1    4.451891E+02   4.899E+11
    24    36  2  -1    4.488313E+02   2.836E+14   4.623E+14   1.992E+14   7.938E+11   8.075E+13   1.176E+14
    25    36  2  -1    4.476965E+02   1.787E+14
    23    37  2  -1    4.494812E+02   6.680E+13   2.004E+14   1.436E+14   2.249E+12   2.144E+13   1.199E+14
    21    38  2  -1    4.584872E+02   5.989E+10   2.712E+14   1.346E+14   1.892E+12   1.729E+13   1.154E+14
    22    38  2  -1    4.502616E+02   1.140E+13
    23    38  2  -1    4.497009E+02   1.184E+13
    24    38  2  -1    4.492863E+02   1.350E+14
    25    38  2  -1    4.481514E+02   6.560E+12
    26    38  2  -1    4.462419E+02   5.905E+13
    23    39  2  -1    4.502160E+02   1.111E+13   3.456E+14   1.735E+14   1.388E+12   5.103E+12   1.670E+14
    24    39  2  -1    4.498014E+02   6.293E+12
    25    39  2  -1    4.486666E+02   3.327E+14
    21    40  2  -1    4.600431E+02   9.876E+11   6.009E+14   1.359E+14   6.678E+10   2.199E+13   1.138E+14
    22    40  2  -1    4.518175E+02   1.576E+11
    23    40  2  -1    4.512568E+02   1.571E+12
    24    40  2  -1    4.508422E+02   2.671E+12
    25    40  2  -1    4.497073E+02   2.019E+14
    26    40  2  -1    4.477977E+02   7.742E+14

   NRSLMX=   6    NVMAX=   2    LVMAX=   0

C--------------------------------------------------------------------------------------------------------------
C
C                                                                            
C
C--------------------------------------------------------------------------------------------------------------
