SEQ='BE'     NUCCHG=27                                                  /IC/

   PARENT LEVEL INDEXING                BWNP= 175693108.5  NPRNT=   3
   ---------------------
   INDP         CODE                 S L   WI        WNP
   ----         ----                 - -   --  ----------
     1          1S2 2S1             (2)0( 0.5)        0.0 
     2          1S2 2P1             (2)1( 0.5)   404018.5 
     3          1S2 2P1             (2)1( 1.5)   563235.4 

   IC RESOLVED LEVEL INDEXING           BWNR= 192785444.0 NLVL=    40
   --------------------------
   INDX  IRSL   CODE                 S L   WJ        WNR
   ----  ----   ----                 - -   --  ----------
     1    21    1S2 2S2             (1)0( 0.0)        0.0 
     2     1    1S2 2S1 2P1         (3)1( 0.0)   357349.2 
     3     2    1S2 2S1 2P1         (3)1( 1.0)   395337.3 
     4     3    1S2 2S1 2P1         (3)1( 2.0)   511053.0 
     5     4    1S2 2S1 2P1         (1)1( 1.0)   804911.3 
     6    22    1S2 2P2             (3)1( 0.0)   990166.6 
     7    23    1S2 2P2             (3)1( 1.0)  1082029.4 
     8    24    1S2 2P2             (3)1( 2.0)  1136929.4 
     9    25    1S2 2P2             (1)2( 2.0)  1294863.4 
    10    26    1S2 2P2             (1)0( 0.0)  1518047.6 
    11    27    1S1 2S2 2P1         (3)1( 0.0) 57562393.2*
    12    28    1S1 2S2 2P1         (3)1( 1.0) 57592756.7*
    13    29    1S1 2S2 2P1         (3)1( 2.0) 57720060.9*
    14     5    1S1 2S1 2P2         (5)1( 1.0) 57720071.5*
    15     6    1S1 2S1 2P2         (5)1( 2.0) 57793801.2*
    16    30    1S1 2S2 2P1         (1)1( 1.0) 57863377.2*
    17     7    1S1 2S1 2P2         (5)1( 3.0) 57864947.9*
    18     8    1S1 2S1 2P2         (3)1( 0.0) 58098632.1*
    19     9    1S1 2S1 2P2         (3)1( 1.0) 58140555.9*
    20    10    1S1 2S1 2P2         (3)2( 2.0) 58165255.6*
    21    11    1S1 2S1 2P2         (3)2( 1.0) 58202532.9*
    22    12    1S1 2S1 2P2         (3)2( 3.0) 58216977.7*
    23    13    1S1 2S1 2P2         (3)1( 2.0) 58270418.0*
    24    14    1S1 2S1 2P2         (3)1( 1.0) 58333721.1*
    25    15    1S1 2S1 2P2         (3)1( 0.0) 58343180.0*
    26    16    1S1 2S1 2P2         (1)2( 2.0) 58424589.5*
    27    17    1S1 2S1 2P2         (3)0( 1.0) 58471580.7*
    28    31    1S1 2P3             (5)0( 2.0) 58480604.1*
    29    18    1S1 2S1 2P2         (3)1( 2.0) 58533572.1*
    30    19    1S1 2S1 2P2         (1)1( 1.0) 58622340.4*
    31    20    1S1 2S1 2P2         (1)0( 0.0) 58673710.5*
    32    32    1S1 2P3             (3)2( 1.0) 58709451.4*
    33    33    1S1 2P3             (3)2( 2.0) 58731349.9*
    34    34    1S1 2P3             (3)2( 3.0) 58769284.2*
    35    35    1S1 2P3             (3)0( 1.0) 58828169.9*
    36    36    1S1 2P3             (1)2( 2.0) 58898954.4*
    37    37    1S1 2P3             (3)1( 0.0) 58928098.4*
    38    38    1S1 2P3             (3)1( 1.0) 58961474.3*
    39    39    1S1 2P3             (3)1( 2.0) 59044393.1*
    40    40    1S1 2P3             (1)1( 1.0) 59162320.6*

C--------------------------------------------------------------------------------------------------------------
C
C                                                                            
C
C--------------------------------------------------------------------------------------------------------------
CO24     /IC/

  IRSL  IRSL  N   L      DEL(RYD)       B(SEC)      R(SEC)      A(SEC):       1           2           3
     1     5  2  -1    5.227272E+02   1.503E+13   1.637E+13   3.147E+12   2.302E+12   6.120E+11   2.328E+11
     2     5  2  -1    5.223810E+02   1.090E+13
     3     5  2  -1    5.213265E+02   2.778E+11
     2     6  2  -1    5.230529E+02   4.439E+10   6.109E+12   1.268E+12   1.045E+12   2.311E+10   2.000E+11
     3     6  2  -1    5.219984E+02   6.079E+12
     3     7  2  -1    5.226467E+02   2.014E+13   1.439E+13   8.855E+12   7.837E+12   1.152E+07   1.019E+12
     2     8  2  -1    5.258307E+02   2.338E+14   7.019E+14   5.663E+13   3.874E+12   5.071E+13   2.042E+12
     4     8  2  -1    5.220984E+02   1.199E+11
     1     9  2  -1    5.265589E+02   1.394E+15   6.719E+14   5.545E+13   4.239E+13   2.967E+12   1.009E+13
     2     9  2  -1    5.262127E+02   7.306E+13
     3     9  2  -1    5.251583E+02   8.037E+13
     4     9  2  -1    5.224804E+02   4.848E+10
     2    10  2  -1    5.264378E+02   6.640E+14   4.384E+14   1.265E+14   1.111E+14   4.194E+12   1.125E+13
     3    10  2  -1    5.253833E+02   3.446E+13
     4    10  2  -1    5.227055E+02   9.255E+12
     1    11  2  -1    5.271237E+02   1.494E+13   4.088E+14   1.360E+14   1.078E+14   2.378E+13   4.513E+12
     2    11  2  -1    5.267775E+02   3.157E+14
     3    11  2  -1    5.257230E+02   4.996E+13
     4    11  2  -1    5.230452E+02   4.882E+12
     3    12  2  -1    5.258547E+02   3.799E+14   2.713E+14   1.629E+14   1.439E+14   2.114E+08   1.898E+13
     2    13  2  -1    5.273961E+02   4.493E+13   5.950E+14   9.551E+13   4.860E+13   3.385E+13   1.306E+13
     3    13  2  -1    5.263417E+02   5.492E+14
     4    13  2  -1    5.236638E+02   3.145E+13
     1    14  2  -1    5.283192E+02   7.969E+12   1.671E+14   1.319E+14   2.612E+13   8.241E+13   2.339E+13
     2    14  2  -1    5.279730E+02   4.441E+13
     3    14  2  -1    5.269185E+02   5.444E+13
     4    14  2  -1    5.242407E+02   2.932E+13
     2    15  2  -1    5.280592E+02   4.645E+13   1.821E+14   1.305E+14   4.202E+12   1.124E+14   1.388E+13
     4    15  2  -1    5.243269E+02   1.427E+13
     2    16  2  -1    5.288010E+02   3.470E+11   3.006E+14   2.149E+14   9.612E+13   5.018E+13   6.861E+13
     3    16  2  -1    5.277466E+02   1.255E+14
     4    16  2  -1    5.250687E+02   2.916E+14
     2    17  2  -1    5.292293E+02   9.047E+11   2.235E+14   1.067E+14   3.139E+13   1.660E+13   5.871E+13
     3    17  2  -1    5.281748E+02   1.304E+14
     4    17  2  -1    5.254970E+02   5.319E+12
     2    18  2  -1    5.297942E+02   5.711E+11   9.301E+13   2.150E+14   4.982E+13   8.715E+10   1.651E+14
     3    18  2  -1    5.287397E+02   2.429E+12
     4    18  2  -1    5.260619E+02   1.504E+14
     1    19  2  -1    5.309493E+02   3.144E+12   8.113E+14   6.451E+13   4.815E+12   8.330E+12   5.137E+13
     2    19  2  -1    5.306031E+02   2.705E+10
     3    19  2  -1    5.295486E+02   8.364E+11
     4    19  2  -1    5.268708E+02   8.088E+14
     2    20  2  -1    5.310712E+02   8.506E+10   2.634E+14   2.010E+14   5.480E+13   6.635E+12   1.396E+14
     4    20  2  -1    5.273389E+02   8.772E+13
    23    27  2  -1    5.146865E+02   2.782E+12   8.347E+12   1.765E+14   6.607E+13   1.060E+14   4.408E+12
    21    28  2  -1    5.248234E+02   1.365E+14   5.547E+13   1.713E+14   6.054E+13   9.573E+13   1.506E+13
    22    28  2  -1    5.158004E+02   1.238E+13
    23    28  2  -1    5.149632E+02   2.119E+12
    24    28  2  -1    5.144630E+02   2.228E+12
    23    29  2  -1    5.161233E+02   6.283E+12   1.146E+13   1.797E+14   6.514E+13   3.779E+12   1.108E+14
    24    29  2  -1    5.156230E+02   6.258E+12
    25    29  2  -1    5.141838E+02   1.432E+12
    21    30  2  -1    5.272895E+02   1.566E+15   5.398E+14   1.194E+14   5.822E+12   1.393E+13   9.964E+13
    22    30  2  -1    5.182664E+02   2.947E+11
    23    30  2  -1    5.174293E+02   4.748E+11
    24    30  2  -1    5.169290E+02   2.688E+12
    25    30  2  -1    5.154898E+02   7.060E+12
    26    30  2  -1    5.134560E+02   2.888E+12
    23    31  2  -1    5.230539E+02   1.672E+13   1.938E+13   1.024E+13   4.279E+11   8.080E+12   1.728E+12
    24    31  2  -1    5.225536E+02   9.025E+12
    25    31  2  -1    5.211144E+02   3.238E+11
    21    32  2  -1    5.349995E+02   6.019E+11   4.070E+14   1.876E+14   4.547E+11   1.500E+14   3.711E+13
    22    32  2  -1    5.259764E+02   9.974E+14
    23    32  2  -1    5.251393E+02   8.763E+10
    24    32  2  -1    5.246390E+02   4.358E+13
    25    32  2  -1    5.231998E+02   9.353E+11
    26    32  2  -1    5.211660E+02   3.433E+11
    23    33  2  -1    5.253389E+02   4.391E+14   2.837E+14   2.083E+14   5.204E+11   1.364E+14   7.139E+13
    24    33  2  -1    5.248386E+02   2.351E+10
    25    33  2  -1    5.233994E+02   2.020E+13
    24    34  2  -1    5.251843E+02   2.787E+14   2.842E+14   2.276E+14   0.000E+00   5.044E+13   1.772E+14
    25    34  2  -1    5.237451E+02   1.191E+14
    22    35  2  -1    5.270583E+02   1.313E+14   9.297E+14   5.341E+13   1.374E+11   9.510E+12   4.376E+13
    23    35  2  -1    5.262211E+02   5.524E+14
    24    35  2  -1    5.257209E+02   1.624E+14
    25    35  2  -1    5.242817E+02   3.758E+13
    26    35  2  -1    5.222479E+02   4.973E+11
    23    36  2  -1    5.268662E+02   1.826E+12   6.518E+14   2.054E+14   6.070E+11   7.513E+13   1.297E+14
    24    36  2  -1    5.263659E+02   4.405E+14
    25    36  2  -1    5.249267E+02   2.102E+14
    23    37  2  -1    5.271318E+02   9.304E+13   2.791E+14   1.467E+14   2.038E+12   2.280E+13   1.218E+14
    21    38  2  -1    5.372961E+02   1.246E+11   3.971E+14   1.377E+14   1.626E+12   1.877E+13   1.173E+14
    22    38  2  -1    5.282730E+02   7.292E+12
    23    38  2  -1    5.274359E+02   1.557E+13
    24    38  2  -1    5.269356E+02   1.920E+14
    25    38  2  -1    5.254964E+02   9.383E+12
    26    38  2  -1    5.234626E+02   1.303E+14
    23    39  2  -1    5.281915E+02   1.093E+13   4.628E+14   1.744E+14   1.271E+12   3.968E+12   1.692E+14
    24    39  2  -1    5.276912E+02   3.232E+12
    25    39  2  -1    5.262520E+02   4.530E+14
    21    40  2  -1    5.391263E+02   1.054E+12   8.240E+14   1.369E+14   9.222E+10   1.776E+13   1.190E+14
    22    40  2  -1    5.301033E+02   2.030E+11
    23    40  2  -1    5.292661E+02   2.485E+12
    24    40  2  -1    5.287659E+02   3.519E+12
    25    40  2  -1    5.273267E+02   2.843E+14
    26    40  2  -1    5.252929E+02   1.024E+15

   NRSLMX=   6    NVMAX=   2    LVMAX=   0

C--------------------------------------------------------------------------------------------------------------
C
C                                                                            
C
C--------------------------------------------------------------------------------------------------------------
