SEQ='O '     NUCCHG=23                                                  /IC/

   PARENT LEVEL INDEXING                BWNP= 168834618.8  NPRNT=  15
   ---------------------
   INDP         CODE                 S L   WI        WNP
   ----         ----                 - -   --  ----------
     1          1S2 2S2 2P3         (4)0( 1.5)        0.0 
     2          1S2 2S2 2P3         (2)2( 1.5)   120388.1 
     3          1S2 2S2 2P3         (2)2( 2.5)   144672.7 
     4          1S2 2S2 2P3         (2)1( 0.5)   208743.1 
     5          1S2 2S2 2P3         (2)1( 1.5)   242645.1 
     6          1S2 2S1 2P4         (4)1( 2.5)   620186.5 
     7          1S2 2S1 2P4         (4)1( 1.5)   660698.9 
     8          1S2 2S1 2P4         (4)1( 0.5)   676816.2 
     9          1S2 2S1 2P4         (2)2( 1.5)   868289.5 
    10          1S2 2S1 2P4         (2)2( 2.5)   876306.9 
    11          1S2 2S1 2P4         (2)0( 0.5)   997194.7 
    12          1S2 2S1 2P4         (2)1( 1.5)  1044344.6 
    13          1S2 2S1 2P4         (2)1( 0.5)  1101585.2 
    14          1S2 2P5             (2)1( 1.5)  1643919.9 
    15          1S2 2P5             (2)1( 0.5)  1711321.5 

   IC RESOLVED LEVEL INDEXING           BWNR= 177390294.6 NLVL=    16
   --------------------------
   INDX  IRSL   CODE                 S L   WJ        WNR
   ----  ----   ----                 - -   --  ----------
     1     7    1S2 2S2 2P4         (3)1( 2.0)        0.0 
     2     8    1S2 2S2 2P4         (3)1( 0.0)    50918.6 
     3     9    1S2 2S2 2P4         (3)1( 1.0)    52289.9 
     4    10    1S2 2S2 2P4         (1)2( 2.0)   125713.8 
     5    11    1S2 2S2 2P4         (1)0( 0.0)   236753.1 
     6     1    1S2 2S1 2P5         (3)1( 2.0)   761974.8 
     7     2    1S2 2S1 2P5         (3)1( 1.0)   802124.0 
     8     3    1S2 2S1 2P5         (3)1( 0.0)   828028.0 
     9     4    1S2 2S1 2P5         (1)1( 1.0)  1055497.6 
    10    12    1S2 2P6             (1)0( 0.0)  1790664.7 
    11    13    1S1 2S2 2P5         (3)1( 2.0) 40394442.0*
    12    14    1S1 2S2 2P5         (3)1( 1.0) 40432180.5*
    13    15    1S1 2S2 2P5         (3)1( 0.0) 40466874.3*
    14    16    1S1 2S2 2P5         (1)1( 1.0) 40553242.7*
    15     5    1S1 2S1 2P6         (3)0( 1.0) 41163989.9*
    16     6    1S1 2S1 2P6         (1)0( 0.0) 41344624.8*

C--------------------------------------------------------------------------------------------------------------
C
C                                                                            
C
C--------------------------------------------------------------------------------------------------------------
V 16     /IC/

  IRSL  IRSL  N   L      DEL(RYD)       B(SEC)      R(SEC)      A(SEC):       1           2           3           4           5           6
                                                                              7           8           9          10          11          12
                                                                             13          14          15
     1     5  2  -1    3.681700E+02   1.217E+14   3.645E+14   6.784E+14   1.944E+10   7.687E+10   0.000E+00   2.185E+11   3.895E+11   5.652E+12
                                                                          1.116E+12   1.171E+12   2.266E+14   3.456E+14   3.916E+13   6.499E+12
                                                                          7.606E+12   2.951E+13   1.475E+13
     2     5  2  -1    3.678041E+02   1.195E+14
     3     5  2  -1    3.675680E+02   1.211E+14
     4     5  2  -1    3.654952E+02   1.826E+12
     2     6  2  -1    3.694502E+02   1.886E+12   3.621E+14   9.825E+14   1.661E+11   6.525E+11   0.000E+00   1.860E+12   3.283E+12   5.655E+12
                                                                          1.117E+12   1.155E+12   2.267E+14   3.458E+14   3.865E+13   6.503E+12
                                                                          7.508E+12   2.287E+14   1.148E+14
     4     6  2  -1    3.671413E+02   1.188E+14
     7    13  2  -1    3.681010E+02   1.705E+14   2.429E+14   7.097E+14   7.909E+12   1.353E+14   2.059E+14   4.839E+13   3.782E+13   2.495E+13
                                                                          8.481E+12   3.097E+12   1.847E+13   7.682E+13   2.628E+13   5.465E+13
                                                                          2.748E+12   5.805E+13   8.258E+11
     9    13  2  -1    3.676245E+02   1.010E+14
    10    13  2  -1    3.669554E+02   1.187E+13
     7    14  2  -1    3.684449E+02   7.045E+13   2.645E+14   7.047E+14   5.489E+12   1.064E+14   1.729E+14   4.662E+13   1.033E+14   6.811E+12
                                                                          1.069E+13   9.840E+12   5.048E+13   2.969E+13   1.701E+13   6.103E+13
                                                                          2.529E+13   3.718E+13   2.206E+13
     8    14  2  -1    3.679809E+02   2.416E+14
     9    14  2  -1    3.679684E+02   5.545E+13
    10    14  2  -1    3.672993E+02   6.415E+12
    11    14  2  -1    3.662874E+02   1.035E+12
    12    14  2  -1    3.521271E+02   3.200E+11
     9    15  2  -1    3.682845E+02   8.120E+13   2.436E+14   7.093E+14   1.427E+12   5.787E+13   1.174E+14   4.392E+13   2.134E+14   2.258E+07
                                                                          2.213E+13   2.289E+12   7.866E+13   1.368E+09   1.635E+12   4.030E+13
                                                                          7.044E+13   1.986E+12   5.788E+13
     7    16  2  -1    3.695481E+02   2.568E+12   4.656E+14   6.581E+14   3.790E+12   8.627E+13   1.496E+14   4.518E+13   1.471E+14   7.482E+11
                                                                          3.151E+11   9.952E+11   3.537E+12   1.533E+12   4.623E+12   9.053E+13
                                                                          6.436E+13   2.286E+13   3.665E+13
     8    16  2  -1    3.690841E+02   8.682E+11
     9    16  2  -1    3.690716E+02   5.341E+12
    10    16  2  -1    3.684025E+02   2.254E+14
    11    16  2  -1    3.673906E+02   2.360E+14
    12    16  2  -1    3.532303E+02   4.442E+12

   NRSLMX=   6    NVMAX=   2    LVMAX=   0

C--------------------------------------------------------------------------------------------------------------
C
C                                                                            
C
C--------------------------------------------------------------------------------------------------------------
