SEQ='BE'     NUCCHG=22                                                  /IC/

   PARENT LEVEL INDEXING                BWNP= 115373642.5  NPRNT=   3
   ---------------------
   INDP         CODE                 S L   WI        WNP
   ----         ----                 - -   --  ----------
     1          1S2 2S1             (2)0( 0.5)        0.0 
     2          1S2 2P1             (2)1( 0.5)   323786.1 
     3          1S2 2P1             (2)1( 1.5)   390694.3 

   IC RESOLVED LEVEL INDEXING           BWNR= 126232147.2 NLVL=    40
   --------------------------
   INDX  IRSL   CODE                 S L   WJ        WNR
   ----  ----   ----                 - -   --  ----------
     1    21    1S2 2S2             (1)0( 0.0)        0.0 
     2     1    1S2 2S1 2P1         (3)1( 0.0)   286737.9 
     3     2    1S2 2S1 2P1         (3)1( 1.0)   304959.6 
     4     3    1S2 2S1 2P1         (3)1( 2.0)   350769.4 
     5     4    1S2 2S1 2P1         (1)1( 1.0)   599909.1 
     6    22    1S2 2P2             (3)1( 0.0)   773799.4 
     7    23    1S2 2P2             (3)1( 1.0)   805428.7 
     8    24    1S2 2P2             (3)1( 2.0)   836840.5 
     9    25    1S2 2P2             (1)2( 2.0)   928918.7 
    10    26    1S2 2P2             (1)0( 0.0)  1115326.6 
    11    27    1S1 2S2 2P1         (3)1( 0.0) 37674472.4*
    12    28    1S1 2S2 2P1         (3)1( 1.0) 37690683.6*
    13    29    1S1 2S2 2P1         (3)1( 2.0) 37740972.1*
    14     5    1S1 2S1 2P2         (5)1( 1.0) 37766909.5*
    15     6    1S1 2S1 2P2         (5)1( 2.0) 37794457.3*
    16     7    1S1 2S1 2P2         (5)1( 3.0) 37827189.1*
    17    30    1S1 2S2 2P1         (1)1( 1.0) 37861187.5*
    18     8    1S1 2S1 2P2         (3)1( 0.0) 38072642.4*
    19     9    1S1 2S1 2P2         (3)1( 1.0) 38083696.1*
    20    10    1S1 2S1 2P2         (3)2( 2.0) 38092555.3*
    21    11    1S1 2S1 2P2         (3)2( 3.0) 38108589.7*
    22    12    1S1 2S1 2P2         (3)2( 1.0) 38111058.5*
    23    13    1S1 2S1 2P2         (3)1( 2.0) 38141497.1*
    24    14    1S1 2S1 2P2         (3)0( 1.0) 38235697.7*
    25    15    1S1 2S1 2P2         (3)1( 0.0) 38263095.2*
    26    16    1S1 2S1 2P2         (1)2( 2.0) 38289223.3*
    27    17    1S1 2S1 2P2         (3)1( 1.0) 38304035.8*
    28    31    1S1 2P3             (5)0( 2.0) 38306117.9*
    29    18    1S1 2S1 2P2         (3)1( 2.0) 38340216.9*
    30    19    1S1 2S1 2P2         (1)1( 1.0) 38426763.8*
    31    20    1S1 2S1 2P2         (1)0( 0.0) 38456348.3*
    32    32    1S1 2P3             (3)2( 1.0) 38506724.1*
    33    33    1S1 2P3             (3)2( 2.0) 38509668.6*
    34    34    1S1 2P3             (3)2( 3.0) 38519980.2*
    35    35    1S1 2P3             (3)0( 1.0) 38573884.9*
    36    36    1S1 2P3             (1)2( 2.0) 38632421.5*
    37    37    1S1 2P3             (3)1( 0.0) 38652258.5*
    38    38    1S1 2P3             (3)1( 1.0) 38664728.7*
    39    39    1S1 2P3             (3)1( 2.0) 38695786.4*
    40    40    1S1 2P3             (1)1( 1.0) 38803767.9*

C--------------------------------------------------------------------------------------------------------------
C
C                                                                            
C
C--------------------------------------------------------------------------------------------------------------
TI19     /IC/

  IRSL  IRSL  N   L      DEL(RYD)       B(SEC)      R(SEC)      A(SEC):       1           2           3
     1     5  2  -1    3.415442E+02   1.626E+12   1.992E+12   9.648E+11   7.205E+11   1.546E+11   8.962E+10
     2     5  2  -1    3.413781E+02   1.355E+12
     3     5  2  -1    3.409607E+02   5.706E+10
     3     6  2  -1    3.412117E+02   9.177E+11   9.207E+11   4.228E+11   3.518E+11   8.069E+09   6.288E+10
     3     7  2  -1    3.415100E+02   2.270E+12   1.621E+12   2.316E+12   2.051E+12   4.618E+06   2.650E+11
     2     8  2  -1    3.441642E+02   1.089E+14   3.269E+14   3.303E+13   1.178E+12   2.872E+13   3.134E+12
     4     8  2  -1    3.414764E+02   3.842E+10
     1     9  2  -1    3.444310E+02   5.799E+14   2.685E+14   6.664E+13   5.080E+13   5.207E+12   1.064E+13
     2     9  2  -1    3.442649E+02   1.764E+13
     3     9  2  -1    3.438475E+02   3.450E+13
     4     9  2  -1    3.415771E+02   3.999E+10
     2    10  2  -1    3.443456E+02   2.737E+14   1.740E+14   1.292E+14   1.132E+14   4.191E+12   1.179E+13
     3    10  2  -1    3.439282E+02   9.031E+12
     4    10  2  -1    3.416579E+02   1.150E+12
     3    11  2  -1    3.440743E+02   1.650E+14   1.178E+14   1.633E+14   1.443E+14   3.247E+08   1.898E+13
     1    12  2  -1    3.446803E+02   1.371E+11   1.904E+14   1.196E+14   9.554E+13   2.056E+13   3.459E+12
     2    12  2  -1    3.445143E+02   1.359E+14
     3    12  2  -1    3.440968E+02   3.236E+13
     4    12  2  -1    3.418265E+02   5.255E+11
     2    13  2  -1    3.447916E+02   2.351E+13   2.858E+14   6.025E+13   3.447E+13   1.734E+13   8.443E+12
     3    13  2  -1    3.443742E+02   2.705E+14
     4    13  2  -1    3.421039E+02   2.063E+12
     1    14  2  -1    3.458161E+02   1.644E+13   9.508E+13   1.035E+14   4.355E+13   5.204E+13   7.952E+12
     2    14  2  -1    3.456501E+02   2.714E+13
     3    14  2  -1    3.452326E+02   3.482E+13
     4    14  2  -1    3.429623E+02   4.425E+12
     2    15  2  -1    3.458997E+02   9.953E+12   3.852E+13   1.477E+14   2.873E+12   1.230E+14   2.185E+13
     4    15  2  -1    3.432119E+02   2.886E+12
     2    16  2  -1    3.461378E+02   2.927E+11   1.016E+14   2.426E+14   1.052E+14   6.461E+13   7.287E+13
     3    16  2  -1    3.457204E+02   1.597E+13
     4    16  2  -1    3.434500E+02   1.424E+14
     1    17  2  -1    3.464388E+02   5.214E+11   5.319E+13   1.319E+14   1.472E+13   4.154E+13   7.560E+13
     2    17  2  -1    3.462728E+02   1.929E+10
     3    17  2  -1    3.458553E+02   3.038E+13
     4    17  2  -1    3.435850E+02   2.360E+12
     2    18  2  -1    3.466025E+02   9.680E+11   3.609E+13   2.017E+14   4.128E+13   4.733E+11   1.600E+14
     3    18  2  -1    3.461851E+02   3.293E+12
     4    18  2  -1    3.439147E+02   5.369E+13
     1    19  2  -1    3.475572E+02   8.289E+11   3.515E+14   5.934E+13   1.537E+12   1.153E+13   4.628E+13
     3    19  2  -1    3.469737E+02   7.739E+10
     4    19  2  -1    3.447034E+02   3.511E+14
     2    20  2  -1    3.476608E+02   1.526E+10   1.141E+14   1.987E+14   5.610E+13   1.457E+13   1.281E+14
     4    20  2  -1    3.449730E+02   3.802E+13
    23    27  2  -1    3.359752E+02   1.484E+12   4.451E+12   1.773E+14   6.389E+13   1.081E+14   5.333E+12
    21    28  2  -1    3.434625E+02   2.427E+13   1.292E+13   1.753E+14   6.154E+13   9.022E+13   2.358E+13
    22    28  2  -1    3.364111E+02   5.528E+12
    23    28  2  -1    3.361229E+02   1.154E+12
    24    28  2  -1    3.358367E+02   1.102E+12
    23    29  2  -1    3.365812E+02   2.587E+12   5.251E+12   1.791E+14   6.333E+13   3.614E+12   1.122E+14
    24    29  2  -1    3.362949E+02   3.412E+12
    25    29  2  -1    3.354559E+02   2.875E+11
    21    30  2  -1    3.450163E+02   6.861E+14   2.373E+14   1.174E+14   2.583E+12   2.135E+13   9.348E+13
    22    30  2  -1    3.379649E+02   6.701E+10
    23    30  2  -1    3.376767E+02   9.000E+10
    24    30  2  -1    3.373904E+02   4.963E+11
    25    30  2  -1    3.365513E+02   4.365E+12
    26    30  2  -1    3.348527E+02   1.229E+12
    23    31  2  -1    3.417312E+02   1.358E+12   1.964E+12   2.373E+12   1.376E+11   1.576E+12   6.599E+11
    24    31  2  -1    3.414449E+02   1.124E+12
    25    31  2  -1    3.406058E+02   2.537E+10
    21    32  2  -1    3.508988E+02   1.018E+11   1.319E+14   2.083E+14   1.878E+11   1.411E+14   6.703E+13
    22    32  2  -1    3.438474E+02   3.196E+14
    23    32  2  -1    3.435592E+02   1.407E+13
    24    32  2  -1    3.432730E+02   6.086E+12
    25    32  2  -1    3.424339E+02   6.701E+11
    26    32  2  -1    3.407352E+02   1.234E+11
    23    33  2  -1    3.435861E+02   1.819E+14   1.188E+14   2.130E+14   2.710E+11   1.177E+14   9.508E+13
    24    33  2  -1    3.432998E+02   5.634E+12
    25    33  2  -1    3.424607E+02   3.973E+12
    24    34  2  -1    3.433938E+02   1.459E+14   1.187E+14   2.195E+14   0.000E+00   4.868E+13   1.708E+14
    25    34  2  -1    3.425547E+02   2.022E+13
    21    35  2  -1    3.515108E+02   3.659E+10   4.403E+14   1.901E+13   1.771E+11   5.476E+11   1.828E+13
    22    35  2  -1    3.444595E+02   1.349E+14
    23    35  2  -1    3.441712E+02   2.140E+14
    24    35  2  -1    3.438850E+02   1.027E+14
    25    35  2  -1    3.430459E+02   5.994E+12
    26    35  2  -1    3.413472E+02   3.617E+11
    23    36  2  -1    3.447047E+02   2.331E+12   2.625E+14   1.896E+14   1.052E+12   8.950E+13   9.901E+13
    24    36  2  -1    3.444184E+02   1.274E+14
    25    36  2  -1    3.435793E+02   1.336E+14
    23    37  2  -1    3.448854E+02   3.851E+13   1.155E+14   1.383E+14   2.541E+12   1.944E+13   1.163E+14
    22    38  2  -1    3.452873E+02   1.807E+13   1.424E+14   1.314E+14   2.308E+12   1.701E+13   1.121E+14
    23    38  2  -1    3.449991E+02   9.124E+12
    24    38  2  -1    3.447128E+02   7.099E+13
    25    38  2  -1    3.438737E+02   2.536E+12
    26    38  2  -1    3.421751E+02   1.398E+13
    23    39  2  -1    3.452821E+02   1.010E+13   2.081E+14   1.703E+14   1.548E+12   6.872E+12   1.619E+14
    24    39  2  -1    3.449958E+02   1.130E+13
    25    39  2  -1    3.441568E+02   1.908E+14
    21    40  2  -1    3.536057E+02   7.796E+11   3.517E+14   1.330E+14   3.665E+10   2.782E+13   1.051E+14
    22    40  2  -1    3.465543E+02   6.933E+10
    23    40  2  -1    3.462661E+02   6.044E+11
    24    40  2  -1    3.459798E+02   1.125E+12
    25    40  2  -1    3.451408E+02   1.154E+14
    26    40  2  -1    3.434421E+02   4.698E+14

   NRSLMX=   6    NVMAX=   2    LVMAX=   0

C--------------------------------------------------------------------------------------------------------------
C
C                                                                            
C
C--------------------------------------------------------------------------------------------------------------
