SEQ='HE'     NUCCHG= 2                                                  /IC/

   PARENT LEVEL INDEXING                BWNP=    438972.9   NPRNTI= 1   NPRNTF= 1
   ---------------------
   INDP         CODE                 S L   WI        WNP
   ----         ----                 - -   --  ----------
     1          1S1                 (2)0( 0.5)        0.0 

   IC RESOLVED LEVEL INDEXING           BWNR=    473788.9   NLVL= 102
   --------------------------
   INDX  INDP   CODE                 S L   WJ        WNR       AUGER RATES:  INDP-INDP', INDP'=1,...INDP-1
   ----  ----   ----                 - -   --  ----------      -----------
     1     1    1S1 2S1             (3)0( 1.0)        0.0 
     2     1    1S1 2S1             (1)0( 0.0)    12984.2 
     3     1    1S1 2P1             (3)1( 0.0)    13686.2 
     4     1    1S1 2P1             (3)1( 1.0)    13687.5 
     5     1    1S1 2P1             (3)1( 2.0)    13690.2 
     6     1    1S1 3S1             (1)0( 0.0)    20865.7 
     7     1    1S1 3S1             (3)0( 1.0)    21329.3 
     8     1    1S1 3P1             (3)1( 0.0)    21618.4 
     9     1    1S1 3P1             (3)1( 1.0)    21619.2 
    10     1    1S1 3P1             (3)1( 2.0)    21620.8 
    11     1    1S1 3D1             (3)2( 1.0)    22619.1 
    12     1    1S1 3D1             (3)2( 2.0)    22619.1 
    13     1    1S1 3D1             (3)2( 3.0)    22619.2 
    14     1    1S1 3D1             (1)2( 2.0)    22624.6 
    15     1    1S1 3P1             (1)1( 1.0)    22716.0 
    16     1    1S1 2P1             (1)1( 1.0)    24023.5 
    17     1    1S1 4S1             (3)0( 1.0)    27254.3 
    18     1    1S1 4S1             (1)0( 0.0)    27261.8 
    19     1    1S1 4D1             (3)2( 1.0)    27955.3 
    20     1    1S1 4D1             (3)2( 2.0)    27955.3 
    21     1    1S1 4D1             (3)2( 3.0)    27955.3 
    22     1    1S1 4F1             (3)3( 2.0)    27957.4 
    23     1    1S1 4F1             (3)3( 3.0)    27957.4 
    24     1    1S1 4F1             (3)3( 4.0)    27957.4 
    25     1    1S1 4F1             (1)3( 3.0)    27957.4 
    26     1    1S1 4D1             (1)2( 2.0)    27958.6 
    27     1    1S1 4P1             (1)1( 1.0)    27966.2 
    28     1    1S1 4P1             (3)1( 0.0)    28049.5 
    29     1    1S1 4P1             (3)1( 1.0)    28049.5 
    30     1    1S1 4P1             (3)1( 2.0)    28049.5 
    31     1    1S1 5S1             (3)0( 1.0)    30051.8 
    32     1    1S1 5S1             (1)0( 0.0)    30071.7 
    33     1    1S1 5P1             (1)1( 1.0)    30417.6 
    34     1    1S1 5P1             (3)1( 0.0)    30419.6 
    35     1    1S1 5P1             (3)1( 1.0)    30419.6 
    36     1    1S1 5P1             (3)1( 2.0)    30419.6 
    37     1    1S1 5D1             (3)2( 1.0)    30425.3 
    38     1    1S1 5D1             (3)2( 2.0)    30425.3 
    39     1    1S1 5D1             (3)2( 3.0)    30425.3 
    40     1    1S1 5F1             (3)3( 2.0)    30426.5 
    41     1    1S1 5F1             (3)3( 3.0)    30426.5 
    42     1    1S1 5F1             (3)3( 4.0)    30426.5 
    43     1    1S1 5G1             (3)4( 3.0)    30426.5 
    44     1    1S1 5G1             (3)4( 4.0)    30426.5 
    45     1    1S1 5F1             (1)3( 3.0)    30426.5 
    46     1    1S1 5G1             (3)4( 5.0)    30426.5 
    47     1    1S1 5G1             (1)4( 4.0)    30426.5 
    48     1    1S1 5D1             (1)2( 2.0)    30427.2 
    49     1    1S1 6S1             (3)0( 1.0)    31548.4 
    50     1    1S1 6S1             (1)0( 0.0)    31565.2 
    51     1    1S1 6P1             (3)1( 0.0)    31755.2 
    52     1    1S1 6P1             (3)1( 1.0)    31755.2 
    53     1    1S1 6P1             (3)1( 2.0)    31755.2 
    54     1    1S1 6P1             (1)1( 1.0)    31756.3 
    55     1    1S1 6D1             (3)2( 1.0)    31767.0 
    56     1    1S1 6D1             (3)2( 2.0)    31767.0 
    57     1    1S1 6D1             (3)2( 3.0)    31767.0 
    58     1    1S1 6F1             (3)3( 2.0)    31767.8 
    59     1    1S1 6F1             (3)3( 3.0)    31767.8 
    60     1    1S1 6F1             (3)3( 4.0)    31767.8 
    61     1    1S1 6G1             (3)4( 3.0)    31767.8 
    62     1    1S1 6G1             (3)4( 4.0)    31767.8 
    63     1    1S1 6G1             (3)4( 5.0)    31767.8 
    64     1    1S1 6G1             (1)4( 4.0)    31767.8 
    65     1    1S1 6F1             (1)3( 3.0)    31767.8 
    66     1    1S1 6D1             (1)2( 2.0)    31768.2 
    67     1    1S1 7S1             (3)0( 1.0)    32437.8 
    68     1    1S1 7S1             (1)0( 0.0)    32450.1 
    69     1    1S1 7P1             (1)1( 1.0)    32566.1 
    70     1    1S1 7P1             (3)1( 0.0)    32566.2 
    71     1    1S1 7P1             (3)1( 1.0)    32566.2 
    72     1    1S1 7P1             (3)1( 2.0)    32566.2 
    73     1    1S1 7D1             (3)2( 1.0)    32576.0 
    74     1    1S1 7D1             (3)2( 2.0)    32576.0 
    75     1    1S1 7D1             (3)2( 3.0)    32576.0 
    76     1    1S1 7F1             (3)3( 2.0)    32576.5 
    77     1    1S1 7F1             (3)3( 3.0)    32576.5 
    78     1    1S1 7F1             (3)3( 4.0)    32576.5 
    79     1    1S1 7G1             (3)4( 3.0)    32576.5 
    80     1    1S1 7G1             (3)4( 4.0)    32576.5 
    81     1    1S1 7G1             (3)4( 5.0)    32576.5 
    82     1    1S1 7G1             (1)4( 4.0)    32576.5 
    83     1    1S1 7F1             (1)3( 3.0)    32576.5 
    84     1    1S1 7D1             (1)2( 2.0)    32576.8 
    85     1    1S1 8S1             (3)0( 1.0)    33008.3 
    86     1    1S1 8S1             (1)0( 0.0)    33017.2 
    87     1    1S1 8P1             (1)1( 1.0)    33092.8 
    88     1    1S1 8P1             (3)1( 0.0)    33093.6 
    89     1    1S1 8P1             (3)1( 1.0)    33093.6 
    90     1    1S1 8P1             (3)1( 2.0)    33093.6 
    91     1    1S1 8D1             (3)2( 1.0)    33101.0 
    92     1    1S1 8D1             (3)2( 2.0)    33101.0 
    93     1    1S1 8D1             (3)2( 3.0)    33101.0 
    94     1    1S1 8F1             (3)3( 2.0)    33101.4 
    95     1    1S1 8F1             (3)3( 3.0)    33101.4 
    96     1    1S1 8F1             (3)3( 4.0)    33101.4 
    97     1    1S1 8G1             (3)4( 3.0)    33101.4 
    98     1    1S1 8G1             (3)4( 4.0)    33101.4 
    99     1    1S1 8G1             (3)4( 5.0)    33101.4 
   100     1    1S1 8G1             (1)4( 4.0)    33101.4 
   101     1    1S1 8F1             (1)3( 3.0)    33101.4 
   102     1    1S1 8D1             (1)2( 2.0)    33101.6 

   NL-SHELL INDEXING & AUGER RATES                     NLREP= 55
   -------------------------------
   ILREP   N   L
   -----   -   -
     1     1   0
     2     2   0
     3     2   1
     4     3   0
     5     3   1
     6     3   2
     7     4   0
     8     4   1
     9     4   2
    10     4   3
    11     5   0
    12     5   1
    13     5   2
    14     5   3
    15     5   4
    16     6   0
    17     6   1
    18     6   2
    19     6   3
    20     6   4
    21     6   5
    22     7   0
    23     7   1
    24     7   2
    25     7   3
    26     7   4
    27     7   5
    28     7   6
    29     8   0
    30     8   1
    31     8   2
    32     8   3
    33     8   4
    34     8   5
    35     8   6
    36     8   7
    37     9   0
    38     9   1
    39     9   2
    40     9   3
    41     9   4
    42     9   5
    43     9   6
    44     9   7
    45     9   8
    46    10   0
    47    10   1
    48    10   2
    49    10   3
    50    10   4
    51    10   5
    52    10   6
    53    10   7
    54    10   8
    55    10   9

   N-SHELL INDEXING & AUGER RATES                       NREP= 42
   ------------------------------
   INREP   N
   -----   -
     1     1
     2     2
     3     3
     4     4
     5     5
     6     6
     7     7
     8     8
     9     9
    10    10
    11    11
    12    12
    13    13
    14    14
    15    15
    16    16
    17    18
    18    20
    19    22
    20    25
    21    29
    22    35
    23    39
    24    45
    25    49
    26    55
    27    61
    28    70
    29    81
    30   100
    31   115
    32   140
    33   162
    34   200
    35   235
    36   300
    37   353
    38   450
    39   535
    40   700
    41   811
    42   999



 --------------------------
 PRTI= 1  LVLPRT= (2S  0.5)

   INDX TE=  1.00E+01  2.00E+01  5.00E+01  1.00E+02  2.00E+02  5.00E+02  1.00E+03  2.00E+03  5.00E+03  1.00E+04
   ---- ---  2.00E+04  5.00E+04  1.00E+05  2.00E+05  5.00E+05  1.00E+06  2.00E+06  5.00E+06  1.00E+07
     1       0.00E+00  0.00E+00  0.00E+00  0.00E+00  0.00E+00  0.00E+00  0.00E+00  0.00E+00  0.00E+00  5.61E-29
             7.12E-21  2.47E-16  4.54E-15  1.16E-14  9.67E-15  5.09E-15  2.19E-15  6.25E-16  2.30E-16
     2       0.00E+00  0.00E+00  0.00E+00  0.00E+00  0.00E+00  0.00E+00  0.00E+00  0.00E+00  0.00E+00  6.09E-31
             4.06E-22  3.92E-17  1.02E-15  3.10E-15  2.86E-15  1.56E-15  6.84E-16  1.97E-16  7.27E-17
     3       0.00E+00  0.00E+00  0.00E+00  0.00E+00  0.00E+00  0.00E+00  0.00E+00  0.00E+00  0.00E+00  7.74E-33
             2.29E-23  5.29E-18  1.82E-16  6.35E-16  6.35E-16  3.55E-16  1.58E-16  4.58E-17  1.69E-17
     4       0.00E+00  0.00E+00  0.00E+00  0.00E+00  0.00E+00  0.00E+00  0.00E+00  0.00E+00  0.00E+00  2.61E-32
             6.97E-23  1.59E-17  5.48E-16  1.91E-15  1.91E-15  1.07E-15  4.74E-16  1.38E-16  5.10E-17
     5       0.00E+00  0.00E+00  0.00E+00  0.00E+00  0.00E+00  0.00E+00  0.00E+00  0.00E+00  0.00E+00  4.66E-32
             1.17E-22  2.66E-17  9.13E-16  3.18E-15  3.18E-15  1.78E-15  7.90E-16  2.29E-16  8.49E-17
     6       0.00E+00  0.00E+00  0.00E+00  0.00E+00  0.00E+00  0.00E+00  0.00E+00  0.00E+00  0.00E+00  5.51E-32
             1.39E-22  2.88E-17  9.54E-16  3.26E-15  3.22E-15  1.80E-15  7.96E-16  2.31E-16  8.54E-17
     7       0.00E+00  0.00E+00  0.00E+00  0.00E+00  0.00E+00  0.00E+00  0.00E+00  0.00E+00  0.00E+00  1.74E-31
             4.38E-22  9.09E-17  3.01E-15  1.03E-14  1.02E-14  5.67E-15  2.51E-15  7.29E-16  2.70E-16
     8       0.00E+00  0.00E+00  0.00E+00  0.00E+00  0.00E+00  0.00E+00  0.00E+00  0.00E+00  0.00E+00  1.66E-32
             4.65E-23  1.03E-17  3.48E-16  1.21E-15  1.20E-15  6.69E-16  2.97E-16  8.62E-17  3.19E-17
     9       0.00E+00  0.00E+00  0.00E+00  0.00E+00  0.00E+00  0.00E+00  0.00E+00  0.00E+00  0.00E+00  4.99E-32
             1.40E-22  3.09E-17  1.05E-15  3.62E-15  3.60E-15  2.01E-15  8.93E-16  2.59E-16  9.59E-17
    10       0.00E+00  0.00E+00  0.00E+00  0.00E+00  0.00E+00  0.00E+00  0.00E+00  0.00E+00  0.00E+00  8.31E-32
             2.32E-22  5.15E-17  1.74E-15  6.03E-15  6.00E-15  3.35E-15  1.49E-15  4.31E-16  1.60E-16
    11       0.00E+00  0.00E+00  0.00E+00  0.00E+00  0.00E+00  0.00E+00  0.00E+00  0.00E+00  0.00E+00  9.65E-32
             2.67E-22  5.86E-17  1.98E-15  6.82E-15  6.77E-15  3.78E-15  1.68E-15  4.86E-16  1.80E-16
    12       0.00E+00  0.00E+00  0.00E+00  0.00E+00  0.00E+00  0.00E+00  0.00E+00  0.00E+00  0.00E+00  1.60E-31
             4.43E-22  9.71E-17  3.27E-15  1.13E-14  1.12E-14  6.26E-15  2.78E-15  8.07E-16  2.98E-16
    13       0.00E+00  0.00E+00  0.00E+00  0.00E+00  0.00E+00  0.00E+00  0.00E+00  0.00E+00  0.00E+00  2.22E-31
             6.14E-22  1.34E-16  4.53E-15  1.57E-14  1.55E-14  8.67E-15  3.85E-15  1.12E-15  4.13E-16
    14       0.00E+00  0.00E+00  0.00E+00  0.00E+00  0.00E+00  0.00E+00  0.00E+00  0.00E+00  0.00E+00  1.43E-31
             4.28E-22  9.80E-17  3.35E-15  1.17E-14  1.16E-14  6.50E-15  2.89E-15  8.38E-16  3.10E-16
    15       0.00E+00  0.00E+00  0.00E+00  0.00E+00  0.00E+00  0.00E+00  0.00E+00  0.00E+00  0.00E+00  8.33E-32
             2.46E-22  5.62E-17  1.92E-15  6.68E-15  6.67E-15  3.72E-15  1.65E-15  4.80E-16  1.78E-16
    16       0.00E+00  0.00E+00  0.00E+00  0.00E+00  0.00E+00  0.00E+00  0.00E+00  0.00E+00  0.00E+00  9.97E-30
             2.17E-21  1.44E-16  3.42E-15  1.00E-14  9.02E-15  4.87E-15  2.13E-15  6.12E-16  2.26E-16
    17       0.00E+00  0.00E+00  0.00E+00  0.00E+00  0.00E+00  0.00E+00  0.00E+00  0.00E+00  0.00E+00  6.60E-32
             2.59E-22  6.99E-17  2.53E-15  9.03E-15  9.15E-15  5.14E-15  2.29E-15  6.65E-16  2.46E-16
    18       0.00E+00  0.00E+00  0.00E+00  0.00E+00  0.00E+00  0.00E+00  0.00E+00  0.00E+00  0.00E+00  2.33E-32
             9.18E-23  2.48E-17  8.96E-16  3.20E-15  3.25E-15  1.82E-15  8.13E-16  2.36E-16  8.75E-17
    19       0.00E+00  0.00E+00  0.00E+00  0.00E+00  0.00E+00  0.00E+00  0.00E+00  0.00E+00  0.00E+00  3.99E-32
             1.64E-22  4.56E-17  1.66E-15  5.97E-15  6.07E-15  3.41E-15  1.52E-15  4.42E-16  1.64E-16
    20       0.00E+00  0.00E+00  0.00E+00  0.00E+00  0.00E+00  0.00E+00  0.00E+00  0.00E+00  0.00E+00  6.70E-32
             2.76E-22  7.66E-17  2.79E-15  1.00E-14  1.02E-14  5.73E-15  2.55E-15  7.43E-16  2.75E-16
    21       0.00E+00  0.00E+00  0.00E+00  0.00E+00  0.00E+00  0.00E+00  0.00E+00  0.00E+00  0.00E+00  9.53E-32
             3.93E-22  1.09E-16  3.97E-15  1.43E-14  1.45E-14  8.14E-15  3.63E-15  1.06E-15  3.91E-16
    22       0.00E+00  0.00E+00  0.00E+00  0.00E+00  0.00E+00  0.00E+00  0.00E+00  0.00E+00  0.00E+00  1.22E-32
             5.11E-23  1.43E-17  5.23E-16  1.88E-15  1.91E-15  1.07E-15  4.79E-16  1.39E-16  5.16E-17
    23       0.00E+00  0.00E+00  0.00E+00  0.00E+00  0.00E+00  0.00E+00  0.00E+00  0.00E+00  0.00E+00  1.88E-32
             7.88E-23  2.20E-17  8.06E-16  2.90E-15  2.95E-15  1.66E-15  7.39E-16  2.15E-16  7.96E-17
    24       0.00E+00  0.00E+00  0.00E+00  0.00E+00  0.00E+00  0.00E+00  0.00E+00  0.00E+00  0.00E+00  2.18E-32
             9.13E-23  2.55E-17  9.34E-16  3.36E-15  3.42E-15  1.92E-15  8.56E-16  2.49E-16  9.22E-17
    25       0.00E+00  0.00E+00  0.00E+00  0.00E+00  0.00E+00  0.00E+00  0.00E+00  0.00E+00  0.00E+00  2.16E-32
             9.05E-23  2.53E-17  9.27E-16  3.33E-15  3.39E-15  1.91E-15  8.50E-16  2.47E-16  9.15E-17
    26       0.00E+00  0.00E+00  0.00E+00  0.00E+00  0.00E+00  0.00E+00  0.00E+00  0.00E+00  0.00E+00  6.76E-32
             2.89E-22  8.20E-17  3.01E-15  1.08E-14  1.11E-14  6.22E-15  2.77E-15  8.06E-16  2.99E-16
    27       0.00E+00  0.00E+00  0.00E+00  0.00E+00  0.00E+00  0.00E+00  0.00E+00  0.00E+00  0.00E+00  4.35E-32
             1.82E-22  5.10E-17  1.87E-15  6.72E-15  6.84E-15  3.84E-15  1.71E-15  4.98E-16  1.85E-16
    28       0.00E+00  0.00E+00  0.00E+00  0.00E+00  0.00E+00  0.00E+00  0.00E+00  0.00E+00  0.00E+00  1.04E-32
             4.27E-23  1.19E-17  4.33E-16  1.55E-15  1.58E-15  8.88E-16  3.96E-16  1.15E-16  4.26E-17
    29       0.00E+00  0.00E+00  0.00E+00  0.00E+00  0.00E+00  0.00E+00  0.00E+00  0.00E+00  0.00E+00  3.11E-32
             1.28E-22  3.56E-17  1.30E-15  4.66E-15  4.74E-15  2.66E-15  1.19E-15  3.45E-16  1.28E-16
    30       0.00E+00  0.00E+00  0.00E+00  0.00E+00  0.00E+00  0.00E+00  0.00E+00  0.00E+00  0.00E+00  5.17E-32
             2.13E-22  5.92E-17  2.16E-15  7.76E-15  7.89E-15  4.44E-15  1.98E-15  5.75E-16  2.13E-16
    31       0.00E+00  0.00E+00  0.00E+00  0.00E+00  0.00E+00  0.00E+00  0.00E+00  0.00E+00  0.00E+00  3.97E-32
             1.91E-22  5.83E-17  2.19E-15  8.00E-15  8.21E-15  4.63E-15  2.07E-15  6.02E-16  2.23E-16
    32       0.00E+00  0.00E+00  0.00E+00  0.00E+00  0.00E+00  0.00E+00  0.00E+00  0.00E+00  0.00E+00  1.27E-32
             6.10E-23  1.86E-17  6.99E-16  2.55E-15  2.61E-15  1.47E-15  6.58E-16  1.92E-16  7.09E-17
    33       0.00E+00  0.00E+00  0.00E+00  0.00E+00  0.00E+00  0.00E+00  0.00E+00  0.00E+00  0.00E+00  3.01E-32
             1.50E-22  4.66E-17  1.76E-15  6.46E-15  6.64E-15  3.75E-15  1.67E-15  4.87E-16  1.80E-16
    34       0.00E+00  0.00E+00  0.00E+00  0.00E+00  0.00E+00  0.00E+00  0.00E+00  0.00E+00  0.00E+00  6.50E-33
             3.22E-23  9.95E-18  3.76E-16  1.38E-15  1.41E-15  7.98E-16  3.56E-16  1.04E-16  3.84E-17
    35       0.00E+00  0.00E+00  0.00E+00  0.00E+00  0.00E+00  0.00E+00  0.00E+00  0.00E+00  0.00E+00  1.95E-32
             9.65E-23  2.99E-17  1.13E-15  4.13E-15  4.24E-15  2.39E-15  1.07E-15  3.11E-16  1.15E-16
    36       0.00E+00  0.00E+00  0.00E+00  0.00E+00  0.00E+00  0.00E+00  0.00E+00  0.00E+00  0.00E+00  3.25E-32
             1.61E-22  4.97E-17  1.88E-15  6.87E-15  7.06E-15  3.98E-15  1.78E-15  5.18E-16  1.92E-16
    37       0.00E+00  0.00E+00  0.00E+00  0.00E+00  0.00E+00  0.00E+00  0.00E+00  0.00E+00  0.00E+00  2.60E-32
             1.29E-22  3.98E-17  1.51E-15  5.51E-15  5.66E-15  3.19E-15  1.43E-15  4.15E-16  1.54E-16
    38       0.00E+00  0.00E+00  0.00E+00  0.00E+00  0.00E+00  0.00E+00  0.00E+00  0.00E+00  0.00E+00  4.30E-32
             2.13E-22  6.59E-17  2.49E-15  9.11E-15  9.36E-15  5.28E-15  2.36E-15  6.87E-16  2.54E-16
    39       0.00E+00  0.00E+00  0.00E+00  0.00E+00  0.00E+00  0.00E+00  0.00E+00  0.00E+00  0.00E+00  6.11E-32
             3.03E-22  9.37E-17  3.54E-15  1.30E-14  1.33E-14  7.51E-15  3.35E-15  9.76E-16  3.62E-16
    40       0.00E+00  0.00E+00  0.00E+00  0.00E+00  0.00E+00  0.00E+00  0.00E+00  0.00E+00  0.00E+00  7.53E-33
             3.75E-23  1.17E-17  4.42E-16  1.62E-15  1.66E-15  9.38E-16  4.19E-16  1.22E-16  4.52E-17
    41       0.00E+00  0.00E+00  0.00E+00  0.00E+00  0.00E+00  0.00E+00  0.00E+00  0.00E+00  0.00E+00  1.13E-32
             5.64E-23  1.75E-17  6.64E-16  2.43E-15  2.50E-15  1.41E-15  6.30E-16  1.83E-16  6.79E-17
    42       0.00E+00  0.00E+00  0.00E+00  0.00E+00  0.00E+00  0.00E+00  0.00E+00  0.00E+00  0.00E+00  1.34E-32
             6.66E-23  2.07E-17  7.84E-16  2.87E-15  2.95E-15  1.67E-15  7.44E-16  2.16E-16  8.02E-17
    43       0.00E+00  0.00E+00  0.00E+00  0.00E+00  0.00E+00  0.00E+00  0.00E+00  0.00E+00  0.00E+00  1.08E-34
             5.39E-25  1.68E-19  6.35E-18  2.32E-17  2.39E-17  1.35E-17  6.02E-18  1.75E-18  6.49E-19
    44       0.00E+00  0.00E+00  0.00E+00  0.00E+00  0.00E+00  0.00E+00  0.00E+00  0.00E+00  0.00E+00  1.47E-34
             7.32E-25  2.28E-19  8.63E-18  3.16E-17  3.25E-17  1.83E-17  8.18E-18  2.38E-18  8.82E-19
    45       0.00E+00  0.00E+00  0.00E+00  0.00E+00  0.00E+00  0.00E+00  0.00E+00  0.00E+00  0.00E+00  1.38E-32
             6.87E-23  2.14E-17  8.10E-16  2.96E-15  3.05E-15  1.72E-15  7.68E-16  2.23E-16  8.28E-17
    46       0.00E+00  0.00E+00  0.00E+00  0.00E+00  0.00E+00  0.00E+00  0.00E+00  0.00E+00  0.00E+00  1.68E-34
             8.38E-25  2.60E-19  9.86E-18  3.61E-17  3.71E-17  2.09E-17  9.35E-18  2.72E-18  1.01E-18
    47       0.00E+00  0.00E+00  0.00E+00  0.00E+00  0.00E+00  0.00E+00  0.00E+00  0.00E+00  0.00E+00  1.48E-34
             7.39E-25  2.30E-19  8.71E-18  3.19E-17  3.28E-17  1.85E-17  8.25E-18  2.40E-18  8.90E-19
    48       0.00E+00  0.00E+00  0.00E+00  0.00E+00  0.00E+00  0.00E+00  0.00E+00  0.00E+00  0.00E+00  4.36E-32
             2.20E-22  6.90E-17  2.62E-15  9.60E-15  9.88E-15  5.58E-15  2.49E-15  7.25E-16  2.69E-16
    49       0.00E+00  0.00E+00  0.00E+00  0.00E+00  0.00E+00  0.00E+00  0.00E+00  0.00E+00  0.00E+00  2.84E-32
             1.53E-22  4.97E-17  1.91E-15  7.05E-15  7.28E-15  4.11E-15  1.84E-15  5.35E-16  1.98E-16
    50       0.00E+00  0.00E+00  0.00E+00  0.00E+00  0.00E+00  0.00E+00  0.00E+00  0.00E+00  0.00E+00  8.23E-33
             4.41E-23  1.43E-17  5.50E-16  2.03E-15  2.09E-15  1.18E-15  5.29E-16  1.54E-16  5.71E-17
    51       0.00E+00  0.00E+00  0.00E+00  0.00E+00  0.00E+00  0.00E+00  0.00E+00  0.00E+00  0.00E+00  4.53E-33
             2.47E-23  8.13E-18  3.13E-16  1.16E-15  1.20E-15  6.76E-16  3.02E-16  8.80E-17  3.26E-17
    52       0.00E+00  0.00E+00  0.00E+00  0.00E+00  0.00E+00  0.00E+00  0.00E+00  0.00E+00  0.00E+00  1.36E-32
             7.43E-23  2.44E-17  9.41E-16  3.47E-15  3.59E-15  2.03E-15  9.07E-16  2.64E-16  9.79E-17
    53       0.00E+00  0.00E+00  0.00E+00  0.00E+00  0.00E+00  0.00E+00  0.00E+00  0.00E+00  0.00E+00  2.26E-32
             1.24E-22  4.06E-17  1.56E-15  5.78E-15  5.97E-15  3.38E-15  1.51E-15  4.40E-16  1.63E-16
    54       0.00E+00  0.00E+00  0.00E+00  0.00E+00  0.00E+00  0.00E+00  0.00E+00  0.00E+00  0.00E+00  2.36E-32
             1.29E-22  4.25E-17  1.64E-15  6.06E-15  6.27E-15  3.54E-15  1.58E-15  4.61E-16  1.71E-16
    55       0.00E+00  0.00E+00  0.00E+00  0.00E+00  0.00E+00  0.00E+00  0.00E+00  0.00E+00  0.00E+00  1.89E-32
             1.03E-22  3.40E-17  1.31E-15  4.84E-15  5.01E-15  2.83E-15  1.27E-15  3.68E-16  1.37E-16
    56       0.00E+00  0.00E+00  0.00E+00  0.00E+00  0.00E+00  0.00E+00  0.00E+00  0.00E+00  0.00E+00  3.18E-32
             1.74E-22  5.71E-17  2.20E-15  8.13E-15  8.41E-15  4.75E-15  2.12E-15  6.19E-16  2.29E-16
    57       0.00E+00  0.00E+00  0.00E+00  0.00E+00  0.00E+00  0.00E+00  0.00E+00  0.00E+00  0.00E+00  4.57E-32
             2.50E-22  8.21E-17  3.17E-15  1.17E-14  1.21E-14  6.83E-15  3.05E-15  8.89E-16  3.30E-16
    58       0.00E+00  0.00E+00  0.00E+00  0.00E+00  0.00E+00  0.00E+00  0.00E+00  0.00E+00  0.00E+00  4.77E-33
             2.62E-23  8.62E-18  3.33E-16  1.23E-15  1.27E-15  7.19E-16  3.21E-16  9.36E-17  3.47E-17
    59       0.00E+00  0.00E+00  0.00E+00  0.00E+00  0.00E+00  0.00E+00  0.00E+00  0.00E+00  0.00E+00  7.23E-33
             3.97E-23  1.31E-17  5.05E-16  1.87E-15  1.93E-15  1.09E-15  4.88E-16  1.42E-16  5.26E-17
    60       0.00E+00  0.00E+00  0.00E+00  0.00E+00  0.00E+00  0.00E+00  0.00E+00  0.00E+00  0.00E+00  8.39E-33
             4.60E-23  1.52E-17  5.86E-16  2.16E-15  2.24E-15  1.26E-15  5.65E-16  1.65E-16  6.10E-17
    61       0.00E+00  0.00E+00  0.00E+00  0.00E+00  0.00E+00  0.00E+00  0.00E+00  0.00E+00  0.00E+00  9.87E-35
             5.42E-25  1.79E-19  6.89E-18  2.55E-17  2.63E-17  1.49E-17  6.65E-18  1.94E-18  7.18E-19
    62       0.00E+00  0.00E+00  0.00E+00  0.00E+00  0.00E+00  0.00E+00  0.00E+00  0.00E+00  0.00E+00  1.34E-34
             7.37E-25  2.43E-19  9.38E-18  3.46E-17  3.58E-17  2.03E-17  9.06E-18  2.64E-18  9.77E-19
    63       0.00E+00  0.00E+00  0.00E+00  0.00E+00  0.00E+00  0.00E+00  0.00E+00  0.00E+00  0.00E+00  1.55E-34
             8.49E-25  2.80E-19  1.08E-17  3.99E-17  4.13E-17  2.33E-17  1.04E-17  3.04E-18  1.13E-18
    64       0.00E+00  0.00E+00  0.00E+00  0.00E+00  0.00E+00  0.00E+00  0.00E+00  0.00E+00  0.00E+00  1.36E-34
             7.45E-25  2.46E-19  9.48E-18  3.50E-17  3.62E-17  2.05E-17  9.15E-18  2.67E-18  9.88E-19
    65       0.00E+00  0.00E+00  0.00E+00  0.00E+00  0.00E+00  0.00E+00  0.00E+00  0.00E+00  0.00E+00  8.93E-33
             4.90E-23  1.62E-17  6.24E-16  2.31E-15  2.39E-15  1.35E-15  6.03E-16  1.76E-16  6.51E-17
    66       0.00E+00  0.00E+00  0.00E+00  0.00E+00  0.00E+00  0.00E+00  0.00E+00  0.00E+00  0.00E+00  3.27E-32
             1.81E-22  5.98E-17  2.31E-15  8.55E-15  8.85E-15  5.00E-15  2.24E-15  6.52E-16  2.41E-16
    67       0.00E+00  0.00E+00  0.00E+00  0.00E+00  0.00E+00  0.00E+00  0.00E+00  0.00E+00  0.00E+00  2.19E-32
             1.26E-22  4.25E-17  1.66E-15  6.15E-15  6.38E-15  3.61E-15  1.61E-15  4.70E-16  1.74E-16
    68       0.00E+00  0.00E+00  0.00E+00  0.00E+00  0.00E+00  0.00E+00  0.00E+00  0.00E+00  0.00E+00  6.50E-33
             3.72E-23  1.26E-17  4.89E-16  1.81E-15  1.88E-15  1.06E-15  4.76E-16  1.39E-16  5.14E-17
    69       0.00E+00  0.00E+00  0.00E+00  0.00E+00  0.00E+00  0.00E+00  0.00E+00  0.00E+00  0.00E+00  1.93E-32
             1.12E-22  3.82E-17  1.49E-15  5.55E-15  5.76E-15  3.26E-15  1.46E-15  4.25E-16  1.57E-16
    70       0.00E+00  0.00E+00  0.00E+00  0.00E+00  0.00E+00  0.00E+00  0.00E+00  0.00E+00  0.00E+00  3.32E-33
             1.92E-23  6.54E-18  2.55E-16  9.49E-16  9.84E-16  5.57E-16  2.49E-16  7.26E-17  2.69E-17
    71       0.00E+00  0.00E+00  0.00E+00  0.00E+00  0.00E+00  0.00E+00  0.00E+00  0.00E+00  0.00E+00  9.97E-33
             5.78E-23  1.97E-17  7.67E-16  2.85E-15  2.96E-15  1.67E-15  7.49E-16  2.18E-16  8.08E-17
    72       0.00E+00  0.00E+00  0.00E+00  0.00E+00  0.00E+00  0.00E+00  0.00E+00  0.00E+00  0.00E+00  1.66E-32
             9.61E-23  3.27E-17  1.28E-15  4.74E-15  4.92E-15  2.78E-15  1.24E-15  3.63E-16  1.34E-16
    73       0.00E+00  0.00E+00  0.00E+00  0.00E+00  0.00E+00  0.00E+00  0.00E+00  0.00E+00  0.00E+00  1.43E-32
             8.33E-23  2.84E-17  1.11E-15  4.11E-15  4.27E-15  2.41E-15  1.08E-15  3.15E-16  1.17E-16
    74       0.00E+00  0.00E+00  0.00E+00  0.00E+00  0.00E+00  0.00E+00  0.00E+00  0.00E+00  0.00E+00  2.49E-32
             1.44E-22  4.92E-17  1.92E-15  7.13E-15  7.40E-15  4.19E-15  1.87E-15  5.46E-16  2.02E-16
    75       0.00E+00  0.00E+00  0.00E+00  0.00E+00  0.00E+00  0.00E+00  0.00E+00  0.00E+00  0.00E+00  3.64E-32
             2.11E-22  7.19E-17  2.81E-15  1.04E-14  1.08E-14  6.12E-15  2.74E-15  7.98E-16  2.96E-16
    76       0.00E+00  0.00E+00  0.00E+00  0.00E+00  0.00E+00  0.00E+00  0.00E+00  0.00E+00  0.00E+00  3.17E-33
             1.85E-23  6.30E-18  2.46E-16  9.14E-16  9.48E-16  5.37E-16  2.40E-16  6.99E-17  2.59E-17
    77       0.00E+00  0.00E+00  0.00E+00  0.00E+00  0.00E+00  0.00E+00  0.00E+00  0.00E+00  0.00E+00  4.95E-33
             2.88E-23  9.82E-18  3.83E-16  1.42E-15  1.48E-15  8.37E-16  3.74E-16  1.09E-16  4.04E-17
    78       0.00E+00  0.00E+00  0.00E+00  0.00E+00  0.00E+00  0.00E+00  0.00E+00  0.00E+00  0.00E+00  5.56E-33
             3.23E-23  1.10E-17  4.31E-16  1.60E-15  1.66E-15  9.40E-16  4.20E-16  1.22E-16  4.54E-17
    79       0.00E+00  0.00E+00  0.00E+00  0.00E+00  0.00E+00  0.00E+00  0.00E+00  0.00E+00  0.00E+00  7.46E-35
             4.34E-25  1.48E-19  5.78E-18  2.15E-17  2.23E-17  1.26E-17  5.64E-18  1.64E-18  6.09E-19
    80       0.00E+00  0.00E+00  0.00E+00  0.00E+00  0.00E+00  0.00E+00  0.00E+00  0.00E+00  0.00E+00  1.04E-34
             6.07E-25  2.07E-19  8.09E-18  3.01E-17  3.12E-17  1.77E-17  7.90E-18  2.30E-18  8.53E-19
    81       0.00E+00  0.00E+00  0.00E+00  0.00E+00  0.00E+00  0.00E+00  0.00E+00  0.00E+00  0.00E+00  1.22E-34
             7.11E-25  2.43E-19  9.48E-18  3.52E-17  3.65E-17  2.07E-17  9.25E-18  2.70E-18  9.99E-19
    82       0.00E+00  0.00E+00  0.00E+00  0.00E+00  0.00E+00  0.00E+00  0.00E+00  0.00E+00  0.00E+00  1.03E-34
             6.01E-25  2.05E-19  8.00E-18  2.97E-17  3.09E-17  1.75E-17  7.81E-18  2.28E-18  8.44E-19
    83       0.00E+00  0.00E+00  0.00E+00  0.00E+00  0.00E+00  0.00E+00  0.00E+00  0.00E+00  0.00E+00  6.00E-33
             3.49E-23  1.19E-17  4.66E-16  1.73E-15  1.80E-15  1.02E-15  4.54E-16  1.32E-16  4.91E-17
    84       0.00E+00  0.00E+00  0.00E+00  0.00E+00  0.00E+00  0.00E+00  0.00E+00  0.00E+00  0.00E+00  2.75E-32
             1.61E-22  5.50E-17  2.15E-15  8.00E-15  8.30E-15  4.70E-15  2.10E-15  6.13E-16  2.27E-16
    85       0.00E+00  0.00E+00  0.00E+00  0.00E+00  0.00E+00  0.00E+00  0.00E+00  0.00E+00  0.00E+00  1.75E-32
             1.05E-22  3.64E-17  1.43E-15  5.32E-15  5.53E-15  3.13E-15  1.40E-15  4.08E-16  1.51E-16
    86       0.00E+00  0.00E+00  0.00E+00  0.00E+00  0.00E+00  0.00E+00  0.00E+00  0.00E+00  0.00E+00  5.43E-33
             3.24E-23  1.12E-17  4.41E-16  1.64E-15  1.71E-15  9.68E-16  4.33E-16  1.26E-16  4.68E-17
    87       0.00E+00  0.00E+00  0.00E+00  0.00E+00  0.00E+00  0.00E+00  0.00E+00  0.00E+00  0.00E+00  1.60E-32
             9.65E-23  3.37E-17  1.32E-15  4.94E-15  5.14E-15  2.91E-15  1.30E-15  3.79E-16  1.41E-16
    88       0.00E+00  0.00E+00  0.00E+00  0.00E+00  0.00E+00  0.00E+00  0.00E+00  0.00E+00  0.00E+00  2.49E-33
             1.50E-23  5.23E-18  2.06E-16  7.67E-16  7.97E-16  4.51E-16  2.02E-16  5.89E-17  2.18E-17
    89       0.00E+00  0.00E+00  0.00E+00  0.00E+00  0.00E+00  0.00E+00  0.00E+00  0.00E+00  0.00E+00  7.51E-33
             4.52E-23  1.58E-17  6.20E-16  2.31E-15  2.40E-15  1.36E-15  6.09E-16  1.77E-16  6.58E-17
    90       0.00E+00  0.00E+00  0.00E+00  0.00E+00  0.00E+00  0.00E+00  0.00E+00  0.00E+00  0.00E+00  1.25E-32
             7.51E-23  2.61E-17  1.03E-15  3.84E-15  3.99E-15  2.26E-15  1.01E-15  2.95E-16  1.09E-16
    91       0.00E+00  0.00E+00  0.00E+00  0.00E+00  0.00E+00  0.00E+00  0.00E+00  0.00E+00  0.00E+00  1.12E-32
             6.74E-23  2.35E-17  9.24E-16  3.44E-15  3.58E-15  2.03E-15  9.08E-16  2.65E-16  9.80E-17
    92       0.00E+00  0.00E+00  0.00E+00  0.00E+00  0.00E+00  0.00E+00  0.00E+00  0.00E+00  0.00E+00  2.01E-32
             1.21E-22  4.21E-17  1.66E-15  6.18E-15  6.43E-15  3.64E-15  1.63E-15  4.75E-16  1.76E-16
    93       0.00E+00  0.00E+00  0.00E+00  0.00E+00  0.00E+00  0.00E+00  0.00E+00  0.00E+00  0.00E+00  2.99E-32
             1.80E-22  6.27E-17  2.47E-15  9.20E-15  9.57E-15  5.42E-15  2.43E-15  7.07E-16  2.62E-16
    94       0.00E+00  0.00E+00  0.00E+00  0.00E+00  0.00E+00  0.00E+00  0.00E+00  0.00E+00  0.00E+00  2.19E-33
             1.32E-23  4.61E-18  1.81E-16  6.77E-16  7.04E-16  3.99E-16  1.78E-16  5.20E-17  1.93E-17
    95       0.00E+00  0.00E+00  0.00E+00  0.00E+00  0.00E+00  0.00E+00  0.00E+00  0.00E+00  0.00E+00  3.54E-33
             2.14E-23  7.46E-18  2.94E-16  1.10E-15  1.14E-15  6.45E-16  2.89E-16  8.41E-17  3.12E-17
    96       0.00E+00  0.00E+00  0.00E+00  0.00E+00  0.00E+00  0.00E+00  0.00E+00  0.00E+00  0.00E+00  3.88E-33
             2.34E-23  8.17E-18  3.22E-16  1.20E-15  1.25E-15  7.07E-16  3.16E-16  9.21E-17  3.41E-17
    97       0.00E+00  0.00E+00  0.00E+00  0.00E+00  0.00E+00  0.00E+00  0.00E+00  0.00E+00  0.00E+00  5.29E-35
             3.20E-25  1.11E-19  4.39E-18  1.64E-17  1.70E-17  9.64E-18  4.31E-18  1.26E-18  4.66E-19
    98       0.00E+00  0.00E+00  0.00E+00  0.00E+00  0.00E+00  0.00E+00  0.00E+00  0.00E+00  0.00E+00  8.09E-35
             4.89E-25  1.70E-19  6.71E-18  2.50E-17  2.60E-17  1.47E-17  6.60E-18  1.92E-18  7.13E-19
    99       0.00E+00  0.00E+00  0.00E+00  0.00E+00  0.00E+00  0.00E+00  0.00E+00  0.00E+00  0.00E+00  9.73E-35
             5.88E-25  2.05E-19  8.07E-18  3.01E-17  3.13E-17  1.77E-17  7.93E-18  2.31E-18  8.57E-19
   100       0.00E+00  0.00E+00  0.00E+00  0.00E+00  0.00E+00  0.00E+00  0.00E+00  0.00E+00  0.00E+00  7.43E-35
             4.49E-25  1.57E-19  6.17E-18  2.30E-17  2.39E-17  1.35E-17  6.06E-18  1.77E-18  6.55E-19
   101       0.00E+00  0.00E+00  0.00E+00  0.00E+00  0.00E+00  0.00E+00  0.00E+00  0.00E+00  0.00E+00  4.18E-33
             2.52E-23  8.81E-18  3.47E-16  1.29E-15  1.35E-15  7.62E-16  3.41E-16  9.93E-17  3.68E-17
   102       0.00E+00  0.00E+00  0.00E+00  0.00E+00  0.00E+00  0.00E+00  0.00E+00  0.00E+00  0.00E+00  2.46E-32
             1.49E-22  5.21E-17  2.05E-15  7.65E-15  7.95E-15  4.51E-15  2.02E-15  5.88E-16  2.18E-16

                                                                                     --------------------------
                                                                                     PRTF= 1  LVLPRT= (2S  0.5)
   ILREP
   -----
     2       0.00E+00  0.00E+00  0.00E+00  0.00E+00  0.00E+00  0.00E+00  0.00E+00  0.00E+00  0.00E+00  5.67E-29
             7.52E-21  2.86E-16  5.56E-15  1.47E-14  1.25E-14  6.64E-15  2.88E-15  8.22E-16  3.03E-16
     3       0.00E+00  0.00E+00  0.00E+00  0.00E+00  0.00E+00  0.00E+00  0.00E+00  0.00E+00  0.00E+00  1.00E-29
             2.38E-21  1.92E-16  5.06E-15  1.57E-14  1.47E-14  8.07E-15  3.55E-15  1.03E-15  3.79E-16
     4       0.00E+00  0.00E+00  0.00E+00  0.00E+00  0.00E+00  0.00E+00  0.00E+00  0.00E+00  0.00E+00  2.29E-31
             5.77E-22  1.20E-16  3.96E-15  1.36E-14  1.34E-14  7.46E-15  3.31E-15  9.60E-16  3.55E-16
     5       0.00E+00  0.00E+00  0.00E+00  0.00E+00  0.00E+00  0.00E+00  0.00E+00  0.00E+00  0.00E+00  2.33E-31
             6.64E-22  1.49E-16  5.06E-15  1.75E-14  1.75E-14  9.75E-15  4.33E-15  1.26E-15  4.65E-16
     6       0.00E+00  0.00E+00  0.00E+00  0.00E+00  0.00E+00  0.00E+00  0.00E+00  0.00E+00  0.00E+00  6.21E-31
             1.75E-21  3.88E-16  1.31E-14  4.54E-14  4.52E-14  2.52E-14  1.12E-14  3.25E-15  1.20E-15
     7       0.00E+00  0.00E+00  0.00E+00  0.00E+00  0.00E+00  0.00E+00  0.00E+00  0.00E+00  0.00E+00  8.93E-32
             3.51E-22  9.47E-17  3.42E-15  1.22E-14  1.24E-14  6.96E-15  3.10E-15  9.02E-16  3.34E-16
     8       0.00E+00  0.00E+00  0.00E+00  0.00E+00  0.00E+00  0.00E+00  0.00E+00  0.00E+00  0.00E+00  1.37E-31
             5.66E-22  1.58E-16  5.76E-15  2.07E-14  2.10E-14  1.18E-14  5.28E-15  1.53E-15  5.68E-16
     9       0.00E+00  0.00E+00  0.00E+00  0.00E+00  0.00E+00  0.00E+00  0.00E+00  0.00E+00  0.00E+00  2.70E-31
             1.12E-21  3.13E-16  1.14E-14  4.11E-14  4.18E-14  2.35E-14  1.05E-14  3.05E-15  1.13E-15
    10       0.00E+00  0.00E+00  0.00E+00  0.00E+00  0.00E+00  0.00E+00  0.00E+00  0.00E+00  0.00E+00  7.45E-32
             3.12E-22  8.72E-17  3.19E-15  1.15E-14  1.17E-14  6.56E-15  2.92E-15  8.50E-16  3.15E-16
    11       0.00E+00  0.00E+00  0.00E+00  0.00E+00  0.00E+00  0.00E+00  0.00E+00  0.00E+00  0.00E+00  5.23E-32
             2.52E-22  7.69E-17  2.89E-15  1.06E-14  1.08E-14  6.11E-15  2.73E-15  7.93E-16  2.94E-16
    12       0.00E+00  0.00E+00  0.00E+00  0.00E+00  0.00E+00  0.00E+00  0.00E+00  0.00E+00  0.00E+00  8.86E-32
             4.39E-22  1.36E-16  5.15E-15  1.88E-14  1.94E-14  1.09E-14  4.88E-15  1.42E-15  5.26E-16
    13       0.00E+00  0.00E+00  0.00E+00  0.00E+00  0.00E+00  0.00E+00  0.00E+00  0.00E+00  0.00E+00  1.74E-31
             8.64E-22  2.68E-16  1.02E-14  3.72E-14  3.82E-14  2.16E-14  9.63E-15  2.80E-15  1.04E-15
    14       0.00E+00  0.00E+00  0.00E+00  0.00E+00  0.00E+00  0.00E+00  0.00E+00  0.00E+00  0.00E+00  4.59E-32
             2.29E-22  7.13E-17  2.70E-15  9.88E-15  1.02E-14  5.73E-15  2.56E-15  7.45E-16  2.76E-16
    15       0.00E+00  0.00E+00  0.00E+00  0.00E+00  0.00E+00  0.00E+00  0.00E+00  0.00E+00  0.00E+00  5.71E-34
             2.85E-24  8.86E-19  3.35E-17  1.23E-16  1.26E-16  7.12E-17  3.18E-17  9.26E-18  3.43E-18
    16       0.00E+00  0.00E+00  0.00E+00  0.00E+00  0.00E+00  0.00E+00  0.00E+00  0.00E+00  0.00E+00  3.66E-32
             1.97E-22  6.40E-17  2.46E-15  9.07E-15  9.37E-15  5.30E-15  2.37E-15  6.89E-16  2.55E-16
    17       0.00E+00  0.00E+00  0.00E+00  0.00E+00  0.00E+00  0.00E+00  0.00E+00  0.00E+00  0.00E+00  6.43E-32
             3.52E-22  1.16E-16  4.46E-15  1.65E-14  1.70E-14  9.63E-15  4.30E-15  1.25E-15  4.64E-16
    18       0.00E+00  0.00E+00  0.00E+00  0.00E+00  0.00E+00  0.00E+00  0.00E+00  0.00E+00  0.00E+00  1.29E-31
             7.08E-22  2.33E-16  8.99E-15  3.32E-14  3.43E-14  1.94E-14  8.68E-15  2.53E-15  9.37E-16
    19       0.00E+00  0.00E+00  0.00E+00  0.00E+00  0.00E+00  0.00E+00  0.00E+00  0.00E+00  0.00E+00  2.93E-32
             1.61E-22  5.30E-17  2.05E-15  7.57E-15  7.82E-15  4.42E-15  1.98E-15  5.76E-16  2.13E-16
    20       0.00E+00  0.00E+00  0.00E+00  0.00E+00  0.00E+00  0.00E+00  0.00E+00  0.00E+00  0.00E+00  5.23E-34
             2.87E-24  9.47E-19  3.66E-17  1.35E-16  1.40E-16  7.89E-17  3.53E-17  1.03E-17  3.81E-18
    22       0.00E+00  0.00E+00  0.00E+00  0.00E+00  0.00E+00  0.00E+00  0.00E+00  0.00E+00  0.00E+00  2.84E-32
             1.63E-22  5.51E-17  2.15E-15  7.96E-15  8.26E-15  4.67E-15  2.09E-15  6.09E-16  2.26E-16
    23       0.00E+00  0.00E+00  0.00E+00  0.00E+00  0.00E+00  0.00E+00  0.00E+00  0.00E+00  0.00E+00  4.92E-32
             2.85E-22  9.71E-17  3.79E-15  1.41E-14  1.46E-14  8.27E-15  3.70E-15  1.08E-15  3.99E-16
    24       0.00E+00  0.00E+00  0.00E+00  0.00E+00  0.00E+00  0.00E+00  0.00E+00  0.00E+00  0.00E+00  1.03E-31
             6.00E-22  2.04E-16  7.99E-15  2.97E-14  3.08E-14  1.74E-14  7.79E-15  2.27E-15  8.42E-16
    25       0.00E+00  0.00E+00  0.00E+00  0.00E+00  0.00E+00  0.00E+00  0.00E+00  0.00E+00  0.00E+00  1.97E-32
             1.14E-22  3.91E-17  1.53E-15  5.67E-15  5.88E-15  3.33E-15  1.49E-15  4.34E-16  1.61E-16
    26       0.00E+00  0.00E+00  0.00E+00  0.00E+00  0.00E+00  0.00E+00  0.00E+00  0.00E+00  0.00E+00  4.04E-34
             2.35E-24  8.03E-19  3.14E-17  1.17E-16  1.21E-16  6.84E-17  3.06E-17  8.92E-18  3.30E-18
    29       0.00E+00  0.00E+00  0.00E+00  0.00E+00  0.00E+00  0.00E+00  0.00E+00  0.00E+00  0.00E+00  2.29E-32
             1.37E-22  4.76E-17  1.87E-15  6.97E-15  7.24E-15  4.10E-15  1.83E-15  5.35E-16  1.98E-16
    30       0.00E+00  0.00E+00  0.00E+00  0.00E+00  0.00E+00  0.00E+00  0.00E+00  0.00E+00  0.00E+00  3.85E-32
             2.32E-22  8.08E-17  3.18E-15  1.19E-14  1.23E-14  6.98E-15  3.12E-15  9.10E-16  3.37E-16
    31       0.00E+00  0.00E+00  0.00E+00  0.00E+00  0.00E+00  0.00E+00  0.00E+00  0.00E+00  0.00E+00  8.57E-32
             5.17E-22  1.80E-16  7.10E-15  2.65E-14  2.75E-14  1.56E-14  6.98E-15  2.03E-15  7.54E-16
    32       0.00E+00  0.00E+00  0.00E+00  0.00E+00  0.00E+00  0.00E+00  0.00E+00  0.00E+00  0.00E+00  1.38E-32
             8.33E-23  2.91E-17  1.14E-15  4.27E-15  4.44E-15  2.51E-15  1.12E-15  3.28E-16  1.21E-16
    33       0.00E+00  0.00E+00  0.00E+00  0.00E+00  0.00E+00  0.00E+00  0.00E+00  0.00E+00  0.00E+00  3.05E-34
             1.84E-24  6.44E-19  2.53E-17  9.45E-17  9.83E-17  5.57E-17  2.49E-17  7.26E-18  2.69E-18
    37       0.00E+00  0.00E+00  0.00E+00  0.00E+00  0.00E+00  0.00E+00  0.00E+00  0.00E+00  0.00E+00  1.89E-32
             1.16E-22  4.10E-17  1.62E-15  6.05E-15  6.30E-15  3.57E-15  1.60E-15  4.66E-16  1.73E-16
    38       0.00E+00  0.00E+00  0.00E+00  0.00E+00  0.00E+00  0.00E+00  0.00E+00  0.00E+00  0.00E+00  3.04E-32
             1.88E-22  6.67E-17  2.64E-15  9.87E-15  1.03E-14  5.82E-15  2.61E-15  7.60E-16  2.82E-16
    39       0.00E+00  0.00E+00  0.00E+00  0.00E+00  0.00E+00  0.00E+00  0.00E+00  0.00E+00  0.00E+00  7.26E-32
             4.50E-22  1.59E-16  6.30E-15  2.36E-14  2.45E-14  1.39E-14  6.23E-15  1.81E-15  6.72E-16
    40       0.00E+00  0.00E+00  0.00E+00  0.00E+00  0.00E+00  0.00E+00  0.00E+00  0.00E+00  0.00E+00  1.00E-32
             6.20E-23  2.20E-17  8.70E-16  3.25E-15  3.39E-15  1.92E-15  8.59E-16  2.50E-16  9.28E-17
    41       0.00E+00  0.00E+00  0.00E+00  0.00E+00  0.00E+00  0.00E+00  0.00E+00  0.00E+00  0.00E+00  2.33E-34
             1.44E-24  5.12E-19  2.03E-17  7.57E-17  7.89E-17  4.47E-17  2.00E-17  5.83E-18  2.16E-18
    46       0.00E+00  0.00E+00  0.00E+00  0.00E+00  0.00E+00  0.00E+00  0.00E+00  0.00E+00  0.00E+00  1.57E-32
             9.86E-23  3.52E-17  1.40E-15  5.23E-15  5.45E-15  3.09E-15  1.38E-15  4.03E-16  1.49E-16
    47       0.00E+00  0.00E+00  0.00E+00  0.00E+00  0.00E+00  0.00E+00  0.00E+00  0.00E+00  0.00E+00  2.43E-32
             1.53E-22  5.49E-17  2.18E-15  8.16E-15  8.51E-15  4.82E-15  2.16E-15  6.30E-16  2.33E-16
    48       0.00E+00  0.00E+00  0.00E+00  0.00E+00  0.00E+00  0.00E+00  0.00E+00  0.00E+00  0.00E+00  6.21E-32
             3.92E-22  1.41E-16  5.58E-15  2.09E-14  2.18E-14  1.24E-14  5.53E-15  1.61E-15  5.98E-16
    49       0.00E+00  0.00E+00  0.00E+00  0.00E+00  0.00E+00  0.00E+00  0.00E+00  0.00E+00  0.00E+00  7.49E-33
             4.73E-23  1.69E-17  6.73E-16  2.52E-15  2.63E-15  1.49E-15  6.67E-16  1.94E-16  7.21E-17
    50       0.00E+00  0.00E+00  0.00E+00  0.00E+00  0.00E+00  0.00E+00  0.00E+00  0.00E+00  0.00E+00  1.81E-34
             1.14E-24  4.10E-19  1.63E-17  6.10E-17  6.36E-17  3.61E-17  1.61E-17  4.70E-18  1.74E-18

   INREP
   -----
     2       0.00E+00  0.00E+00  0.00E+00  0.00E+00  0.00E+00  0.00E+00  0.00E+00  0.00E+00  0.00E+00  6.67E-29
             9.91E-21  4.78E-16  1.06E-14  3.05E-14  2.73E-14  1.47E-14  6.43E-15  1.85E-15  6.81E-16
     3       0.00E+00  0.00E+00  0.00E+00  0.00E+00  0.00E+00  0.00E+00  0.00E+00  0.00E+00  0.00E+00  1.08E-30
             2.99E-21  6.57E-16  2.22E-14  7.66E-14  7.60E-14  4.24E-14  1.88E-14  5.46E-15  2.02E-15
     4       0.00E+00  0.00E+00  0.00E+00  0.00E+00  0.00E+00  0.00E+00  0.00E+00  0.00E+00  0.00E+00  5.70E-31
             2.35E-21  6.53E-16  2.38E-14  8.55E-14  8.69E-14  4.89E-14  2.18E-14  6.33E-15  2.35E-15
     5       0.00E+00  0.00E+00  0.00E+00  0.00E+00  0.00E+00  0.00E+00  0.00E+00  0.00E+00  0.00E+00  3.61E-31
             1.79E-21  5.54E-16  2.09E-14  7.66E-14  7.87E-14  4.44E-14  1.98E-14  5.77E-15  2.14E-15
     6       0.00E+00  0.00E+00  0.00E+00  0.00E+00  0.00E+00  0.00E+00  0.00E+00  0.00E+00  0.00E+00  2.60E-31
             1.42E-21  4.67E-16  1.80E-14  6.65E-14  6.87E-14  3.88E-14  1.74E-14  5.06E-15  1.87E-15
     7       0.00E+00  0.00E+00  0.00E+00  0.00E+00  0.00E+00  0.00E+00  0.00E+00  0.00E+00  0.00E+00  2.01E-31
             1.16E-21  3.97E-16  1.55E-14  5.75E-14  5.97E-14  3.38E-14  1.51E-14  4.40E-15  1.63E-15
     8       0.00E+00  0.00E+00  0.00E+00  0.00E+00  0.00E+00  0.00E+00  0.00E+00  0.00E+00  0.00E+00  1.61E-31
             9.71E-22  3.38E-16  1.33E-14  4.97E-14  5.16E-14  2.92E-14  1.31E-14  3.81E-15  1.41E-15
     9       0.00E+00  0.00E+00  0.00E+00  0.00E+00  0.00E+00  0.00E+00  0.00E+00  0.00E+00  0.00E+00  1.32E-31
             8.18E-22  2.90E-16  1.14E-14  4.28E-14  4.46E-14  2.53E-14  1.13E-14  3.30E-15  1.22E-15
    10       0.00E+00  0.00E+00  0.00E+00  0.00E+00  0.00E+00  0.00E+00  0.00E+00  0.00E+00  0.00E+00  1.10E-31
             6.93E-22  2.48E-16  9.84E-15  3.69E-14  3.85E-14  2.18E-14  9.76E-15  2.84E-15  1.05E-15
    11       0.00E+00  0.00E+00  0.00E+00  0.00E+00  0.00E+00  0.00E+00  0.00E+00  0.00E+00  0.00E+00  9.20E-32
             5.88E-22  2.12E-16  8.46E-15  3.17E-14  3.31E-14  1.88E-14  8.41E-15  2.45E-15  9.08E-16
    12       0.00E+00  0.00E+00  0.00E+00  0.00E+00  0.00E+00  0.00E+00  0.00E+00  0.00E+00  0.00E+00  7.74E-32
             5.01E-22  1.82E-16  7.26E-15  2.72E-14  2.85E-14  1.61E-14  7.23E-15  2.11E-15  7.81E-16
    13       0.00E+00  0.00E+00  0.00E+00  0.00E+00  0.00E+00  0.00E+00  0.00E+00  0.00E+00  0.00E+00  6.55E-32
             4.27E-22  1.56E-16  6.23E-15  2.34E-14  2.45E-14  1.39E-14  6.22E-15  1.81E-15  6.72E-16
    14       0.00E+00  0.00E+00  0.00E+00  0.00E+00  0.00E+00  0.00E+00  0.00E+00  0.00E+00  0.00E+00  5.60E-32
             3.67E-22  1.35E-16  5.39E-15  2.03E-14  2.12E-14  1.20E-14  5.38E-15  1.57E-15  5.82E-16
    15       0.00E+00  0.00E+00  0.00E+00  0.00E+00  0.00E+00  0.00E+00  0.00E+00  0.00E+00  0.00E+00  4.70E-32
             3.10E-22  1.14E-16  4.57E-15  1.72E-14  1.80E-14  1.02E-14  4.57E-15  1.33E-15  4.93E-16
    16       0.00E+00  0.00E+00  0.00E+00  0.00E+00  0.00E+00  0.00E+00  0.00E+00  0.00E+00  0.00E+00  4.09E-32
             2.71E-22  1.00E-16  4.01E-15  1.51E-14  1.58E-14  8.96E-15  4.01E-15  1.17E-15  4.34E-16
    17       0.00E+00  0.00E+00  0.00E+00  0.00E+00  0.00E+00  0.00E+00  0.00E+00  0.00E+00  0.00E+00  3.09E-32
             2.06E-22  7.64E-17  3.06E-15  1.15E-14  1.21E-14  6.86E-15  3.07E-15  8.95E-16  3.32E-16
    18       0.00E+00  0.00E+00  0.00E+00  0.00E+00  0.00E+00  0.00E+00  0.00E+00  0.00E+00  0.00E+00  2.35E-32
             1.57E-22  5.85E-17  2.35E-15  8.85E-15  9.26E-15  5.26E-15  2.36E-15  6.87E-16  2.55E-16
    19       0.00E+00  0.00E+00  0.00E+00  0.00E+00  0.00E+00  0.00E+00  0.00E+00  0.00E+00  0.00E+00  1.83E-32
             1.23E-22  4.58E-17  1.84E-15  6.94E-15  7.27E-15  4.13E-15  1.85E-15  5.39E-16  2.00E-16
    20       0.00E+00  0.00E+00  0.00E+00  0.00E+00  0.00E+00  0.00E+00  0.00E+00  0.00E+00  0.00E+00  1.30E-32
             8.76E-23  3.27E-17  1.31E-15  4.96E-15  5.19E-15  2.95E-15  1.32E-15  3.85E-16  1.43E-16
    21       0.00E+00  0.00E+00  0.00E+00  0.00E+00  0.00E+00  0.00E+00  0.00E+00  0.00E+00  0.00E+00  8.59E-33
             5.81E-23  2.17E-17  8.74E-16  3.30E-15  3.45E-15  1.96E-15  8.78E-16  2.56E-16  9.49E-17
    22       0.00E+00  0.00E+00  0.00E+00  0.00E+00  0.00E+00  0.00E+00  0.00E+00  0.00E+00  0.00E+00  5.02E-33
             3.41E-23  1.27E-17  5.14E-16  1.94E-15  2.03E-15  1.15E-15  5.16E-16  1.51E-16  5.58E-17
    23       0.00E+00  0.00E+00  0.00E+00  0.00E+00  0.00E+00  0.00E+00  0.00E+00  0.00E+00  0.00E+00  3.66E-33
             2.49E-23  9.31E-18  3.75E-16  1.42E-15  1.48E-15  8.42E-16  3.77E-16  1.10E-16  4.08E-17
    24       0.00E+00  0.00E+00  0.00E+00  0.00E+00  0.00E+00  0.00E+00  0.00E+00  0.00E+00  0.00E+00  2.40E-33
             1.63E-23  6.12E-18  2.47E-16  9.31E-16  9.75E-16  5.54E-16  2.48E-16  7.23E-17  2.68E-17
    25       0.00E+00  0.00E+00  0.00E+00  0.00E+00  0.00E+00  0.00E+00  0.00E+00  0.00E+00  0.00E+00  1.87E-33
             1.27E-23  4.76E-18  1.92E-16  7.25E-16  7.60E-16  4.31E-16  1.93E-16  5.63E-17  2.09E-17
    26       0.00E+00  0.00E+00  0.00E+00  0.00E+00  0.00E+00  0.00E+00  0.00E+00  0.00E+00  0.00E+00  1.32E-33
             9.01E-24  3.38E-18  1.36E-16  5.14E-16  5.39E-16  3.06E-16  1.37E-16  4.00E-17  1.48E-17
    27       0.00E+00  0.00E+00  0.00E+00  0.00E+00  0.00E+00  0.00E+00  0.00E+00  0.00E+00  0.00E+00  9.70E-34
             6.61E-24  2.48E-18  1.00E-16  3.78E-16  3.96E-16  2.25E-16  1.01E-16  2.94E-17  1.09E-17
    28       0.00E+00  0.00E+00  0.00E+00  0.00E+00  0.00E+00  0.00E+00  0.00E+00  0.00E+00  0.00E+00  6.49E-34
             4.42E-24  1.66E-18  6.70E-17  2.53E-16  2.65E-16  1.50E-16  6.74E-17  1.96E-17  7.28E-18
    29       0.00E+00  0.00E+00  0.00E+00  0.00E+00  0.00E+00  0.00E+00  0.00E+00  0.00E+00  0.00E+00  4.23E-34
             2.88E-24  1.08E-18  4.37E-17  1.65E-16  1.73E-16  9.81E-17  4.39E-17  1.28E-17  4.75E-18
    30       0.00E+00  0.00E+00  0.00E+00  0.00E+00  0.00E+00  0.00E+00  0.00E+00  0.00E+00  0.00E+00  2.25E-34
             1.53E-24  5.76E-19  2.32E-17  8.77E-17  9.19E-17  5.22E-17  2.34E-17  6.81E-18  2.53E-18
    31       0.00E+00  0.00E+00  0.00E+00  0.00E+00  0.00E+00  0.00E+00  0.00E+00  0.00E+00  0.00E+00  1.49E-34
             1.02E-24  3.82E-19  1.54E-17  5.81E-17  6.09E-17  3.46E-17  1.55E-17  4.52E-18  1.67E-18
    32       0.00E+00  0.00E+00  0.00E+00  0.00E+00  0.00E+00  0.00E+00  0.00E+00  0.00E+00  0.00E+00  8.03E-35
             5.49E-25  2.06E-19  8.31E-18  3.14E-17  3.29E-17  1.87E-17  8.36E-18  2.44E-18  9.04E-19
    33       0.00E+00  0.00E+00  0.00E+00  0.00E+00  0.00E+00  0.00E+00  0.00E+00  0.00E+00  0.00E+00  5.25E-35
             3.59E-25  1.35E-19  5.43E-18  2.05E-17  2.15E-17  1.22E-17  5.47E-18  1.59E-18  5.91E-19
    34       0.00E+00  0.00E+00  0.00E+00  0.00E+00  0.00E+00  0.00E+00  0.00E+00  0.00E+00  0.00E+00  2.84E-35
             1.94E-25  7.28E-20  2.94E-18  1.11E-17  1.16E-17  6.60E-18  2.96E-18  8.62E-19  3.20E-19
    35       0.00E+00  0.00E+00  0.00E+00  0.00E+00  0.00E+00  0.00E+00  0.00E+00  0.00E+00  0.00E+00  1.76E-35
             1.20E-25  4.51E-20  1.82E-18  6.87E-18  7.20E-18  4.09E-18  1.83E-18  5.34E-19  1.98E-19
    36       0.00E+00  0.00E+00  0.00E+00  0.00E+00  0.00E+00  0.00E+00  0.00E+00  0.00E+00  0.00E+00  8.48E-36
             5.79E-26  2.18E-20  8.78E-19  3.31E-18  3.47E-18  1.97E-18  8.83E-19  2.58E-19  9.55E-20
    37       0.00E+00  0.00E+00  0.00E+00  0.00E+00  0.00E+00  0.00E+00  0.00E+00  0.00E+00  0.00E+00  5.21E-36
             3.56E-26  1.34E-20  5.39E-19  2.04E-18  2.13E-18  1.21E-18  5.43E-19  1.58E-19  5.87E-20
    38       0.00E+00  0.00E+00  0.00E+00  0.00E+00  0.00E+00  0.00E+00  0.00E+00  0.00E+00  0.00E+00  2.52E-36
             1.72E-26  6.46E-21  2.61E-19  9.84E-19  1.03E-18  5.85E-19  2.62E-19  7.65E-20  2.83E-20
    39       0.00E+00  0.00E+00  0.00E+00  0.00E+00  0.00E+00  0.00E+00  0.00E+00  0.00E+00  0.00E+00  1.50E-36
             1.02E-26  3.84E-21  1.55E-19  5.85E-19  6.13E-19  3.48E-19  1.56E-19  4.55E-20  1.69E-20
    40       0.00E+00  0.00E+00  0.00E+00  0.00E+00  0.00E+00  0.00E+00  0.00E+00  0.00E+00  0.00E+00  6.67E-37
             4.56E-27  1.71E-21  6.90E-20  2.61E-19  2.73E-19  1.55E-19  6.95E-20  2.03E-20  7.51E-21
    41       0.00E+00  0.00E+00  0.00E+00  0.00E+00  0.00E+00  0.00E+00  0.00E+00  0.00E+00  0.00E+00  4.28E-37
             2.92E-27  1.10E-21  4.43E-20  1.67E-19  1.75E-19  9.95E-20  4.46E-20  1.30E-20  4.82E-21
    42       0.00E+00  0.00E+00  0.00E+00  0.00E+00  0.00E+00  0.00E+00  0.00E+00  0.00E+00  0.00E+00  2.28E-37
             1.56E-27  5.85E-22  2.36E-20  8.91E-20  9.34E-20  5.30E-20  2.38E-20  6.93E-21  2.57E-21



    T(K)     ALFT( 1)  ALFT( 2)  ALFT( 3)  ALFT( 4)  ALFT( 5)  ALFT( 6)  ALFT( 7)  ALFT( 8)  ALFT( 9)  ALFT(10)
    ----     --------  --------  --------  --------  --------  --------  --------  --------  --------  --------
  1.00E+01   0.00E+00
  2.00E+01   0.00E+00
  5.00E+01   0.00E+00
  1.00E+02   0.00E+00
  2.00E+02   0.00E+00
  5.00E+02   0.00E+00
  1.00E+03   0.00E+00
  2.00E+03   0.00E+00
  5.00E+03   0.00E+00
  1.00E+04   7.04E-29
  2.00E+04   2.70E-20
  5.00E+04   5.89E-15
  1.00E+05   2.18E-13
  2.00E+05   7.96E-13
  5.00E+05   8.18E-13
  1.00E+06   4.62E-13
  2.00E+06   2.06E-13
  5.00E+06   6.00E-14
  1.00E+07   2.22E-14

C--------------------------------------------------------------------------------------------------------------
C
C N R Badnell 19-12-00   (Unable to separate 2s,2p)                                                    
C
C--------------------------------------------------------------------------------------------------------------
 
C---------------------------------------------------------------------------------
C ADAS ADF09 DATA - SCCS info: @(#)$Header: /home/adascvs/adas/adf09/nrb00#h/nrb00#h_he1ic12.dat,v 2.1 2004/07/06 22:48:18 whitefor Exp $ Date $Date: 2004/07/06 22:48:18 $
C---------------------------------------------------------------------------------
