SEQ='BE'     NUCCHG=20                                                  /IC/

   PARENT LEVEL INDEXING                BWNP=  94847618.9  NPRNT=   3
   ---------------------
   INDP         CODE                 S L   WI        WNP
   ----         ----                 - -   --  ----------
     1          1S2 2S1             (2)0( 0.5)        0.0 
     2          1S2 2P1             (2)1( 0.5)   291715.2 
     3          1S2 2P1             (2)1( 1.5)   336230.4 

   IC RESOLVED LEVEL INDEXING           BWNR= 103612994.0 NLVL=    40
   --------------------------
   INDX  IRSL   CODE                 S L   WJ        WNR
   ----  ----   ----                 - -   --  ----------
     1    21    1S2 2S2             (1)0( 0.0)        0.0 
     2     1    1S2 2S1 2P1         (3)1( 0.0)   258334.8 
     3     2    1S2 2S1 2P1         (3)1( 1.0)   270914.1 
     4     3    1S2 2S1 2P1         (3)1( 2.0)   300731.1 
     5     4    1S2 2S1 2P1         (1)1( 1.0)   529690.9 
     6    22    1S2 2P2             (3)1( 0.0)   689930.0 
     7    23    1S2 2P2             (3)1( 1.0)   709290.4 
     8    24    1S2 2P2             (3)1( 2.0)   732079.0 
     9    25    1S2 2P2             (1)2( 2.0)   810502.8 
    10    26    1S2 2P2             (1)0( 0.0)   979959.3 
    11    27    1S1 2S2 2P1         (3)1( 0.0) 30913485.6*
    12    28    1S1 2S2 2P1         (3)1( 1.0) 30925152.2*
    13    29    1S1 2S2 2P1         (3)1( 2.0) 30957872.6*
    14     5    1S1 2S1 2P2         (5)1( 1.0) 30986672.7*
    15     6    1S1 2S1 2P2         (5)1( 2.0) 31004361.0*
    16     7    1S1 2S1 2P2         (5)1( 3.0) 31026686.4*
    17    30    1S1 2S2 2P1         (1)1( 1.0) 31067768.0*
    18     8    1S1 2S1 2P2         (3)1( 0.0) 31261185.7*
    19     9    1S1 2S1 2P2         (3)1( 1.0) 31267233.1*
    20    10    1S1 2S1 2P2         (3)2( 2.0) 31272710.3*
    21    11    1S1 2S1 2P2         (3)2( 3.0) 31282229.0*
    22    12    1S1 2S1 2P2         (3)2( 1.0) 31285785.8*
    23    13    1S1 2S1 2P2         (3)1( 2.0) 31306144.8*
    24    14    1S1 2S1 2P2         (3)0( 1.0) 31402392.4*
    25    15    1S1 2S1 2P2         (3)1( 0.0) 31435487.0*
    26    16    1S1 2S1 2P2         (1)2( 2.0) 31449331.8*
    27    31    1S1 2P3             (5)0( 2.0) 31454159.1*
    28    17    1S1 2S1 2P2         (3)1( 1.0) 31459019.6*
    29    18    1S1 2S1 2P2         (3)1( 2.0) 31485155.7*
    30    19    1S1 2S1 2P2         (1)1( 1.0) 31567239.1*
    31    20    1S1 2S1 2P2         (1)0( 0.0) 31591272.8*
    32    32    1S1 2P3             (3)2( 1.0) 31637272.3*
    33    33    1S1 2P3             (3)2( 2.0) 31638415.6*
    34    34    1S1 2P3             (3)2( 3.0) 31643699.1*
    35    35    1S1 2P3             (3)0( 1.0) 31693962.3*
    36    36    1S1 2P3             (1)2( 2.0) 31748658.6*
    37    37    1S1 2P3             (3)1( 0.0) 31764531.5*
    38    38    1S1 2P3             (3)1( 1.0) 31771578.5*
    39    39    1S1 2P3             (3)1( 2.0) 31791630.4*
    40    40    1S1 2P3             (1)1( 1.0) 31893995.5*

C--------------------------------------------------------------------------------------------------------------
C
C                                                                            
C
C--------------------------------------------------------------------------------------------------------------
CA17     /IC/

  IRSL  IRSL  N   L      DEL(RYD)       B(SEC)      R(SEC)      A(SEC):       1           2           3
     1     5  2  -1    2.800170E+02   5.733E+11   7.343E+11   5.379E+11   4.044E+11   8.026E+10   5.318E+10
     2     5  2  -1    2.799024E+02   5.026E+11
     3     5  2  -1    2.796307E+02   2.431E+10
     3     6  2  -1    2.797918E+02   3.642E+11   3.652E+11   2.426E+11   2.029E+11   4.756E+09   3.490E+10
     3     7  2  -1    2.799953E+02   8.111E+11   5.794E+11   1.222E+12   1.083E+12   2.971E+06   1.389E+11
     2     8  2  -1    2.824039E+02   7.403E+13   2.221E+14   2.777E+13   6.450E+11   2.345E+13   3.676E+12
     4     8  2  -1    2.800458E+02   1.690E+10
     1     9  2  -1    2.825737E+02   3.815E+14   1.740E+14   7.067E+13   5.409E+13   5.987E+12   1.060E+13
     2     9  2  -1    2.824590E+02   8.841E+12
     3     9  2  -1    2.821873E+02   2.281E+13
     4     9  2  -1    2.801009E+02   2.239E+10
     2    10  2  -1    2.825089E+02   1.803E+14   1.133E+14   1.290E+14   1.128E+14   4.097E+12   1.209E+13
     3    10  2  -1    2.822372E+02   4.858E+12
     4    10  2  -1    2.801508E+02   4.149E+11
     3    11  2  -1    2.823240E+02   1.104E+14   7.884E+13   1.608E+14   1.422E+14   3.896E+08   1.860E+13
     1    12  2  -1    2.827427E+02   1.280E+11   1.325E+14   1.117E+14   8.924E+13   1.933E+13   3.169E+12
     2    12  2  -1    2.826281E+02   9.076E+13
     3    12  2  -1    2.823564E+02   2.489E+13
     4    12  2  -1    2.802699E+02   1.829E+11
     2    13  2  -1    2.828136E+02   1.716E+13   1.949E+14   5.358E+13   3.100E+13   1.410E+13   8.485E+12
     3    13  2  -1    2.825419E+02   1.842E+14
     4    13  2  -1    2.804555E+02   6.110E+11
     1    14  2  -1    2.838053E+02   1.474E+13   7.063E+13   9.155E+13   4.952E+13   3.724E+13   4.791E+12
     2    14  2  -1    2.836907E+02   2.029E+13
     3    14  2  -1    2.834190E+02   2.631E+13
     4    14  2  -1    2.813325E+02   1.581E+12
     2    15  2  -1    2.839923E+02   5.231E+12   1.954E+13   1.499E+14   2.048E+12   1.218E+14   2.607E+13
     4    15  2  -1    2.816341E+02   1.283E+12
     2    16  2  -1    2.841184E+02   2.627E+11   6.677E+13   2.474E+14   1.084E+14   6.634E+13   7.266E+13
     3    16  2  -1    2.838467E+02   6.703E+12
     4    16  2  -1    2.817603E+02   9.985E+13
     1    17  2  -1    2.843213E+02   1.127E+12   2.486E+13   1.408E+14   8.231E+12   5.349E+13   7.907E+13
     2    17  2  -1    2.842067E+02   5.617E+10
     3    17  2  -1    2.839350E+02   1.382E+13
     4    17  2  -1    2.818486E+02   1.387E+12
     2    18  2  -1    2.844449E+02   9.724E+11   2.230E+13   1.930E+14   3.525E+13   1.027E+12   1.567E+14
     3    18  2  -1    2.841732E+02   2.997E+12
     4    18  2  -1    2.820867E+02   3.121E+13
     1    19  2  -1    2.853075E+02   3.896E+11   2.358E+14   5.712E+13   8.685E+11   1.260E+13   4.365E+13
     3    19  2  -1    2.849212E+02   2.557E+10
     4    19  2  -1    2.828347E+02   2.356E+14
     2    20  2  -1    2.854119E+02   5.876E+09   7.707E+13   1.967E+14   5.597E+13   1.901E+13   1.218E+14
     4    20  2  -1    2.830537E+02   2.568E+13
    23    27  2  -1    2.752407E+02   1.065E+12   3.194E+12   1.766E+14   6.273E+13   1.082E+14   5.630E+12
    21    28  2  -1    2.818105E+02   1.013E+13   6.758E+12   1.754E+14   6.125E+13   8.706E+13   2.710E+13
    22    28  2  -1    2.755234E+02   3.764E+12
    23    28  2  -1    2.753470E+02   8.282E+11
    24    28  2  -1    2.751393E+02   7.797E+11
    23    29  2  -1    2.756452E+02   1.712E+12   3.608E+12   1.779E+14   6.231E+13   3.543E+12   1.121E+14
    24    29  2  -1    2.754375E+02   2.468E+12
    25    29  2  -1    2.747228E+02   1.131E+11
    21    30  2  -1    2.831101E+02   4.619E+14   1.600E+14   1.164E+14   1.667E+12   2.454E+13   9.017E+13
    22    30  2  -1    2.768230E+02   3.101E+10
    23    30  2  -1    2.766466E+02   3.846E+10
    24    30  2  -1    2.764389E+02   1.911E+11
    25    30  2  -1    2.757243E+02   3.231E+12
    26    30  2  -1    2.741801E+02   8.156E+11
    23    31  2  -1    2.801676E+02   4.326E+11   6.909E+11   1.228E+12   7.886E+10   7.526E+11   3.961E+11
    24    31  2  -1    2.799600E+02   4.258E+11
    21    32  2  -1    2.882998E+02   4.045E+10   8.292E+13   2.094E+14   1.082E+11   1.324E+14   7.695E+13
    22    32  2  -1    2.820127E+02   1.870E+14
    23    32  2  -1    2.818363E+02   1.595E+13
    24    32  2  -1    2.816286E+02   2.419E+12
    25    32  2  -1    2.809140E+02   3.500E+11
    26    32  2  -1    2.793698E+02   6.115E+10
    23    33  2  -1    2.818467E+02   1.173E+14   7.887E+13   2.111E+14   1.693E+11   1.080E+14   1.029E+14
    24    33  2  -1    2.816390E+02   6.937E+12
    25    33  2  -1    2.809244E+02   1.557E+12
    24    34  2  -1    2.816872E+02   1.027E+14   7.885E+13   2.148E+14   0.000E+00   4.766E+13   1.671E+14
    25    34  2  -1    2.809725E+02   7.653E+12
    21    35  2  -1    2.888164E+02   2.062E+10   3.027E+14   1.034E+13   1.391E+11   2.123E+11   9.988E+12
    22    35  2  -1    2.825293E+02   1.060E+14
    23    35  2  -1    2.823529E+02   1.338E+14
    24    35  2  -1    2.821452E+02   7.789E+13
    25    35  2  -1    2.814306E+02   2.240E+12
    26    35  2  -1    2.798864E+02   2.260E+11
    23    36  2  -1    2.828513E+02   3.549E+12   1.742E+14   1.839E+14   1.152E+12   9.438E+13   8.839E+13
    24    36  2  -1    2.826437E+02   6.765E+13
    25    36  2  -1    2.819290E+02   1.044E+14
    23    37  2  -1    2.829960E+02   2.551E+13   7.653E+13   1.342E+14   2.707E+12   1.814E+13   1.133E+14
    22    38  2  -1    2.832366E+02   2.070E+13   8.809E+13   1.295E+14   2.566E+12   1.813E+13   1.088E+14
    23    38  2  -1    2.830602E+02   7.972E+12
    24    38  2  -1    2.828525E+02   4.202E+13
    25    38  2  -1    2.821379E+02   1.010E+12
    26    38  2  -1    2.805937E+02   4.515E+12
    23    39  2  -1    2.832429E+02   8.761E+12   1.390E+14   1.660E+14   1.663E+12   7.860E+12   1.565E+14
    24    39  2  -1    2.830352E+02   1.312E+13
    25    39  2  -1    2.823206E+02   1.207E+14
    21    40  2  -1    2.906392E+02   6.051E+11   2.344E+14   1.299E+14   2.365E+10   3.084E+13   9.901E+13
    22    40  2  -1    2.843521E+02   2.924E+10
    23    40  2  -1    2.841757E+02   2.632E+11
    24    40  2  -1    2.839681E+02   4.636E+11
    25    40  2  -1    2.832534E+02   7.641E+13
    26    40  2  -1    2.817092E+02   3.173E+14

   NRSLMX=   6    NVMAX=   2    LVMAX=   0

C--------------------------------------------------------------------------------------------------------------
C
C                                                                            
C
C--------------------------------------------------------------------------------------------------------------
