SEQ='BE'     NUCCHG=13                                                  /IC/

   PARENT LEVEL INDEXING                BWNP=  38974709.1  NPRNT=   3
   ---------------------
   INDP         CODE                 S L   WI        WNP
   ----         ----                 - -   --  ----------
     1          1S2 2S1             (2)0( 0.5)        0.0 
     2          1S2 2P1             (2)1( 0.5)   180187.0 
     3          1S2 2P1             (2)1( 1.5)   186941.3 

   IC RESOLVED LEVEL INDEXING           BWNR=  42187683.7 NLVL=    40
   --------------------------
   INDX  IRSL   CODE                 S L   WJ        WNR
   ----  ----   ----                 - -   --  ----------
     1    21    1S2 2S2             (1)0( 0.0)        0.0 
     2     1    1S2 2S1 2P1         (3)1( 0.0)   158097.1 
     3     2    1S2 2S1 2P1         (3)1( 1.0)   160120.6 
     4     3    1S2 2S1 2P1         (3)1( 2.0)   164337.1 
     5     4    1S2 2S1 2P1         (1)1( 1.0)   313187.6 
     6    22    1S2 2P2             (3)1( 0.0)   410548.0 
     7    23    1S2 2P2             (3)1( 1.0)   412828.8 
     8    24    1S2 2P2             (3)1( 2.0)   416805.8 
     9    25    1S2 2P2             (1)2( 2.0)   464253.1 
    10    26    1S2 2P2             (1)0( 0.0)   569761.4 
    11    27    1S1 2S2 2P1         (3)1( 0.0) 12553867.9*
    12    28    1S1 2S2 2P1         (3)1( 1.0) 12556032.1*
    13    29    1S1 2S2 2P1         (3)1( 2.0) 12560801.8*
    14     5    1S1 2S1 2P2         (5)1( 1.0) 12584370.7*
    15     6    1S1 2S1 2P2         (5)1( 2.0) 12586902.7*
    16     7    1S1 2S1 2P2         (5)1( 3.0) 12590538.2*
    17    30    1S1 2S2 2P1         (1)1( 1.0) 12628524.7*
    18     8    1S1 2S1 2P2         (3)1( 0.0) 12747221.4*
    19     9    1S1 2S1 2P2         (3)1( 1.0) 12748447.0*
    20    10    1S1 2S1 2P2         (3)2( 2.0) 12750285.9*
    21    11    1S1 2S1 2P2         (3)2( 3.0) 12752103.5*
    22    12    1S1 2S1 2P2         (3)2( 1.0) 12752629.6*
    23    13    1S1 2S1 2P2         (3)1( 2.0) 12754600.4*
    24    14    1S1 2S1 2P2         (3)0( 1.0) 12829254.2*
    25    31    1S1 2P3             (5)0( 2.0) 12849875.4*
    26    15    1S1 2S1 2P2         (1)2( 2.0) 12860533.7*
    27    16    1S1 2S1 2P2         (3)1( 0.0) 12867255.6*
    28    17    1S1 2S1 2P2         (3)1( 1.0) 12869549.6*
    29    18    1S1 2S1 2P2         (3)1( 2.0) 12873534.7*
    30    19    1S1 2S1 2P2         (1)1( 1.0) 12925374.8*
    31    20    1S1 2S1 2P2         (1)0( 0.0) 12938681.6*
    32    32    1S1 2P3             (3)2( 1.0) 12961972.7*
    33    33    1S1 2P3             (3)2( 2.0) 12962003.2*
    34    34    1S1 2P3             (3)2( 3.0) 12962217.7*
    35    35    1S1 2P3             (3)0( 1.0) 12989496.4*
    36    36    1S1 2P3             (1)2( 2.0) 13030931.2*
    37    37    1S1 2P3             (3)1( 0.0) 13039793.2*
    38    38    1S1 2P3             (3)1( 1.0) 13040192.4*
    39    39    1S1 2P3             (3)1( 2.0) 13041703.4*
    40    40    1S1 2P3             (1)1( 1.0) 13110200.8*

C--------------------------------------------------------------------------------------------------------------
C
C                                                                            
C
C--------------------------------------------------------------------------------------------------------------
AL10     /IC/

  IRSL  IRSL  N   L      DEL(RYD)       B(SEC)      R(SEC)      A(SEC):       1           2           3
     1     5  2  -1    1.132364E+02   5.227E+09   7.421E+09   3.230E+10   2.498E+10   3.733E+09   3.588E+09
     2     5  2  -1    1.132180E+02   5.154E+09
     3     6  2  -1    1.132027E+02   4.464E+09   4.468E+09   1.556E+10   1.341E+10   3.629E+08   1.782E+09
     3     7  2  -1    1.132358E+02   7.514E+09   5.367E+09   6.497E+10   5.802E+10   3.867E+05   6.947E+09
     2     8  2  -1    1.147020E+02   1.169E+13   3.506E+13   2.060E+13   3.537E+10   1.497E+13   5.599E+12
     1     9  2  -1    1.147316E+02   5.326E+13   3.160E+13   3.816E+13   1.962E+13   6.912E+12   1.164E+13
     2     9  2  -1    1.147132E+02   3.588E+12
     3     9  2  -1    1.146748E+02   6.153E+12
     2    10  2  -1    1.147299E+02   2.975E+13   2.151E+13   9.056E+13   7.464E+13   1.009E+12   1.490E+13
     3    10  2  -1    1.146915E+02   3.656E+12
     4    10  2  -1    1.133351E+02   1.756E+09
     3    11  2  -1    1.147081E+02   1.701E+13   1.215E+13   1.395E+14   1.242E+14   8.252E+08   1.536E+13
     1    12  2  -1    1.147697E+02   3.120E+12   1.573E+13   1.212E+14   1.046E+14   1.565E+13   9.560E+11
     2    12  2  -1    1.147513E+02   1.066E+13
     3    12  2  -1    1.147129E+02   2.413E+12
     4    12  2  -1    1.133564E+02   2.183E+09
     2    13  2  -1    1.147693E+02   2.527E+11   2.594E+13   6.803E+13   4.961E+13   1.089E+13   7.517E+12
     3    13  2  -1    1.147308E+02   2.579E+13
     4    13  2  -1    1.133744E+02   5.083E+09
     1    14  2  -1    1.154680E+02   3.606E+12   1.233E+13   6.694E+13   5.046E+13   9.154E+12   7.323E+12
     2    14  2  -1    1.154496E+02   3.860E+12
     3    14  2  -1    1.154111E+02   4.353E+12
     4    14  2  -1    1.140547E+02   1.239E+10
     2    15  2  -1    1.157346E+02   1.411E+10   1.171E+13   2.516E+14   1.195E+14   5.454E+13   7.749E+13
     3    15  2  -1    1.156962E+02   9.263E+10
     4    15  2  -1    1.143397E+02   1.935E+13
     2    16  2  -1    1.157958E+02   4.737E+11   1.486E+12   1.400E+14   2.260E+11   1.016E+14   3.826E+13
     4    16  2  -1    1.144010E+02   2.165E+10
     1    17  2  -1    1.158352E+02   8.999E+11   1.448E+12   1.400E+14   2.903E+11   6.820E+13   7.153E+13
     2    17  2  -1    1.158168E+02   2.140E+11
     3    17  2  -1    1.157783E+02   5.373E+11
     4    17  2  -1    1.144219E+02   3.858E+10
     2    18  2  -1    1.158531E+02   3.921E+11   1.542E+12   1.462E+14   4.498E+12   1.204E+13   1.296E+14
     3    18  2  -1    1.158146E+02   8.833E+11
     4    18  2  -1    1.144582E+02   7.049E+11
     1    19  2  -1    1.163439E+02   6.978E+09   3.661E+13   4.595E+13   5.428E+10   1.357E+13   3.232E+13
     4    19  2  -1    1.149306E+02   3.661E+13
     4    20  2  -1    1.150519E+02   4.068E+12   1.221E+13   1.809E+14   4.977E+13   3.420E+13   9.690E+13
    23    27  2  -1    1.106372E+02   1.949E+11   5.846E+11   1.654E+14   5.612E+13   1.032E+14   6.039E+12
    21    28  2  -1    1.144189E+02   1.428E+11   6.391E+11   1.654E+14   5.597E+13   7.409E+13   3.531E+13
    22    28  2  -1    1.106777E+02   6.117E+11
    23    28  2  -1    1.106569E+02   1.487E+11
    24    28  2  -1    1.106207E+02   1.433E+11
    23    29  2  -1    1.107004E+02   2.606E+11   6.028E+11   1.657E+14   5.601E+13   3.208E+12   1.065E+14
    24    29  2  -1    1.106641E+02   4.455E+11
    25    29  2  -1    1.102318E+02   9.899E+08
    21    30  2  -1    1.150795E+02   7.200E+13   2.504E+13   1.092E+14   1.240E+11   3.219E+13   7.684E+13
    24    30  2  -1    1.112813E+02   1.555E+09
    25    30  2  -1    1.108489E+02   5.973E+11
    26    30  2  -1    1.098875E+02   1.246E+11
    23    31  2  -1    1.133346E+02   3.030E+09   6.420E+09   6.526E+10   5.407E+09   3.172E+10   2.813E+10
    24    31  2  -1    1.132984E+02   4.599E+09
    22    32  2  -1    1.143769E+02   2.156E+13   1.207E+13   1.859E+14   6.845E+09   9.911E+13   8.679E+13
    23    32  2  -1    1.143561E+02   4.578E+12
    24    32  2  -1    1.143199E+02   1.748E+11
    25    32  2  -1    1.138875E+02   4.970E+09
    23    33  2  -1    1.143564E+02   1.590E+13   1.204E+13   1.859E+14   1.221E+10   7.783E+13   1.081E+14
    24    33  2  -1    1.143202E+02   2.484E+12
    25    33  2  -1    1.138878E+02   1.265E+10
    24    34  2  -1    1.143221E+02   1.678E+13   1.203E+13   1.861E+14   0.000E+00   4.134E+13   1.448E+14
    25    34  2  -1    1.138897E+02   6.425E+10
    22    35  2  -1    1.146277E+02   1.722E+13   4.834E+13   4.439E+11   1.093E+10   9.146E+10   3.415E+11
    23    35  2  -1    1.146069E+02   1.703E+13
    24    35  2  -1    1.145707E+02   1.532E+13
    25    35  2  -1    1.141383E+02   1.891E+10
    26    35  2  -1    1.131769E+02   5.491E+09
    23    36  2  -1    1.149845E+02   4.167E+11   3.358E+13   1.783E+14   3.459E+11   8.536E+13   9.262E+13
    24    36  2  -1    1.149483E+02   1.841E+12
    25    36  2  -1    1.145159E+02   3.149E+13
    23    37  2  -1    1.150653E+02   3.870E+12   1.161E+13   1.132E+14   2.969E+12   1.336E+13   9.686E+13
    22    38  2  -1    1.150897E+02   9.017E+12   1.171E+13   1.129E+14   2.982E+12   2.183E+13   8.806E+13
    23    38  2  -1    1.150689E+02   2.465E+12
    24    38  2  -1    1.150327E+02   3.731E+12
    25    38  2  -1    1.146003E+02   8.224E+09
    26    38  2  -1    1.136388E+02   2.616E+10
    23    39  2  -1    1.150827E+02   3.535E+12   1.428E+13   1.210E+14   2.697E+12   1.950E+13   9.882E+13
    24    39  2  -1    1.150464E+02   7.473E+12
    25    39  2  -1    1.146141E+02   4.687E+12
    21    40  2  -1    1.194688E+02   1.296E+11   3.587E+13   1.103E+14   8.767E+08   3.376E+13   7.653E+13
    23    40  2  -1    1.157069E+02   3.179E+09
    24    40  2  -1    1.156706E+02   3.555E+09
    25    40  2  -1    1.152383E+02   1.165E+13
    26    40  2  -1    1.142768E+02   4.923E+13

   NRSLMX=   6    NVMAX=   2    LVMAX=   0

C--------------------------------------------------------------------------------------------------------------
C
C                                                                            
C
C--------------------------------------------------------------------------------------------------------------
