SEQ='O '     NUCCHG=17                                                  /IC/

   PARENT LEVEL INDEXING                BWNP=  88223788.9  NPRNT=  15
   ---------------------
   INDP         CODE                 S L   WI        WNP
   ----         ----                 - -   --  ----------
     1          1S2 2S2 2P3         (4)0( 1.5)        0.0 
     2          1S2 2S2 2P3         (2)2( 1.5)    89692.4 
     3          1S2 2S2 2P3         (2)2( 2.5)    93315.6 
     4          1S2 2S2 2P3         (2)1( 0.5)   135273.7 
     5          1S2 2S2 2P3         (2)1( 1.5)   139555.3 
     6          1S2 2S1 2P4         (4)1( 2.5)   409028.1 
     7          1S2 2S1 2P4         (4)1( 1.5)   419098.0 
     8          1S2 2S1 2P4         (4)1( 0.5)   424343.0 
     9          1S2 2S1 2P4         (2)2( 1.5)   572899.7 
    10          1S2 2S1 2P4         (2)2( 2.5)   573685.9 
    11          1S2 2S1 2P4         (2)0( 0.5)   664173.1 
    12          1S2 2S1 2P4         (2)1( 1.5)   700763.9 
    13          1S2 2S1 2P4         (2)1( 0.5)   714006.9 
    14          1S2 2P5             (2)1( 1.5)  1095897.6 
    15          1S2 2P5             (2)1( 0.5)  1113171.8 

   IC RESOLVED LEVEL INDEXING           BWNR=  91893765.1 NLVL=    16
   --------------------------
   INDX  IRSL   CODE                 S L   WJ        WNR
   ----  ----   ----                 - -   --  ----------
     1     7    1S2 2S2 2P4         (3)1( 2.0)        0.0 
     2     8    1S2 2S2 2P4         (3)1( 1.0)    12131.2 
     3     9    1S2 2S2 2P4         (3)1( 0.0)    15569.2 
     4    10    1S2 2S2 2P4         (1)2( 2.0)    67098.5 
     5    11    1S2 2S2 2P4         (1)0( 0.0)   131178.3 
     6     1    1S2 2S1 2P5         (3)1( 2.0)   492760.8 
     7     2    1S2 2S1 2P5         (3)1( 1.0)   503606.7 
     8     3    1S2 2S1 2P5         (3)1( 0.0)   509539.1 
     9     4    1S2 2S1 2P5         (1)1( 1.0)   688177.0 
    10    12    1S2 2P6             (1)0( 0.0)  1169995.5 
    11    13    1S1 2S2 2P5         (3)1( 2.0) 21393492.4*
    12    14    1S1 2S2 2P5         (3)1( 1.0) 21405239.9*
    13    15    1S1 2S2 2P5         (3)1( 0.0) 21412730.0*
    14    16    1S1 2S2 2P5         (1)1( 1.0) 21482640.8*
    15     5    1S1 2S1 2P6         (3)0( 1.0) 21892141.4*
    16     6    1S1 2S1 2P6         (1)0( 0.0) 22016641.4*

C--------------------------------------------------------------------------------------------------------------
C
C                                                                            
C
C--------------------------------------------------------------------------------------------------------------
CL10     /IC/

  IRSL  IRSL  N   L      DEL(RYD)       B(SEC)      R(SEC)      A(SEC):       1           2           3           4           5           6
                                                                              7           8           9          10          11          12
                                                                             13          14          15
     1     5  2  -1    1.950054E+02   3.119E+13   9.349E+13   5.803E+14   2.517E+09   2.864E+10   0.000E+00   2.118E+11   4.098E+11   7.616E+11
                                                                          1.034E+11   1.261E+11   1.999E+14   3.004E+14   3.931E+13   7.049E+11
                                                                          1.628E+12   2.446E+13   1.223E+13
     2     5  2  -1    1.949065E+02   3.108E+13
     3     5  2  -1    1.948525E+02   3.112E+13
     4     5  2  -1    1.932246E+02   5.582E+10
     2     6  2  -1    1.960410E+02   5.830E+10   9.264E+13   8.480E+14   2.407E+10   2.710E+11   0.000E+00   2.002E+12   3.855E+12   7.523E+11
                                                                          1.021E+11   1.231E+11   1.975E+14   2.967E+14   3.836E+13   6.963E+11
                                                                          1.588E+12   2.039E+14   1.021E+14
     4     6  2  -1    1.943591E+02   3.082E+13
     7    13  2  -1    1.949517E+02   4.609E+13   6.229E+13   6.140E+14   7.216E+11   1.041E+14   1.755E+14   4.114E+13   5.065E+13   2.111E+13
                                                                          8.204E+12   1.707E+12   1.047E+13   6.914E+13   2.011E+13   5.157E+13
                                                                          6.009E+12   5.276E+13   8.622E+11
     8    13  2  -1    1.948411E+02   2.592E+13
    10    13  2  -1    1.943403E+02   6.526E+11
     7    14  2  -1    1.950587E+02   1.605E+13   6.322E+13   6.132E+14   5.486E+11   9.509E+13   1.339E+14   3.988E+13   1.023E+14   9.365E+12
                                                                          8.202E+12   1.068E+13   5.100E+13   2.486E+13   1.298E+13   4.036E+13
                                                                          3.022E+13   2.466E+13   2.916E+13
     8    14  2  -1    1.949482E+02   1.536E+13
     9    14  2  -1    1.949169E+02   6.225E+13
    10    14  2  -1    1.944473E+02   2.096E+11
    11    14  2  -1    1.938634E+02   2.455E+10
    12    14  2  -1    1.843970E+02   1.465E+10
     8    15  2  -1    1.950165E+02   2.080E+13   6.239E+13   6.138E+14   4.083E+11   8.785E+13   1.001E+14   3.891E+13   1.442E+14   1.407E+06
                                                                          2.342E+13   3.787E+12   7.501E+13   5.680E+08   7.271E+12   2.589E+13
                                                                          5.292E+13   1.849E+12   5.214E+13
     7    16  2  -1    1.957641E+02   2.220E+11   1.239E+14   5.644E+14   5.738E+11   9.628E+13   1.409E+14   3.967E+13   9.159E+13   1.394E+11
                                                                          4.296E+10   1.461E+11   6.478E+11   1.688E+11   9.444E+11   8.839E+13
                                                                          5.146E+13   2.966E+13   2.369E+13
     8    16  2  -1    1.956535E+02   2.193E+11
     9    16  2  -1    1.956222E+02   1.844E+10
    10    16  2  -1    1.951526E+02   6.165E+13
    11    16  2  -1    1.945687E+02   6.038E+13
    12    16  2  -1    1.851023E+02   1.346E+12

   NRSLMX=   6    NVMAX=   2    LVMAX=   0

C--------------------------------------------------------------------------------------------------------------
C
C                                                                            
C
C--------------------------------------------------------------------------------------------------------------
