SEQ='BE'     NUCCHG=19                                                  /IC/

   PARENT LEVEL INDEXING                BWNP=  85349395.3  NPRNT=   3
   ---------------------
   INDP         CODE                 S L   WI        WNP
   ----         ----                 - -   --  ----------
     1          1S2 2S1             (2)0( 0.5)        0.0 
     2          1S2 2P1             (2)1( 0.5)   275709.6 
     3          1S2 2P1             (2)1( 1.5)   311415.2 

   IC RESOLVED LEVEL INDEXING           BWNR=  93153173.1 NLVL=    40
   --------------------------
   INDX  IRSL   CODE                 S L   WJ        WNR
   ----  ----   ----                 - -   --  ----------
     1    21    1S2 2S2             (1)0( 0.0)        0.0 
     2     1    1S2 2S1 2P1         (3)1( 0.0)   244093.8 
     3     2    1S2 2S1 2P1         (3)1( 1.0)   254336.7 
     4     3    1S2 2S1 2P1         (3)1( 2.0)   278003.7 
     5     4    1S2 2S1 2P1         (1)1( 1.0)   496379.6 
     6    22    1S2 2P2             (3)1( 0.0)   648681.5 
     7    23    1S2 2P2             (3)1( 1.0)   663588.8 
     8    24    1S2 2P2             (3)1( 2.0)   682510.9 
     9    25    1S2 2P2             (1)2( 2.0)   755548.1 
    10    26    1S2 2P2             (1)0( 0.0)   916203.3 
    11    27    1S1 2S2 2P1         (3)1( 0.0) 27786840.1*
    12    28    1S1 2S2 2P1         (3)1( 1.0) 27796534.5*
    13    29    1S1 2S2 2P1         (3)1( 2.0) 27822520.4*
    14     5    1S1 2S1 2P2         (5)1( 1.0) 27851753.5*
    15     6    1S1 2S1 2P2         (5)1( 2.0) 27865731.5*
    16     7    1S1 2S1 2P2         (5)1( 3.0) 27883835.4*
    17    30    1S1 2S2 2P1         (1)1( 1.0) 27926966.9*
    18     8    1S1 2S1 2P2         (3)1( 0.0) 28110449.9*
    19     9    1S1 2S1 2P2         (3)1( 1.0) 28114879.0*
    20    10    1S1 2S1 2P2         (3)2( 2.0) 28119155.0*
    21    11    1S1 2S1 2P2         (3)2( 3.0) 28126412.3*
    22    12    1S1 2S1 2P2         (3)2( 1.0) 28129929.7*
    23    13    1S1 2S1 2P2         (3)1( 2.0) 28146240.6*
    24    14    1S1 2S1 2P2         (3)0( 1.0) 28241668.8*
    25    15    1S1 2S1 2P2         (3)1( 0.0) 28276995.1*
    26    16    1S1 2S1 2P2         (1)2( 2.0) 28286128.3*
    27    31    1S1 2P3             (5)0( 2.0) 28286239.1*
    28    17    1S1 2S1 2P2         (3)1( 1.0) 28294514.4*
    29    18    1S1 2S1 2P2         (3)1( 2.0) 28316029.0*
    30    19    1S1 2S1 2P2         (1)1( 1.0) 28395120.8*
    31    20    1S1 2S1 2P2         (1)0( 0.0) 28416932.7*
    32    32    1S1 2P3             (3)2( 1.0) 28459851.7*
    33    33    1S1 2P3             (3)2( 2.0) 28460552.1*
    34    34    1S1 2P3             (3)2( 3.0) 28464204.8*
    35    35    1S1 2P3             (3)0( 1.0) 28512051.7*
    36    36    1S1 2P3             (1)2( 2.0) 28565063.6*
    37    37    1S1 2P3             (3)1( 0.0) 28579144.8*
    38    38    1S1 2P3             (3)1( 1.0) 28584226.1*
    39    39    1S1 2P3             (3)1( 2.0) 28599952.4*
    40    40    1S1 2P3             (1)1( 1.0) 28698891.2*

C--------------------------------------------------------------------------------------------------------------
C
C                                                                            
C
C--------------------------------------------------------------------------------------------------------------
K 16     /IC/

  IRSL  IRSL  N   L      DEL(RYD)       B(SEC)      R(SEC)      A(SEC):       1           2           3
     1     5  2  -1    2.515793E+02   3.273E+11   4.278E+11   3.901E+11   2.943E+11   5.622E+10   3.958E+10
     2     5  2  -1    2.514860E+02   2.937E+11
     3     5  2  -1    2.512703E+02   1.503E+10
     3     6  2  -1    2.513977E+02   2.195E+11   2.200E+11   1.782E+11   1.495E+11   3.550E+09   2.514E+10
     3     7  2  -1    2.515627E+02   4.657E+11   3.327E+11   8.649E+11   7.670E+11   2.339E+06   9.791E+10
     2     8  2  -1    2.538434E+02   5.986E+13   1.796E+14   2.584E+13   4.630E+11   2.142E+13   3.960E+12
     4     8  2  -1    2.516377E+02   1.039E+10
     1     9  2  -1    2.539771E+02   3.041E+14   1.381E+14   7.196E+13   5.511E+13   6.288E+12   1.057E+13
     2     9  2  -1    2.538837E+02   6.226E+12
     3     9  2  -1    2.536681E+02   1.831E+13
     4     9  2  -1    2.516781E+02   1.518E+10
     2    10  2  -1    2.539227E+02   1.440E+14   9.009E+13   1.284E+14   1.121E+14   4.006E+12   1.223E+13
     3    10  2  -1    2.537070E+02   3.564E+12
     4    10  2  -1    2.517171E+02   2.369E+11
     3    11  2  -1    2.537732E+02   8.871E+13   6.337E+13   1.590E+14   1.407E+14   4.285E+08   1.833E+13
     1    12  2  -1    2.541142E+02   2.936E+11   1.082E+14   1.082E+14   8.638E+13   1.876E+13   3.018E+12
     2    12  2  -1    2.540209E+02   7.273E+13
     3    12  2  -1    2.538052E+02   2.117E+13
     4    12  2  -1    2.518152E+02   1.040E+11
     2    13  2  -1    2.541695E+02   1.425E+13   1.577E+14   5.120E+13   2.966E+13   1.290E+13   8.635E+12
     3    13  2  -1    2.539539E+02   1.489E+14
     4    13  2  -1    2.519639E+02   3.231E+11
     1    14  2  -1    2.551325E+02   1.318E+13   5.902E+13   8.648E+13   5.152E+13   3.066E+13   4.301E+12
     2    14  2  -1    2.550391E+02   1.706E+13
     3    14  2  -1    2.548235E+02   2.201E+13
     4    14  2  -1    2.528335E+02   8.895E+11
     2    15  2  -1    2.553611E+02   3.783E+12   1.380E+13   1.501E+14   1.655E+12   1.202E+14   2.826E+13
     4    15  2  -1    2.531554E+02   8.154E+11
     2    16  2  -1    2.554443E+02   2.292E+11   5.395E+13   2.495E+14   1.105E+14   6.647E+13   7.253E+13
     3    16  2  -1    2.552286E+02   4.242E+12
     4    16  2  -1    2.532386E+02   8.262E+13
     1    17  2  -1    2.556140E+02   1.383E+12   1.655E+13   1.438E+14   5.751E+12   5.852E+13   7.955E+13
     2    17  2  -1    2.555207E+02   1.423E+11
     3    17  2  -1    2.553050E+02   8.979E+12
     4    17  2  -1    2.533150E+02   9.854E+11
     2    18  2  -1    2.557168E+02   9.371E+11   1.690E+13   1.877E+14   3.142E+13   1.535E+12   1.547E+14
     3    18  2  -1    2.555011E+02   2.757E+12
     4    18  2  -1    2.535111E+02   2.263E+13
     1    19  2  -1    2.565308E+02   2.526E+11   1.898E+14   5.592E+13   6.339E+11   1.305E+13   4.224E+13
     3    19  2  -1    2.562218E+02   1.414E+10
     4    19  2  -1    2.542318E+02   1.897E+14
     2    20  2  -1    2.566363E+02   3.407E+09   6.226E+13   1.954E+14   5.568E+13   2.140E+13   1.183E+14
     4    20  2  -1    2.544306E+02   2.075E+13
    23    27  2  -1    2.471651E+02   8.831E+11   2.649E+12   1.759E+14   6.208E+13   1.080E+14   5.755E+12
    21    28  2  -1    2.533005E+02   6.238E+12   4.857E+12   1.750E+14   6.093E+13   8.536E+13   2.876E+13
    22    28  2  -1    2.473892E+02   3.052E+12
    23    28  2  -1    2.472534E+02   6.861E+11
    24    28  2  -1    2.470810E+02   6.443E+11
    23    29  2  -1    2.474902E+02   1.370E+12   2.938E+12   1.770E+14   6.170E+13   3.505E+12   1.118E+14
    24    29  2  -1    2.473178E+02   2.050E+12
    25    29  2  -1    2.466522E+02   6.638E+10
    21    30  2  -1    2.544891E+02   3.723E+14   1.290E+14   1.158E+14   1.299E+12   2.605E+13   8.840E+13
    22    30  2  -1    2.485778E+02   2.013E+10
    23    30  2  -1    2.484420E+02   2.396E+10
    24    30  2  -1    2.482696E+02   1.111E+11
    25    30  2  -1    2.476040E+02   2.704E+12
    26    30  2  -1    2.461400E+02   6.532E+11
    23    31  2  -1    2.517159E+02   2.358E+11   3.953E+11   8.644E+11   5.811E+10   5.095E+11   2.967E+11
    24    31  2  -1    2.515435E+02   2.514E+11
    21    32  2  -1    2.593451E+02   2.436E+10   6.539E+13   2.084E+14   7.920E+10   1.276E+14   8.074E+13
    22    32  2  -1    2.534338E+02   1.414E+14
    23    32  2  -1    2.532980E+02   1.526E+13
    24    32  2  -1    2.531256E+02   1.550E+12
    25    32  2  -1    2.524600E+02   2.280E+11
    26    32  2  -1    2.509960E+02   4.080E+10
    23    33  2  -1    2.533044E+02   9.241E+13   6.324E+13   2.093E+14   1.281E+11   1.032E+14   1.059E+14
    24    33  2  -1    2.531319E+02   6.889E+12
    25    33  2  -1    2.524664E+02   9.092E+11
    24    34  2  -1    2.531652E+02   8.408E+13   6.323E+13   2.120E+14   0.000E+00   4.705E+13   1.650E+14
    25    34  2  -1    2.524997E+02   4.432E+12
    22    35  2  -1    2.539095E+02   8.912E+13   2.459E+14   7.314E+12   1.135E+11   2.356E+11   6.965E+12
    23    35  2  -1    2.537737E+02   1.039E+14
    24    35  2  -1    2.536012E+02   6.606E+13
    25    35  2  -1    2.529357E+02   1.294E+12
    26    35  2  -1    2.514717E+02   1.627E+11
    23    36  2  -1    2.542568E+02   3.639E+12   1.406E+14   1.816E+14   1.163E+12   9.625E+13   8.422E+13
    24    36  2  -1    2.540843E+02   4.769E+13
    25    36  2  -1    2.534188E+02   9.076E+13
    23    37  2  -1    2.543851E+02   2.043E+13   6.128E+13   1.319E+14   2.779E+12   1.749E+13   1.116E+14
    22    38  2  -1    2.545672E+02   2.087E+13   6.834E+13   1.283E+14   2.680E+12   1.893E+13   1.067E+14
    23    38  2  -1    2.544314E+02   7.341E+12
    24    38  2  -1    2.542589E+02   3.135E+13
    25    38  2  -1    2.535934E+02   5.886E+11
    26    38  2  -1    2.521294E+02   2.439E+12
    23    39  2  -1    2.545747E+02   7.994E+12   1.106E+14   1.629E+14   1.736E+12   8.261E+12   1.529E+14
    24    39  2  -1    2.544023E+02   1.331E+13
    25    39  2  -1    2.537367E+02   9.252E+13
    21    40  2  -1    2.615233E+02   5.179E+11   1.881E+14   1.280E+14   1.870E+10   3.203E+13   9.593E+13
    22    40  2  -1    2.556121E+02   1.715E+10
    23    40  2  -1    2.554763E+02   1.631E+11
    24    40  2  -1    2.553038E+02   2.729E+11
    25    40  2  -1    2.546383E+02   6.122E+13
    26    40  2  -1    2.531743E+02   2.558E+14

   NRSLMX=   6    NVMAX=   2    LVMAX=   0

C--------------------------------------------------------------------------------------------------------------
C
C                                                                            
C
C--------------------------------------------------------------------------------------------------------------
