SEQ='O '     NUCCHG=10                                                  /IC/

   PARENT LEVEL INDEXING                BWNP=  27270185.9  NPRNT=  15
   ---------------------
   INDP         CODE                 S L   WI        WNP
   ----         ----                 - -   --  ----------
     1          1S2 2S2 2P3         (4)0( 1.5)        0.0 
     2          1S2 2S2 2P3         (2)2( 1.5)    44450.2 
     3          1S2 2S2 2P3         (2)2( 2.5)    44508.6 
     4          1S2 2S2 2P3         (2)1( 0.5)    62630.9 
     5          1S2 2S2 2P3         (2)1( 1.5)    62667.8 
     6          1S2 2S1 2P4         (4)1( 2.5)   187273.4 
     7          1S2 2S1 2P4         (4)1( 1.5)   188054.4 
     8          1S2 2S1 2P4         (4)1( 0.5)   188512.9 
     9          1S2 2S1 2P4         (2)2( 1.5)   267769.2 
    10          1S2 2S1 2P4         (2)2( 2.5)   267778.9 
    11          1S2 2S1 2P4         (2)0( 0.5)   312139.6 
    12          1S2 2S1 2P4         (2)1( 1.5)   338262.6 
    13          1S2 2S1 2P4         (2)1( 0.5)   339211.3 
    14          1S2 2P5             (2)1( 1.5)   516987.0 
    15          1S2 2P5             (2)1( 0.5)   518351.1 

   IC RESOLVED LEVEL INDEXING           BWNR=  27765352.6 NLVL=    15
   --------------------------
   INDX  IRSL   CODE                 S L   WJ        WNR
   ----  ----   ----                 - -   --  ----------
     1     7    1S2 2S2 2P4         (3)1( 2.0)        0.0 
     2     8    1S2 2S2 2P4         (3)1( 1.0)      903.8 
     3     9    1S2 2S2 2P4         (3)1( 0.0)     1320.7 
     4    10    1S2 2S2 2P4         (1)2( 2.0)    28875.7 
     5    11    1S2 2S2 2P4         (1)0( 0.0)    55936.7 
     6     1    1S2 2S1 2P5         (3)1( 2.0)   221265.3 
     7     2    1S2 2S1 2P5         (3)1( 1.0)   222151.3 
     8     3    1S2 2S1 2P5         (3)1( 0.0)   222600.4 
     9     4    1S2 2S1 2P5         (1)1( 1.0)   319973.9 
    10    13    1S1 2S2 2P5         (3)1( 2.0)  6913499.6*
    11    14    1S1 2S2 2P5         (3)1( 1.0)  6914678.1*
    12    15    1S1 2S2 2P5         (3)1( 0.0)  6915296.7*
    13    16    1S1 2S2 2P5         (1)1( 1.0)  6951399.3*
    14     5    1S1 2S1 2P6         (3)0( 1.0)  7150376.5*
    15     6    1S1 2S1 2P6         (1)0( 0.0)  7214547.0*

C--------------------------------------------------------------------------------------------------------------
C
C                                                                            
C
C--------------------------------------------------------------------------------------------------------------
NE 3     /IC/

  IRSL  IRSL  N   L      DEL(RYD)       B(SEC)      R(SEC)      A(SEC):       1           2           3           4           5           6
                                                                              7           8           9          10          11          12
                                                                             13          14          15
     1     5  2  -1    6.314266E+01   2.680E+12   8.038E+12   4.165E+14   5.290E+07   9.492E+08   0.000E+00   1.603E+11   3.219E+11   1.439E+10
                                                                          1.648E+09   2.221E+09   1.452E+14   2.178E+14   3.019E+13   1.072E+10
                                                                          2.419E+10   1.526E+13   7.629E+12
     2     5  2  -1    6.313458E+01   2.679E+12
     3     5  2  -1    6.313049E+01   2.678E+12
     2     6  2  -1    6.371935E+01   1.140E+08   7.920E+12   6.264E+14   6.833E+08   1.229E+10   0.000E+00   2.063E+12   4.137E+12   1.394E+10
                                                                          1.597E+09   2.090E+09   1.406E+14   2.109E+14   2.835E+13   1.038E+10
                                                                          2.271E+10   1.602E+14   8.012E+13
     4     6  2  -1    6.282792E+01   2.640E+12
     7    13  2  -1    6.300040E+01   3.991E+12   5.323E+12   4.533E+14   1.290E+10   5.857E+13   1.261E+14   2.945E+13   5.507E+13   1.814E+13
                                                                          7.537E+12   1.168E+12   6.072E+12   5.212E+13   1.222E+13   3.645E+13
                                                                          6.825E+12   4.273E+13   8.110E+11
     8    13  2  -1    6.299216E+01   2.217E+12
    10    13  2  -1    6.273726E+01   1.874E+09
     7    14  2  -1    6.301113E+01   1.333E+12   5.327E+12   4.532E+14   1.224E+10   8.457E+13   9.125E+13   2.988E+13   6.343E+13   9.782E+12
                                                                          6.766E+12   9.964E+12   4.035E+13   1.755E+13   1.134E+13   2.302E+13
                                                                          2.174E+13   1.623E+13   2.735E+13
     8    14  2  -1    6.300290E+01   1.330E+12
     9    14  2  -1    6.299910E+01   5.323E+12
    10    14  2  -1    6.274800E+01   7.793E+08
     8    15  2  -1    6.300854E+01   1.775E+12   5.326E+12   4.532E+14   1.188E+10   9.889E+13   7.204E+13   3.013E+13   6.804E+13   5.283E+05
                                                                          2.207E+13   4.290E+12   5.779E+13   8.092E+09   1.085E+13   1.509E+13
                                                                          3.043E+13   1.641E+12   4.195E+13
     7    16  2  -1    6.334576E+01   5.697E+08   1.065E+13   4.133E+14   1.235E+10   7.238E+13   1.061E+14   2.921E+13   5.871E+13   4.753E+09
                                                                          1.761E+09   4.698E+09   4.009E+10   2.291E+11   7.512E+10   6.884E+13
                                                                          3.553E+13   2.723E+13   1.496E+13
     8    16  2  -1    6.333753E+01   7.201E+08
    10    16  2  -1    6.308263E+01   5.342E+12
    11    16  2  -1    6.283603E+01   5.111E+12

   NRSLMX=   6    NVMAX=   2    LVMAX=   0

C--------------------------------------------------------------------------------------------------------------
C
C                                                                            
C
C--------------------------------------------------------------------------------------------------------------
