SEQ='BE'     NUCCHG=17                                                  /IC/

   PARENT LEVEL INDEXING                BWNP=  67874781.8  NPRNT=   3
   ---------------------
   INDP         CODE                 S L   WI        WNP
   ----         ----                 - -   --  ----------
     1          1S2 2S1             (2)0( 0.5)        0.0 
     2          1S2 2P1             (2)1( 0.5)   243771.6 
     3          1S2 2P1             (2)1( 1.5)   265833.4 

   IC RESOLVED LEVEL INDEXING           BWNR=  73924391.3 NLVL=    40
   --------------------------
   INDX  IRSL   CODE                 S L   WJ        WNR
   ----  ----   ----                 - -   --  ----------
     1    21    1S2 2S2             (1)0( 0.0)        0.0 
     2     1    1S2 2S1 2P1         (3)1( 0.0)   215532.4 
     3     2    1S2 2S1 2P1         (3)1( 1.0)   222011.4 
     4     3    1S2 2S1 2P1         (3)1( 2.0)   236343.1 
     5     4    1S2 2S1 2P1         (1)1( 1.0)   432619.1 
     6    22    1S2 2P2             (3)1( 0.0)   567589.8 
     7    23    1S2 2P2             (3)1( 1.0)   576109.2 
     8    24    1S2 2P2             (3)1( 2.0)   588438.4 
     9    25    1S2 2P2             (1)2( 2.0)   652294.3 
    10    26    1S2 2P2             (1)0( 0.0)   794908.4 
    11    27    1S1 2S2 2P1         (3)1( 0.0) 22038990.5*
    12    28    1S1 2S2 2P1         (3)1( 1.0) 22045371.2*
    13    29    1S1 2S2 2P1         (3)1( 2.0) 22061164.9*
    14     5    1S1 2S1 2P2         (5)1( 1.0) 22089791.5*
    15     6    1S1 2S1 2P2         (5)1( 2.0) 22098226.4*
    16     7    1S1 2S1 2P2         (5)1( 3.0) 22109637.9*
    17    30    1S1 2S2 2P1         (1)1( 1.0) 22154112.3*
    18     8    1S1 2S1 2P2         (3)1( 0.0) 22316625.4*
    19     9    1S1 2S1 2P2         (3)1( 1.0) 22319070.2*
    20    10    1S1 2S1 2P2         (3)2( 2.0) 22321735.0*
    21    11    1S1 2S1 2P2         (3)2( 3.0) 22325904.0*
    22    12    1S1 2S1 2P2         (3)2( 1.0) 22328659.2*
    23    13    1S1 2S1 2P2         (3)1( 2.0) 22338560.9*
    24    14    1S1 2S1 2P2         (3)0( 1.0) 22429553.0*
    25    31    1S1 2P3             (5)0( 2.0) 22463085.6*
    26    15    1S1 2S1 2P2         (3)1( 0.0) 22467816.0*
    27    16    1S1 2S1 2P2         (1)2( 2.0) 22469723.3*
    28    17    1S1 2S1 2P2         (3)1( 1.0) 22477199.6*
    29    18    1S1 2S1 2P2         (3)1( 2.0) 22490775.5*
    30    19    1S1 2S1 2P2         (1)1( 1.0) 22562436.9*
    31    20    1S1 2S1 2P2         (1)0( 0.0) 22580678.3*
    32    32    1S1 2P3             (3)2( 1.0) 22616773.4*
    33    33    1S1 2P3             (3)2( 2.0) 22617030.8*
    34    34    1S1 2P3             (3)2( 3.0) 22618647.0*
    35    35    1S1 2P3             (3)0( 1.0) 22660560.6*
    36    36    1S1 2P3             (1)2( 2.0) 22710351.2*
    37    37    1S1 2P3             (3)1( 0.0) 22721488.2*
    38    38    1S1 2P3             (3)1( 1.0) 22723917.3*
    39    39    1S1 2P3             (3)1( 2.0) 22732810.1*
    40    40    1S1 2P3             (1)1( 1.0) 22823519.7*

C--------------------------------------------------------------------------------------------------------------
C
C                                                                            
C
C--------------------------------------------------------------------------------------------------------------
CL14     /IC/

  IRSL  IRSL  N   L      DEL(RYD)       B(SEC)      R(SEC)      A(SEC):       1           2           3
     1     5  2  -1    1.993328E+02   9.725E+10   1.318E+11   1.918E+11   1.457E+11   2.581E+10   2.029E+10
     2     5  2  -1    1.992737E+02   9.088E+10
     3     5  2  -1    1.991431E+02   5.087E+09
     3     6  2  -1    1.992200E+02   7.184E+10   7.198E+10   8.958E+10   7.568E+10   1.856E+09   1.204E+10
     3     7  2  -1    1.993240E+02   1.396E+11   9.973E+10   4.076E+11   3.620E+11   1.390E+06   4.561E+10
     2     8  2  -1    2.013408E+02   3.745E+13   1.123E+14   2.307E+13   2.225E+11   1.832E+13   4.529E+12
     4     8  2  -1    1.994216E+02   3.345E+09
     1     9  2  -1    2.014221E+02   1.860E+14   8.506E+13   7.117E+13   5.393E+13   6.630E+12   1.061E+13
     2     9  2  -1    2.013631E+02   3.422E+12
     3     9  2  -1    2.012325E+02   1.179E+13
     4     9  2  -1    1.994439E+02   5.460E+09
     2    10  2  -1    2.013873E+02   8.879E+13   5.541E+13   1.251E+14   1.089E+14   3.668E+12   1.253E+13
     3    10  2  -1    2.012567E+02   2.099E+12
     4    10  2  -1    1.994681E+02   6.789E+10
     3    11  2  -1    2.012947E+02   5.501E+13   3.930E+13   1.543E+14   1.367E+14   5.248E+08   1.764E+13
     1    12  2  -1    2.015095E+02   2.222E+11   6.777E+13   1.035E+14   8.317E+13   1.777E+13   2.606E+12
     2    12  2  -1    2.014504E+02   4.435E+13
     3    12  2  -1    2.013198E+02   1.399E+13
     4    12  2  -1    1.995312E+02   3.145E+10
     2    13  2  -1    2.015407E+02   8.866E+12   9.822E+13   4.843E+13   2.826E+13   1.119E+13   8.975E+12
     3    13  2  -1    2.014101E+02   9.285E+13
     4    13  2  -1    1.996215E+02   8.488E+10
     1    14  2  -1    2.024289E+02   9.599E+12   3.849E+13   7.849E+13   5.335E+13   2.026E+13   4.868E+12
     2    14  2  -1    2.023699E+02   1.137E+13
     3    14  2  -1    2.022393E+02   1.420E+13
     4    14  2  -1    2.004507E+02   2.513E+11
     2    15  2  -1    2.027185E+02   1.961E+12   6.765E+12   1.488E+14   9.836E+11   1.154E+14   3.246E+13
     4    15  2  -1    2.007993E+02   2.942E+11
     2    16  2  -1    2.027359E+02   1.397E+11   3.460E+13   2.530E+14   1.153E+14   6.505E+13   7.272E+13
     3    16  2  -1    2.026053E+02   1.547E+12
     4    16  2  -1    2.008167E+02   5.496E+13
     1    17  2  -1    2.028631E+02   1.577E+12   7.256E+12   1.464E+14   2.483E+12   6.551E+13   7.839E+13
     2    17  2  -1    2.028040E+02   2.831E+11
     3    17  2  -1    2.026734E+02   3.615E+12
     4    17  2  -1    2.008848E+02   4.217E+11
     2    18  2  -1    2.029278E+02   8.036E+11   8.756E+12   1.748E+14   2.210E+13   3.424E+12   1.493E+14
     3    18  2  -1    2.027972E+02   2.163E+12
     4    18  2  -1    2.010086E+02   1.018E+13
     1    19  2  -1    2.036398E+02   9.372E+10   1.180E+14   5.326E+13   3.152E+11   1.370E+13   3.925E+13
     3    19  2  -1    2.034502E+02   3.963E+09
     4    19  2  -1    2.016616E+02   1.180E+14
     4    20  2  -1    2.018278E+02   1.299E+13   3.898E+13   1.920E+14   5.458E+13   2.622E+13   1.112E+14
    23    27  2  -1    1.955840E+02   5.792E+11   1.738E+12   1.737E+14   6.052E+13   1.073E+14   5.947E+12
    21    28  2  -1    2.008920E+02   2.125E+12   2.501E+12   1.734E+14   5.989E+13   8.177E+13   3.170E+13
    22    28  2  -1    1.957198E+02   1.924E+12
    23    28  2  -1    1.956422E+02   4.478E+11
    24    28  2  -1    1.955298E+02   4.218E+11
    23    29  2  -1    1.957861E+02   8.451E+11   1.868E+12   1.746E+14   6.026E+13   3.422E+12   1.109E+14
    24    29  2  -1    1.956737E+02   1.341E+12
    25    29  2  -1    1.950918E+02   2.002E+10
    21    30  2  -1    2.018830E+02   2.319E+14   8.046E+13   1.142E+14   7.311E+11   2.878E+13   8.472E+13
    23    30  2  -1    1.966331E+02   8.326E+09
    24    30  2  -1    1.965207E+02   3.289E+10
    25    30  2  -1    1.959388E+02   1.786E+12
    26    30  2  -1    1.946392E+02   4.029E+11
    23    31  2  -1    1.994487E+02   6.446E+10   1.183E+11   4.060E+11   2.954E+10   2.222E+11   1.542E+11
    24    31  2  -1    1.993363E+02   7.929E+10
    22    32  2  -1    2.009268E+02   7.921E+13   3.965E+13   2.039E+14   3.936E+10   1.179E+14   8.587E+13
    23    32  2  -1    2.008492E+02   1.196E+13
    24    32  2  -1    2.007368E+02   6.890E+11
    25    32  2  -1    2.001549E+02   8.037E+10
    26    32  2  -1    1.988553E+02   1.640E+10
    23    33  2  -1    2.008515E+02   5.505E+13   3.909E+13   2.041E+14   6.699E+10   9.419E+13   1.098E+14
    24    33  2  -1    2.007391E+02   5.792E+12
    25    33  2  -1    2.001573E+02   2.691E+11
    24    34  2  -1    2.007539E+02   5.339E+13   3.907E+13   2.054E+14   0.000E+00   4.560E+13   1.598E+14
    25    34  2  -1    2.001720E+02   1.312E+12
    22    35  2  -1    2.013258E+02   5.737E+13   1.547E+14   3.337E+12   6.416E+10   2.624E+11   3.010E+12
    23    35  2  -1    2.012482E+02   6.040E+13
    24    35  2  -1    2.011358E+02   4.472E+13
    25    35  2  -1    2.005539E+02   3.839E+11
    26    35  2  -1    1.992543E+02   6.919E+10
    23    36  2  -1    2.017019E+02   2.886E+12   9.041E+13   1.787E+14   1.069E+12   9.822E+13   7.939E+13
    24    36  2  -1    2.015895E+02   2.165E+13
    25    36  2  -1    2.010076E+02   6.703E+13
    23    37  2  -1    2.018034E+02   1.260E+13   3.779E+13   1.268E+14   2.890E+12   1.619E+13   1.077E+14
    22    38  2  -1    2.019032E+02   1.872E+13   4.001E+13   1.250E+14   2.856E+12   2.054E+13   1.016E+14
    23    38  2  -1    2.018255E+02   5.813E+12
    24    38  2  -1    2.017132E+02   1.648E+13
    25    38  2  -1    2.011313E+02   1.730E+11
    26    38  2  -1    1.998317E+02   6.389E+11
    23    39  2  -1    2.019066E+02   6.455E+12   6.495E+13   1.537E+14   1.943E+12   9.120E+12   1.426E+14
    24    39  2  -1    2.017942E+02   1.246E+13
    25    39  2  -1    2.012123E+02   4.861E+13
    21    40  2  -1    2.079831E+02   3.573E+11   1.164E+14   1.234E+14   1.107E+10   3.367E+13   8.970E+13
    23    40  2  -1    2.027332E+02   5.473E+10
    24    40  2  -1    2.026208E+02   8.043E+10
    25    40  2  -1    2.020389E+02   3.781E+13
    26    40  2  -1    2.007393E+02   1.591E+14

   NRSLMX=   6    NVMAX=   2    LVMAX=   0

C--------------------------------------------------------------------------------------------------------------
C
C                                                                            
C
C--------------------------------------------------------------------------------------------------------------
