SEQ='BE'     NUCCHG=28                                                  /IC/

   PARENT LEVEL INDEXING                BWNP= 189316138.6  NPRNT=   3
   ---------------------
   INDP         CODE                 S L   WI        WNP
   ----         ----                 - -   --  ----------
     1          1S2 2S1             (2)0( 0.5)        0.0 
     2          1S2 2P1             (2)1( 0.5)   419995.1 
     3          1S2 2P1             (2)1( 1.5)   605512.1 

   IC RESOLVED LEVEL INDEXING           BWNR= 207828693.2 NLVL=    40
   --------------------------
   INDX  IRSL   CODE                 S L   WJ        WNR
   ----  ----   ----                 - -   --  ----------
     1    21    1S2 2S2             (1)0( 0.0)        0.0 
     2     1    1S2 2S1 2P1         (3)1( 0.0)   371426.6 
     3     2    1S2 2S1 2P1         (3)1( 1.0)   414247.7 
     4     3    1S2 2S1 2P1         (3)1( 2.0)   550760.5 
     5     4    1S2 2S1 2P1         (1)1( 1.0)   852674.3 
     6    22    1S2 2P2             (3)1( 0.0)  1034283.7 
     7    23    1S2 2P2             (3)1( 1.0)  1145212.2 
     8    24    1S2 2P2             (3)1( 2.0)  1204691.1 
     9    25    1S2 2P2             (1)2( 2.0)  1383728.8 
    10    26    1S2 2P2             (1)0( 0.0)  1613210.6 
    11    27    1S1 2S2 2P1         (3)1( 0.0) 62056283.0*
    12    28    1S1 2S2 2P1         (3)1( 1.0) 62089800.1*
    13     5    1S1 2S1 2P2         (5)1( 1.0) 62229938.1*
    14    29    1S1 2S2 2P1         (3)1( 2.0) 62239958.2*
    15     6    1S1 2S1 2P2         (5)1( 2.0) 62318226.7*
    16    30    1S1 2S2 2P1         (1)1( 1.0) 62387582.9*
    17     7    1S1 2S1 2P2         (5)1( 3.0) 62399098.6*
    18     8    1S1 2S1 2P2         (3)1( 0.0) 62621542.7*
    19     9    1S1 2S1 2P2         (3)1( 1.0) 62674784.7*
    20    10    1S1 2S1 2P2         (3)2( 2.0) 62704118.4*
    21    11    1S1 2S1 2P2         (3)2( 1.0) 62746023.4*
    22    12    1S1 2S1 2P2         (3)2( 3.0) 62768102.8*
    23    13    1S1 2S1 2P2         (3)1( 2.0) 62822853.7*
    24    14    1S1 2S1 2P2         (3)1( 1.0) 62876179.3*
    25    15    1S1 2S1 2P2         (3)1( 0.0) 62881949.7*
    26    16    1S1 2S1 2P2         (1)2( 2.0) 62980608.1*
    27    17    1S1 2S1 2P2         (3)0( 1.0) 63036931.8*
    28    31    1S1 2P3             (5)0( 2.0) 63043312.1*
    29    18    1S1 2S1 2P2         (3)1( 2.0) 63103911.1*
    30    19    1S1 2S1 2P2         (1)1( 1.0) 63191692.9*
    31    20    1S1 2S1 2P2         (1)0( 0.0) 63248848.1*
    32    32    1S1 2P3             (3)2( 1.0) 63274438.0*
    33    33    1S1 2P3             (3)2( 2.0) 63304863.3*
    34    34    1S1 2P3             (3)2( 3.0) 63351269.6*
    35    35    1S1 2P3             (3)0( 1.0) 63411135.7*
    36    36    1S1 2P3             (1)2( 2.0) 63484551.9*
    37    37    1S1 2P3             (3)1( 0.0) 63515038.0*
    38    38    1S1 2P3             (3)1( 1.0) 63553193.5*
    39    39    1S1 2P3             (3)1( 2.0) 63653179.9*
    40    40    1S1 2P3             (1)1( 1.0) 63773122.1*

C--------------------------------------------------------------------------------------------------------------
C
C                                                                            
C
C--------------------------------------------------------------------------------------------------------------
NI25     /IC/

  IRSL  IRSL  N   L      DEL(RYD)       B(SEC)      R(SEC)      A(SEC):       1           2           3
     1     5  2  -1    5.636958E+02   2.213E+13   2.358E+13   3.828E+12   2.786E+12   7.750E+11   2.669E+11
     2     5  2  -1    5.633056E+02   1.562E+13
     3     5  2  -1    5.620616E+02   3.503E+11
     2     6  2  -1    5.641101E+02   6.441E+10   8.409E+12   1.515E+12   1.247E+12   2.744E+10   2.412E+11
     3     6  2  -1    5.628661E+02   8.365E+12
     3     7  2  -1    5.636031E+02   2.937E+13   2.098E+13   1.111E+13   9.834E+12   1.339E+07   1.278E+12
     2     8  2  -1    5.668741E+02   2.641E+14   7.927E+14   6.305E+13   4.668E+12   5.651E+13   1.872E+12
     4     8  2  -1    5.628789E+02   1.270E+11
     1     9  2  -1    5.677495E+02   1.622E+15   7.868E+14   5.350E+13   4.109E+13   2.582E+12   9.823E+12
     2     9  2  -1    5.673593E+02   9.187E+13
     3     9  2  -1    5.661153E+02   9.260E+13
     4     9  2  -1    5.633641E+02   3.512E+10
     2    10  2  -1    5.676266E+02   7.749E+14   5.161E+14   1.258E+14   1.104E+14   4.178E+12   1.122E+13
     3    10  2  -1    5.663826E+02   4.323E+13
     4    10  2  -1    5.636314E+02   1.314E+13
     1    11  2  -1    5.683987E+02   2.306E+13   4.698E+14   1.383E+14   1.091E+14   2.439E+13   4.814E+12
     2    11  2  -1    5.680085E+02   3.661E+14
     3    11  2  -1    5.667645E+02   5.330E+13
     4    11  2  -1    5.640133E+02   7.140E+12
     3    12  2  -1    5.669657E+02   4.374E+14   3.124E+14   1.615E+14   1.427E+14   1.943E+08   1.881E+13
     2    13  2  -1    5.687086E+02   5.101E+13   6.604E+14   1.076E+14   5.285E+13   3.911E+13   1.562E+13
     3    13  2  -1    5.674646E+02   5.994E+14
     4    13  2  -1    5.647134E+02   5.063E+13
     1    14  2  -1    5.695848E+02   4.908E+12   1.870E+14   1.359E+14   2.333E+13   8.609E+13   2.644E+13
     2    14  2  -1    5.691946E+02   4.785E+13
     3    14  2  -1    5.679506E+02   5.907E+13
     4    14  2  -1    5.651993E+02   3.905E+13
     2    15  2  -1    5.692471E+02   6.158E+13   2.405E+14   1.251E+14   4.219E+12   1.080E+14   1.283E+13
     4    15  2  -1    5.652519E+02   1.859E+13
     2    16  2  -1    5.701462E+02   4.403E+11   3.784E+14   2.043E+14   9.314E+13   4.514E+13   6.604E+13
     3    16  2  -1    5.689022E+02   1.847E+14
     4    16  2  -1    5.661510E+02   3.224E+14
     2    17  2  -1    5.706594E+02   1.032E+12   2.780E+14   1.028E+14   3.378E+13   1.361E+13   5.540E+13
     3    17  2  -1    5.694155E+02   1.625E+14
     4    17  2  -1    5.666642E+02   6.141E+12
     2    18  2  -1    5.712698E+02   4.618E+11   1.096E+14   2.166E+14   5.085E+13   6.532E+10   1.657E+14
     3    18  2  -1    5.700258E+02   1.984E+12
     4    18  2  -1    5.672746E+02   1.789E+14
     1    19  2  -1    5.724599E+02   3.786E+12   9.380E+14   6.555E+13   5.800E+12   7.682E+12   5.207E+13
     2    19  2  -1    5.720697E+02   4.683E+10
     3    19  2  -1    5.708257E+02   1.269E+12
     4    19  2  -1    5.680745E+02   9.346E+14
     2    20  2  -1    5.725906E+02   1.088E+11   3.059E+14   2.010E+14   5.441E+13   5.599E+12   1.410E+14
     4    20  2  -1    5.685953E+02   1.019E+14
    23    27  2  -1    5.550621E+02   3.066E+12   9.197E+12   1.760E+14   6.639E+13   1.054E+14   4.208E+12
    21    28  2  -1    5.658035E+02   1.807E+14   7.151E+13   1.700E+14   6.011E+13   9.632E+13   1.359E+13
    22    28  2  -1    5.563784E+02   1.426E+13
    23    28  2  -1    5.553675E+02   2.317E+12
    24    28  2  -1    5.548255E+02   2.505E+12
    23    29  2  -1    5.567359E+02   7.357E+12   1.312E+13   1.795E+14   6.538E+13   3.811E+12   1.103E+14
    24    29  2  -1    5.561939E+02   6.929E+12
    25    29  2  -1    5.545623E+02   1.778E+12
    21    30  2  -1    5.685171E+02   1.807E+15   6.224E+14   1.197E+14   6.578E+12   1.271E+13   1.004E+14
    22    30  2  -1    5.590920E+02   3.731E+11
    23    30  2  -1    5.580811E+02   6.208E+11
    24    30  2  -1    5.575391E+02   3.421E+12
    25    30  2  -1    5.559076E+02   7.515E+12
    26    30  2  -1    5.538164E+02   3.334E+12
    23    31  2  -1    5.640566E+02   2.601E+13   2.917E+13   1.329E+13   5.159E+11   1.077E+13   2.011E+12
    24    31  2  -1    5.635145E+02   1.312E+13
    25    31  2  -1    5.618830E+02   4.397E+11
    21    32  2  -1    5.765987E+02   7.888E+11   5.002E+14   1.822E+14   4.998E+11   1.495E+14   3.225E+13
    22    32  2  -1    5.671736E+02   1.201E+15
    23    32  2  -1    5.661627E+02   5.170E+11
    24    32  2  -1    5.656207E+02   5.858E+13
    25    32  2  -1    5.639892E+02   8.302E+11
    26    32  2  -1    5.618980E+02   3.712E+11
    23    33  2  -1    5.664400E+02   5.053E+14   3.296E+14   2.056E+14   5.414E+11   1.378E+14   6.721E+13
    24    33  2  -1    5.658980E+02   8.106E+11
    25    33  2  -1    5.642665E+02   2.558E+13
    24    34  2  -1    5.663209E+02   3.094E+14   3.317E+14   2.288E+14   0.000E+00   5.068E+13   1.781E+14
    25    34  2  -1    5.646893E+02   1.549E+14
    22    35  2  -1    5.684193E+02   1.206E+14   1.057E+15   6.044E+13   1.176E+11   1.268E+13   4.764E+13
    23    35  2  -1    5.674084E+02   6.443E+14
    24    35  2  -1    5.668664E+02   1.741E+14
    25    35  2  -1    5.652349E+02   4.948E+13
    26    35  2  -1    5.631437E+02   4.847E+11
    23    36  2  -1    5.680774E+02   4.960E+12   7.664E+14   2.083E+14   5.201E+11   7.260E+13   1.351E+14
    24    36  2  -1    5.675354E+02   5.358E+14
    25    36  2  -1    5.659039E+02   2.276E+14
    23    37  2  -1    5.683552E+02   1.088E+14   3.264E+14   1.481E+14   1.929E+12   2.349E+13   1.227E+14
    21    38  2  -1    5.791389E+02   1.656E+11   4.744E+14   1.394E+14   1.500E+12   1.976E+13   1.182E+14
    22    38  2  -1    5.697138E+02   5.621E+12
    23    38  2  -1    5.687029E+02   1.837E+13
    24    38  2  -1    5.681609E+02   2.251E+14
    25    38  2  -1    5.665294E+02   1.047E+13
    26    38  2  -1    5.644382E+02   1.843E+14
    23    39  2  -1    5.696141E+02   1.061E+13   5.299E+14   1.746E+14   1.208E+12   3.458E+12   1.699E+14
    24    39  2  -1    5.690721E+02   2.101E+12
    25    39  2  -1    5.674406E+02   5.215E+14
    21    40  2  -1    5.811430E+02   1.061E+12   9.546E+14   1.372E+14   1.048E+11   1.571E+13   1.214E+14
    22    40  2  -1    5.717179E+02   2.125E+11
    23    40  2  -1    5.707071E+02   2.980E+12
    24    40  2  -1    5.701651E+02   3.740E+12
    25    40  2  -1    5.685335E+02   3.345E+14
    26    40  2  -1    5.664424E+02   1.162E+15

   NRSLMX=   6    NVMAX=   2    LVMAX=   0

C--------------------------------------------------------------------------------------------------------------
C
C                                                                            
C
C--------------------------------------------------------------------------------------------------------------
