SEQ='O '     NUCCHG=22                                                  /IC/

   PARENT LEVEL INDEXING                BWNP= 153562632.9  NPRNT=  15
   ---------------------
   INDP         CODE                 S L   WI        WNP
   ----         ----                 - -   --  ----------
     1          1S2 2S2 2P3         (4)0( 1.5)        0.0 
     2          1S2 2S2 2P3         (2)2( 1.5)   115533.1 
     3          1S2 2S2 2P3         (2)2( 2.5)   134564.2 
     4          1S2 2S2 2P3         (2)1( 0.5)   194832.1 
     5          1S2 2S2 2P3         (2)1( 1.5)   220501.1 
     6          1S2 2S1 2P4         (4)1( 2.5)   582627.4 
     7          1S2 2S1 2P4         (4)1( 1.5)   615716.2 
     8          1S2 2S1 2P4         (4)1( 0.5)   629708.4 
     9          1S2 2S1 2P4         (2)2( 1.5)   815411.9 
    10          1S2 2S1 2P4         (2)2( 2.5)   821172.5 
    11          1S2 2S1 2P4         (2)0( 0.5)   938115.5 
    12          1S2 2S1 2P4         (2)1( 1.5)   982963.5 
    13          1S2 2S1 2P4         (2)1( 0.5)  1029338.4 
    14          1S2 2P5             (2)1( 1.5)  1547102.4 
    15          1S2 2P5             (2)1( 0.5)  1602437.8 

   IC RESOLVED LEVEL INDEXING           BWNR= 161164472.2 NLVL=    16
   --------------------------
   INDX  IRSL   CODE                 S L   WJ        WNR
   ----  ----   ----                 - -   --  ----------
     1     7    1S2 2S2 2P4         (3)1( 2.0)        0.0 
     2     8    1S2 2S2 2P4         (3)1( 1.0)    42215.4 
     3     9    1S2 2S2 2P4         (3)1( 0.0)    43623.1 
     4    10    1S2 2S2 2P4         (1)2( 2.0)   112848.6 
     5    11    1S2 2S2 2P4         (1)0( 0.0)   213666.8 
     6     1    1S2 2S1 2P5         (3)1( 2.0)   713503.6 
     7     2    1S2 2S1 2P5         (3)1( 1.0)   746887.6 
     8     3    1S2 2S1 2P5         (3)1( 0.0)   767665.9 
     9     4    1S2 2S1 2P5         (1)1( 1.0)   988909.7 
    10    12    1S2 2P6             (1)0( 0.0)  1679831.8 
    11    13    1S1 2S2 2P5         (3)1( 2.0) 36800572.3*
    12    14    1S1 2S2 2P5         (3)1( 1.0) 36832804.3*
    13    15    1S1 2S2 2P5         (3)1( 0.0) 36860282.6*
    14    16    1S1 2S2 2P5         (1)1( 1.0) 36944974.4*
    15     5    1S1 2S1 2P6         (3)0( 1.0) 37520904.2*
    16     6    1S1 2S1 2P6         (1)0( 0.0) 37692097.1*

C--------------------------------------------------------------------------------------------------------------
C
C                                                                            
C
C--------------------------------------------------------------------------------------------------------------
TI15     /IC/

  IRSL  IRSL  N   L      DEL(RYD)       B(SEC)      R(SEC)      A(SEC):       1           2           3           4           5           6
                                                                              7           8           9          10          11          12
                                                                             13          14          15
     1     5  2  -1    3.354135E+02   9.981E+13   2.990E+14   6.651E+14   1.460E+10   7.197E+10   0.000E+00   2.199E+11   3.956E+11   4.293E+12
                                                                          7.809E+11   8.476E+11   2.241E+14   3.402E+14   3.972E+13   4.752E+12
                                                                          6.405E+12   2.884E+13   1.441E+13
     2     5  2  -1    3.351092E+02   9.842E+13
     3     5  2  -1    3.349199E+02   9.937E+13
     4     5  2  -1    3.329038E+02   1.098E+12
     2     6  2  -1    3.366693E+02   1.136E+12   2.970E+14   9.640E+14   1.265E+11   6.190E+11   0.000E+00   1.896E+12   3.380E+12   4.286E+12
                                                                          7.796E+11   8.355E+11   2.238E+14   3.396E+14   3.915E+13   4.744E+12
                                                                          6.314E+12   2.254E+14   1.131E+14
     4     6  2  -1    3.344638E+02   9.785E+13
     7    13  2  -1    3.353512E+02   1.415E+14   1.993E+14   6.967E+14   5.542E+12   1.326E+14   2.017E+14   4.739E+13   3.941E+13   2.420E+13
                                                                          8.447E+12   2.755E+12   1.673E+13   7.602E+13   2.558E+13   5.490E+13
                                                                          3.211E+12   5.738E+13   8.389E+11
     8    13  2  -1    3.349665E+02   8.284E+13
    10    13  2  -1    3.343229E+02   8.024E+12
     7    14  2  -1    3.356450E+02   5.620E+13   2.131E+14   6.928E+14   3.803E+12   1.034E+14   1.663E+14   4.562E+13   1.069E+14   7.382E+12
                                                                          1.013E+13   1.015E+13   5.117E+13   2.913E+13   1.593E+13   5.736E+13
                                                                          2.704E+13   3.477E+13   2.380E+13
     8    14  2  -1    3.352603E+02   4.647E+13
     9    14  2  -1    3.352474E+02   1.984E+14
    10    14  2  -1    3.346166E+02   3.908E+12
    11    14  2  -1    3.336979E+02   6.573E+11
    12    14  2  -1    3.203372E+02   2.076E+11
     8    15  2  -1    3.355107E+02   6.660E+13   1.998E+14   6.964E+14   1.289E+12   6.128E+13   1.150E+14   4.328E+13   2.046E+14   8.819E+06
                                                                          2.260E+13   2.589E+12   7.886E+13   6.893E+08   2.299E+12   3.738E+13
                                                                          6.808E+13   1.969E+12   5.712E+13
     7    16  2  -1    3.366671E+02   1.950E+12   3.859E+14   6.448E+14   2.985E+12   8.993E+13   1.497E+14   4.454E+13   1.362E+14   6.061E+11
                                                                          2.360E+11   7.668E+11   2.905E+12   1.091E+12   3.871E+12   9.104E+13
                                                                          6.225E+13   2.455E+13   3.414E+13
     8    16  2  -1    3.362824E+02   3.396E+12
     9    16  2  -1    3.362696E+02   5.475E+11
    10    16  2  -1    3.356388E+02   1.880E+14
    11    16  2  -1    3.347200E+02   1.936E+14
    12    16  2  -1    3.213594E+02   3.776E+12

   NRSLMX=   6    NVMAX=   2    LVMAX=   0

C--------------------------------------------------------------------------------------------------------------
C
C                                                                            
C
C--------------------------------------------------------------------------------------------------------------
