SEQ='O '     NUCCHG=25                                                  /IC/

   PARENT LEVEL INDEXING                BWNP= 201602058.4  NPRNT=  15
   ---------------------
   INDP         CODE                 S L   WI        WNP
   ----         ----                 - -   --  ----------
     1          1S2 2S2 2P3         (4)0( 1.5)        0.0 
     2          1S2 2S2 2P3         (2)2( 1.5)   131638.8 
     3          1S2 2S2 2P3         (2)2( 2.5)   168449.5 
     4          1S2 2S2 2P3         (2)1( 0.5)   240279.8 
     5          1S2 2S2 2P3         (2)1( 1.5)   296145.4 
     6          1S2 2S1 2P4         (4)1( 2.5)   699782.5 
     7          1S2 2S1 2P4         (4)1( 1.5)   758817.5 
     8          1S2 2S1 2P4         (4)1( 0.5)   779054.4 
     9          1S2 2S1 2P4         (2)2( 1.5)   980552.1 
    10          1S2 2S1 2P4         (2)2( 2.5)   995242.8 
    11          1S2 2S1 2P4         (2)0( 0.5)  1122462.3 
    12          1S2 2S1 2P4         (2)1( 1.5)  1175132.2 
    13          1S2 2S1 2P4         (2)1( 0.5)  1259532.0 
    14          1S2 2P5             (2)1( 1.5)  1847098.7 
    15          1S2 2P5             (2)1( 0.5)  1944450.0 

   IC RESOLVED LEVEL INDEXING           BWNR= 212232801.0 NLVL=    16
   --------------------------
   INDX  IRSL   CODE                 S L   WJ        WNR
   ----  ----   ----                 - -   --  ----------
     1     7    1S2 2S2 2P4         (3)1( 2.0)        0.0 
     2     8    1S2 2S2 2P4         (3)1( 0.0)    66422.9 
     3     9    1S2 2S2 2P4         (3)1( 1.0)    77989.4 
     4    10    1S2 2S2 2P4         (1)2( 2.0)   156781.3 
     5    11    1S2 2S2 2P4         (1)0( 0.0)   293272.8 
     6     1    1S2 2S1 2P5         (3)1( 2.0)   864722.3 
     7     2    1S2 2S1 2P5         (3)1( 1.0)   920916.0 
     8     3    1S2 2S1 2P5         (3)1( 0.0)   960329.2 
     9     4    1S2 2S1 2P5         (1)1( 1.0)  1197707.4 
    10    12    1S2 2P6             (1)0( 0.0)  2024009.2 
    11    13    1S1 2S2 2P5         (3)1( 2.0) 48100031.2*
    12    14    1S1 2S2 2P5         (3)1( 1.0) 48149849.8*
    13    15    1S1 2S2 2P5         (3)1( 0.0) 48203921.9*
    14    16    1S1 2S2 2P5         (1)1( 1.0) 48292659.7*
    15     5    1S1 2S1 2P6         (3)0( 1.0) 48974229.9*
    16     6    1S1 2S1 2P6         (1)0( 0.0) 49173810.5*

C--------------------------------------------------------------------------------------------------------------
C
C                                                                            
C
C--------------------------------------------------------------------------------------------------------------
MN18     /IC/

  IRSL  IRSL  N   L      DEL(RYD)       B(SEC)      R(SEC)      A(SEC):       1           2           3           4           5           6
                                                                              7           8           9          10          11          12
                                                                             13          14          15
     1     5  2  -1    4.384058E+02   1.762E+14   5.275E+14   7.021E+14   3.228E+10   7.939E+10   0.000E+00   2.129E+11   3.770E+11   9.244E+12
                                                                          2.211E+12   2.127E+12   2.286E+14   3.542E+14   3.753E+13   1.145E+13
                                                                          1.003E+13   3.066E+13   1.533E+13
     2     5  2  -1    4.378937E+02   1.708E+14
     3     5  2  -1    4.375345E+02   1.751E+14
     4     5  2  -1    4.353714E+02   4.703E+12
     2     6  2  -1    4.397124E+02   4.845E+12   5.244E+14   1.016E+15   2.701E+11   6.601E+11   0.000E+00   1.778E+12   3.110E+12   9.289E+12
                                                                          2.221E+12   2.104E+12   2.297E+14   3.559E+14   3.713E+13   1.151E+13
                                                                          9.924E+12   2.345E+14   1.178E+14
     4     6  2  -1    4.371901E+02   1.700E+14
     7    13  2  -1    4.383194E+02   2.401E+14   3.515E+14   7.329E+14   1.522E+13   1.367E+14   2.134E+14   5.022E+13   3.541E+13   2.660E+13
                                                                          8.586E+12   3.982E+12   2.250E+13   7.787E+13   2.718E+13   5.320E+13
                                                                          1.983E+12   5.916E+13   7.926E+11
     9    13  2  -1    4.376087E+02   1.460E+14
    10    13  2  -1    4.368907E+02   2.378E+13
     7    14  2  -1    4.387734E+02   1.086E+14   4.002E+14   7.249E+14   1.111E+13   1.117E+14   1.859E+14   4.851E+13   9.286E+13   5.581E+12
                                                                          1.212E+13   9.000E+12   4.869E+13   3.036E+13   1.952E+13   6.797E+13
                                                                          2.116E+13   4.212E+13   1.824E+13
     8    14  2  -1    4.381681E+02   3.489E+14
     9    14  2  -1    4.380627E+02   7.593E+13
    10    14  2  -1    4.373447E+02   1.568E+13
    11    14  2  -1    4.361009E+02   2.116E+12
    12    14  2  -1    4.203293E+02   6.923E+11
     9    15  2  -1    4.385554E+02   1.176E+14   3.527E+14   7.324E+14   1.518E+12   5.364E+13   1.216E+14   4.499E+13   2.275E+14   9.191E+07
                                                                          2.083E+13   1.681E+12   7.739E+13   3.504E+09   6.860E+11   4.680E+13
                                                                          7.446E+13   2.013E+12   5.923E+13
     7    16  2  -1    4.400748E+02   3.879E+12   6.568E+14   6.827E+14   5.530E+12   7.808E+13   1.484E+14   4.619E+13   1.692E+14   1.047E+12
                                                                          5.300E+11   1.550E+12   4.773E+12   2.796E+12   6.263E+12   8.904E+13
                                                                          6.830E+13   1.916E+13   4.183E+13
     8    16  2  -1    4.394695E+02   1.788E+12
     9    16  2  -1    4.393641E+02   1.207E+13
    10    16  2  -1    4.386461E+02   3.131E+14
    11    16  2  -1    4.374023E+02   3.416E+14
    12    16  2  -1    4.216306E+02   5.923E+12

   NRSLMX=   6    NVMAX=   2    LVMAX=   0

C--------------------------------------------------------------------------------------------------------------
C
C                                                                            
C
C--------------------------------------------------------------------------------------------------------------
