SEQ='BE'     NUCCHG= 6                                                  /IC/

   PARENT LEVEL INDEXING                BWNP=   7627841.6  NPRNT=   3
   ---------------------
   INDP         CODE                 S L   WI        WNP
   ----         ----                 - -   --  ----------
     1          1S2 2S1             (2)0( 0.5)        0.0 
     2          1S2 2P1             (2)1( 0.5)    68702.1 
     3          1S2 2P1             (2)1( 1.5)    68861.9 

   IC RESOLVED LEVEL INDEXING           BWNR=   8012751.6 NLVL=    36
   --------------------------
   INDX  IRSL   CODE                 S L   WJ        WNR
   ----  ----   ----                 - -   --  ----------
     1    21    1S2 2S2             (1)0( 0.0)        0.0 
     2     1    1S2 2S1 2P1         (3)1( 0.0)    55786.7 
     3     2    1S2 2S1 2P1         (3)1( 1.0)    55829.9 
     4     3    1S2 2S1 2P1         (3)1( 2.0)    55916.4 
     5     4    1S2 2S1 2P1         (1)1( 1.0)   114062.5 
     6    22    1S2 2P2             (3)1( 0.0)   143894.3 
     7    23    1S2 2P2             (3)1( 1.0)   143937.7 
     8    24    1S2 2P2             (3)1( 2.0)   144023.9 
     9    25    1S2 2P2             (1)2( 2.0)   160647.4 
    10    26    1S2 2P2             (1)0( 0.0)   199326.0 
    11    27    1S1 2S2 2P1         (3)1( 0.0)  2352309.0*
    12    28    1S1 2S2 2P1         (3)1( 1.0)  2352374.7*
    13    29    1S1 2S2 2P1         (3)1( 2.0)  2352507.6*
    14    30    1S1 2S2 2P1         (1)1( 1.0)  2372964.3*
    15     8    1S1 2S1 2P2         (3)1( 0.0)  2415438.1*
    16     9    1S1 2S1 2P2         (3)1( 1.0)  2415490.8*
    17    10    1S1 2S1 2P2         (3)1( 2.0)  2415596.7*
    18    11    1S1 2S1 2P2         (3)2( 3.0)  2422878.4*
    19    12    1S1 2S1 2P2         (3)2( 1.0)  2422878.4*
    20    13    1S1 2S1 2P2         (3)2( 2.0)  2422878.7*
    21    14    1S1 2S1 2P2         (3)0( 1.0)  2451823.6*
    22    15    1S1 2S1 2P2         (1)2( 2.0)  2465609.0*
    23    16    1S1 2S1 2P2         (3)1( 0.0)  2476271.0*
    24    17    1S1 2S1 2P2         (3)1( 1.0)  2476325.5*
    25    18    1S1 2S1 2P2         (3)1( 2.0)  2476432.7*
    26    19    1S1 2S1 2P2         (1)1( 1.0)  2487640.5*
    27    20    1S1 2S1 2P2         (1)0( 0.0)  2494556.0*
    28    32    1S1 2P3             (3)2( 1.0)  2502012.1*
    29    33    1S1 2P3             (3)2( 2.0)  2502012.2*
    30    34    1S1 2P3             (3)2( 3.0)  2502012.6*
    31    35    1S1 2P3             (3)0( 1.0)  2503850.7*
    32    36    1S1 2P3             (1)2( 2.0)  2522534.3*
    33    37    1S1 2P3             (3)1( 0.0)  2533252.8*
    34    38    1S1 2P3             (3)1( 1.0)  2533257.9*
    35    39    1S1 2P3             (3)1( 2.0)  2533268.4*
    36    40    1S1 2P3             (1)1( 1.0)  2553785.2*

C--------------------------------------------------------------------------------------------------------------
C
C                                                                            
C
C--------------------------------------------------------------------------------------------------------------
C  3     /IC/

  IRSL  IRSL  N   L      DEL(RYD)       B(SEC)      R(SEC)      A(SEC):       1           2           3
     2     8  2  -1    2.150232E+01   3.092E+11   9.275E+11   2.191E+13   9.503E+07   1.468E+13   7.222E+12
     1     9  2  -1    2.150319E+01   9.378E+11   9.276E+11   2.188E+13   2.974E+09   1.088E+13   1.100E+13
     2     9  2  -1    2.150280E+01   2.304E+11
     3     9  2  -1    2.150201E+01   2.307E+11
     2    10  2  -1    2.150376E+01   3.933E+11   9.278E+11   2.183E+13   5.391E+09   3.611E+12   1.821E+13
     3    10  2  -1    2.150297E+01   6.918E+11
     3    11  2  -1    2.156933E+01   4.490E+11   3.207E+11   7.870E+13   7.250E+13   2.091E+09   6.200E+12
     1    12  2  -1    2.157051E+01   5.260E+11   3.207E+11   7.870E+13   7.250E+13   5.214E+12   9.904E+11
     2    12  2  -1    2.157012E+01   1.358E+11
     3    12  2  -1    2.156933E+01   5.782E+09
     2    13  2  -1    2.157012E+01   3.943E+11   3.208E+11   7.870E+13   7.249E+13   3.173E+12   3.031E+12
     3    13  2  -1    2.156933E+01   8.415E+10
     1    14  2  -1    2.183428E+01   1.098E+11   3.326E+11   3.608E+13   2.964E+13   2.241E+12   4.201E+12
     2    14  2  -1    2.183388E+01   1.103E+11
     3    14  2  -1    2.183310E+01   1.114E+11
     4    15  2  -1    2.142885E+01   5.241E+11   3.145E+11   1.751E+14   7.175E+13   3.473E+13   6.865E+13
     2    16  2  -1    2.205667E+01   9.223E+09   2.769E+10   9.144E+13   1.740E+09   6.167E+13   2.977E+13
     1    17  2  -1    2.205755E+01   2.699E+10   2.760E+10   9.146E+13   3.742E+08   4.576E+13   4.570E+13
     2    17  2  -1    2.205716E+01   6.760E+09
     3    17  2  -1    2.205637E+01   7.091E+09
     2    18  2  -1    2.205814E+01   1.125E+10   2.739E+10   9.152E+13   3.188E+09   1.494E+13   7.658E+13
     3    18  2  -1    2.205735E+01   2.063E+10
     4    19  2  -1    2.162962E+01   9.701E+11   9.701E+11   1.868E+13   1.930E+08   6.116E+12   1.256E+13
     4    20  2  -1    2.169264E+01   1.087E+11   3.262E+11   1.299E+14   2.827E+13   3.308E+13   6.851E+13
    23    27  2  -1    2.012414E+01   5.730E+09   1.719E+10   1.208E+14   3.741E+13   7.873E+13   4.625E+12
    22    28  2  -1    2.012514E+01   1.725E+10   1.722E+10   1.208E+14   3.741E+13   5.359E+13   2.977E+13
    23    28  2  -1    2.012474E+01   4.305E+09
    24    28  2  -1    2.012396E+01   4.289E+09
    23    29  2  -1    2.012595E+01   7.201E+09   1.723E+10   1.208E+14   3.741E+13   2.323E+12   8.105E+13
    24    29  2  -1    2.012517E+01   1.291E+10
    21    30  2  -1    2.162403E+01   1.891E+12   6.605E+11   8.396E+13   1.754E+12   2.708E+13   5.513E+13
    25    30  2  -1    2.016010E+01   1.731E+10
    26    30  2  -1    1.980763E+01   3.810E+09
    22    32  2  -1    2.148873E+01   5.310E+11   3.171E+11   1.083E+14   2.966E+07   5.445E+13   5.390E+13
    23    32  2  -1    2.148834E+01   1.314E+11
    24    32  2  -1    2.148755E+01   5.200E+09
    23    33  2  -1    2.148834E+01   3.980E+11   3.171E+11   1.084E+14   5.114E+07   4.236E+13   6.599E+13
    24    33  2  -1    2.148755E+01   7.827E+10
    24    34  2  -1    2.148756E+01   4.439E+11   3.170E+11   1.084E+14   0.000E+00   2.408E+13   8.428E+13
    22    35  2  -1    2.150549E+01   4.254E+11   1.271E+12   7.400E+08   2.602E+07   2.487E+08   4.653E+08
    23    35  2  -1    2.150509E+01   4.248E+11
    24    35  2  -1    2.150431E+01   4.228E+11
    24    36  2  -1    2.167456E+01   6.298E+07   9.558E+11   1.090E+14   2.207E+08   3.676E+13   7.220E+13
    25    36  2  -1    2.152308E+01   9.558E+11
    23    37  2  -1    2.177302E+01   1.027E+11   3.081E+11   6.311E+13   2.376E+12   5.726E+12   5.501E+13
    22    38  2  -1    2.177347E+01   3.038E+11   3.081E+11   6.311E+13   2.378E+12   1.285E+13   4.788E+13
    23    38  2  -1    2.177307E+01   7.661E+10
    24    38  2  -1    2.177229E+01   7.812E+10
    23    39  2  -1    2.177317E+01   1.266E+11   3.081E+11   6.310E+13   2.381E+12   2.683E+13   3.388E+13
    24    39  2  -1    2.177238E+01   2.320E+11
    25    39  2  -1    2.162090E+01   1.131E+08
    21    40  2  -1    2.327179E+01   4.146E+09   9.509E+11   6.146E+13   1.037E+11   2.031E+13   4.104E+13
    25    40  2  -1    2.180786E+01   3.095E+11
    26    40  2  -1    2.145539E+01   1.301E+12

   NRSLMX=   6    NVMAX=   2    LVMAX=   0

C--------------------------------------------------------------------------------------------------------------
C
C                                                                            
C
C--------------------------------------------------------------------------------------------------------------
