SEQ='BE'     NUCCHG=21                                                  /IC/

   PARENT LEVEL INDEXING                BWNP= 104855157.7  NPRNT=   3
   ---------------------
   INDP         CODE                 S L   WI        WNP
   ----         ----                 - -   --  ----------
     1          1S2 2S1             (2)0( 0.5)        0.0 
     2          1S2 2P1             (2)1( 0.5)   307742.1 
     3          1S2 2P1             (2)1( 1.5)   362601.9 

   IC RESOLVED LEVEL INDEXING           BWNR= 114638711.0 NLVL=    40
   --------------------------
   INDX  IRSL   CODE                 S L   WJ        WNR
   ----  ----   ----                 - -   --  ----------
     1    21    1S2 2S2             (1)0( 0.0)        0.0 
     2     1    1S2 2S1 2P1         (3)1( 0.0)   272549.4 
     3     2    1S2 2S1 2P1         (3)1( 1.0)   287785.6 
     4     3    1S2 2S1 2P1         (3)1( 2.0)   324930.6 
     5     4    1S2 2S1 2P1         (1)1( 1.0)   564147.3 
     6    22    1S2 2P2             (3)1( 0.0)   731641.7 
     7    23    1S2 2P2             (3)1( 1.0)   756513.3 
     8    24    1S2 2P2             (3)1( 2.0)   783487.1 
     9    25    1S2 2P2             (1)2( 2.0)   868158.5 
    10    26    1S2 2P2             (1)0( 0.0)  1046215.0 
    11    27    1S1 2S2 2P1         (3)1( 0.0) 34209205.3*
    12    28    1S1 2S2 2P1         (3)1( 1.0) 34223047.7*
    13    29    1S1 2S2 2P1         (3)1( 2.0) 34263809.6*
    14     5    1S1 2S1 2P2         (5)1( 1.0) 34291551.7*
    15     6    1S1 2S1 2P2         (5)1( 2.0) 34313720.6*
    16     7    1S1 2S1 2P2         (5)1( 3.0) 34340909.9*
    17    30    1S1 2S2 2P1         (1)1( 1.0) 34378958.1*
    18     8    1S1 2S1 2P2         (3)1( 0.0) 34581758.7*
    19     9    1S1 2S1 2P2         (3)1( 1.0) 34589972.6*
    20    10    1S1 2S1 2P2         (3)2( 2.0) 34596964.5*
    21    11    1S1 2S1 2P2         (3)2( 3.0) 34609365.1*
    22    12    1S1 2S1 2P2         (3)2( 1.0) 34612611.3*
    23    13    1S1 2S1 2P2         (3)1( 2.0) 34637662.4*
    24    14    1S1 2S1 2P2         (3)0( 1.0) 34733558.1*
    25    15    1S1 2S1 2P2         (3)1( 0.0) 34763984.1*
    26    16    1S1 2S1 2P2         (1)2( 2.0) 34783446.9*
    27    31    1S1 2P3             (5)0( 2.0) 34793883.5*
    28    17    1S1 2S1 2P2         (3)1( 1.0) 34795221.1*
    29    18    1S1 2S1 2P2         (3)1( 2.0) 34826283.0*
    30    19    1S1 2S1 2P2         (1)1( 1.0) 34910854.7*
    31    20    1S1 2S1 2P2         (1)0( 0.0) 34937464.9*
    32    32    1S1 2P3             (3)2( 1.0) 34986041.1*
    33    33    1S1 2P3             (3)2( 2.0) 34987888.8*
    34    34    1S1 2P3             (3)2( 3.0) 34995353.3*
    35    35    1S1 2P3             (3)0( 1.0) 35047630.5*
    36    36    1S1 2P3             (1)2( 2.0) 35104155.6*
    37    37    1S1 2P3             (3)1( 0.0) 35121966.4*
    38    38    1S1 2P3             (3)1( 1.0) 35131470.5*
    39    39    1S1 2P3             (3)1( 2.0) 35156581.5*
    40    40    1S1 2P3             (1)1( 1.0) 35261946.8*

C--------------------------------------------------------------------------------------------------------------
C
C                                                                            
C
C--------------------------------------------------------------------------------------------------------------
SC18     /IC/

  IRSL  IRSL  N   L      DEL(RYD)       B(SEC)      R(SEC)      A(SEC):       1           2           3
     1     5  2  -1    3.100037E+02   9.775E+11   1.225E+12   7.269E+11   5.448E+11   1.124E+11   6.979E+10
     2     5  2  -1    3.098649E+02   8.361E+11
     3     5  2  -1    3.095264E+02   3.789E+10
     3     6  2  -1    3.097284E+02   5.863E+11   5.880E+11   3.233E+11   2.697E+11   6.249E+09   4.734E+10
     3     7  2  -1    3.099762E+02   1.374E+12   9.815E+11   1.696E+12   1.503E+12   3.726E+06   1.935E+11
     2     8  2  -1    3.125094E+02   9.036E+13   2.712E+14   3.015E+13   8.800E+11   2.587E+13   3.401E+12
     4     8  2  -1    3.099910E+02   2.613E+10
     1     9  2  -1    3.127231E+02   4.729E+14   2.172E+14   6.881E+13   5.256E+13   5.621E+12   1.063E+13
     2     9  2  -1    3.125843E+02   1.256E+13
     3     9  2  -1    3.122458E+02   2.820E+13
     4     9  2  -1    3.100659E+02   3.088E+10
     2    10  2  -1    3.126480E+02   2.233E+14   1.410E+14   1.292E+14   1.131E+14   4.154E+12   1.194E+13
     3    10  2  -1    3.123095E+02   6.644E+12
     4    10  2  -1    3.101296E+02   7.016E+11
     3    11  2  -1    3.124225E+02   1.357E+14   9.691E+13   1.622E+14   1.434E+14   3.552E+08   1.881E+13
     2    12  2  -1    3.127906E+02   1.117E+14   1.597E+14   1.156E+14   9.237E+13   1.993E+13   3.312E+12
     3    12  2  -1    3.124521E+02   2.863E+13
     4    12  2  -1    3.102722E+02   3.138E+11
     2    13  2  -1    3.130189E+02   2.024E+13   2.376E+14   5.658E+13   3.261E+13   1.556E+13   8.409E+12
     3    13  2  -1    3.126804E+02   2.247E+14
     4    13  2  -1    3.105005E+02   1.133E+12
     1    14  2  -1    3.140316E+02   1.588E+13   8.273E+13   9.731E+13   4.681E+13   4.449E+13   6.000E+12
     2    14  2  -1    3.138927E+02   2.368E+13
     3    14  2  -1    3.135542E+02   3.064E+13
     4    14  2  -1    3.113743E+02   2.701E+12
     2    15  2  -1    3.141700E+02   7.221E+12   2.752E+13   1.491E+14   2.461E+12   1.227E+14   2.392E+13
     4    15  2  -1    3.116516E+02   1.953E+12
     2    16  2  -1    3.143474E+02   2.839E+11   8.240E+13   2.452E+14   1.067E+14   6.572E+13   7.282E+13
     3    16  2  -1    3.140089E+02   1.041E+13
     4    16  2  -1    3.118290E+02   1.197E+14
     1    17  2  -1    3.145935E+02   8.195E+11   3.677E+13   1.367E+14   1.126E+13   4.771E+13   7.776E+13
     3    17  2  -1    3.141162E+02   2.078E+13
     4    17  2  -1    3.119363E+02   1.852E+12
     2    18  2  -1    3.147377E+02   9.832E+11   2.868E+13   1.977E+14   3.852E+13   6.932E+11   1.585E+14
     3    18  2  -1    3.143992E+02   3.181E+12
     4    18  2  -1    3.122193E+02   4.151E+13
     1    19  2  -1    3.156472E+02   5.785E+11   2.895E+14   5.825E+13   1.166E+12   1.209E+13   4.499E+13
     3    19  2  -1    3.151699E+02   4.503E+10
     4    19  2  -1    3.129900E+02   2.892E+14
     2    20  2  -1    3.157509E+02   9.675E+09   9.427E+13   1.979E+14   5.610E+13   1.672E+13   1.250E+14
     4    20  2  -1    3.132325E+02   3.141E+13
    23    27  2  -1    3.048431E+02   1.265E+12   3.795E+12   1.770E+14   6.334E+13   1.082E+14   5.489E+12
    21    28  2  -1    3.118631E+02   1.591E+13   9.372E+12   1.755E+14   6.146E+13   8.869E+13   2.536E+13
    22    28  2  -1    3.051959E+02   4.586E+12
    23    28  2  -1    3.049693E+02   9.845E+11
    24    28  2  -1    3.047235E+02   9.321E+11
    23    29  2  -1    3.053407E+02   2.115E+12   4.376E+12   1.786E+14   6.285E+13   3.579E+12   1.122E+14
    24    29  2  -1    3.050949E+02   2.923E+12
    25    29  2  -1    3.043233E+02   1.843E+11
    21    30  2  -1    3.132839E+02   5.661E+14   1.959E+14   1.169E+14   2.094E+12   2.296E+13   9.186E+13
    22    30  2  -1    3.066167E+02   4.627E+10
    23    30  2  -1    3.063900E+02   5.974E+10
    24    30  2  -1    3.061442E+02   3.147E+11
    25    30  2  -1    3.053726E+02   3.789E+12
    26    30  2  -1    3.037501E+02   1.007E+12
    23    31  2  -1    3.101711E+02   7.750E+11   1.178E+12   1.718E+12   1.051E+11   1.096E+12   5.167E+11
    24    31  2  -1    3.099253E+02   7.006E+11
    25    31  2  -1    3.091537E+02   1.233E+10
    21    32  2  -1    3.188160E+02   6.513E+10   1.047E+14   2.094E+14   1.445E+11   1.369E+14   7.235E+13
    22    32  2  -1    3.121488E+02   2.454E+14
    23    32  2  -1    3.119222E+02   1.561E+13
    24    32  2  -1    3.116764E+02   3.832E+12
    25    32  2  -1    3.109048E+02   5.021E+11
    26    32  2  -1    3.092822E+02   8.849E+10
    23    33  2  -1    3.119390E+02   1.470E+14   9.727E+13   2.123E+14   2.175E+11   1.128E+14   9.928E+13
    24    33  2  -1    3.116932E+02   6.527E+12
    25    33  2  -1    3.109216E+02   2.545E+12
    24    34  2  -1    3.117612E+02   1.234E+14   9.723E+13   2.173E+14   0.000E+00   4.820E+13   1.691E+14
    25    34  2  -1    3.109896E+02   1.269E+13
    21    35  2  -1    3.193773E+02   2.834E+10   3.675E+14   1.421E+13   1.614E+11   2.721E+11   1.378E+13
    22    35  2  -1    3.127101E+02   1.219E+14
    23    35  2  -1    3.124834E+02   1.703E+14
    24    35  2  -1    3.122376E+02   9.019E+13
    25    35  2  -1    3.114660E+02   3.733E+12
    26    35  2  -1    3.098435E+02   2.947E+11
    23    36  2  -1    3.129985E+02   3.097E+12   2.145E+14   1.866E+14   1.113E+12   9.210E+13   9.339E+13
    24    36  2  -1    3.127527E+02   9.382E+13
    25    36  2  -1    3.119811E+02   1.188E+14
    23    37  2  -1    3.131608E+02   3.150E+13   9.450E+13   1.363E+14   2.629E+12   1.879E+13   1.149E+14
    22    38  2  -1    3.134741E+02   1.971E+13   1.125E+14   1.305E+14   2.442E+12   1.747E+13   1.106E+14
    23    38  2  -1    3.132474E+02   8.545E+12
    24    38  2  -1    3.130016E+02   5.518E+13
    25    38  2  -1    3.122300E+02   1.645E+12
    26    38  2  -1    3.106075E+02   8.080E+12
    23    39  2  -1    3.134762E+02   9.477E+12   1.715E+14   1.684E+14   1.603E+12   7.398E+12   1.594E+14
    24    39  2  -1    3.132304E+02   1.244E+13
    25    39  2  -1    3.124589E+02   1.533E+14
    21    40  2  -1    3.213303E+02   6.935E+11   2.886E+14   1.315E+14   2.944E+10   2.944E+13   1.021E+14
    22    40  2  -1    3.146631E+02   4.653E+10
    23    40  2  -1    3.144364E+02   4.070E+11
    24    40  2  -1    3.141906E+02   7.440E+11
    25    40  2  -1    3.134190E+02   9.435E+13
    26    40  2  -1    3.117965E+02   3.885E+14

   NRSLMX=   6    NVMAX=   2    LVMAX=   0

C--------------------------------------------------------------------------------------------------------------
C
C                                                                            
C
C--------------------------------------------------------------------------------------------------------------
