SEQ='BE'     NUCCHG=14                                                  /IC/

   PARENT LEVEL INDEXING                BWNP=  45446684.2  NPRNT=   3
   ---------------------
   INDP         CODE                 S L   WI        WNP
   ----         ----                 - -   --  ----------
     1          1S2 2S1             (2)0( 0.5)        0.0 
     2          1S2 2P1             (2)1( 0.5)   196051.8 
     3          1S2 2P1             (2)1( 1.5)   205452.5 

   IC RESOLVED LEVEL INDEXING           BWNR=  49285205.0 NLVL=    40
   --------------------------
   INDX  IRSL   CODE                 S L   WJ        WNR
   ----  ----   ----                 - -   --  ----------
     1    21    1S2 2S2             (1)0( 0.0)        0.0 
     2     1    1S2 2S1 2P1         (3)1( 0.0)   172495.7 
     3     2    1S2 2S1 2P1         (3)1( 1.0)   175307.8 
     4     3    1S2 2S1 2P1         (3)1( 2.0)   181237.2 
     5     4    1S2 2S1 2P1         (1)1( 1.0)   342296.2 
     6    22    1S2 2P2             (3)1( 0.0)   449245.7 
     7    23    1S2 2P2             (3)1( 1.0)   452518.6 
     8    24    1S2 2P2             (3)1( 2.0)   458014.7 
     9    25    1S2 2P2             (1)2( 2.0)   509561.9 
    10    26    1S2 2P2             (1)0( 0.0)   624435.4 
    11    27    1S1 2S2 2P1         (3)1( 0.0) 14674736.6*
    12    28    1S1 2S2 2P1         (3)1( 1.0) 14677679.0*
    13    29    1S1 2S2 2P1         (3)1( 2.0) 14684320.1*
    14     5    1S1 2S1 2P2         (5)1( 1.0) 14709494.1*
    15     6    1S1 2S1 2P2         (5)1( 2.0) 14713022.1*
    16     7    1S1 2S1 2P2         (5)1( 3.0) 14718028.0*
    17    30    1S1 2S2 2P1         (1)1( 1.0) 14758592.9*
    18     8    1S1 2S1 2P2         (3)1( 0.0) 14888327.0*
    19     9    1S1 2S1 2P2         (3)1( 1.0) 14889725.0*
    20    10    1S1 2S1 2P2         (3)2( 2.0) 14891528.7*
    21    11    1S1 2S1 2P2         (3)2( 3.0) 14893531.3*
    22    12    1S1 2S1 2P2         (3)2( 1.0) 14894518.4*
    23    13    1S1 2S1 2P2         (3)1( 2.0) 14898015.9*
    24    14    1S1 2S1 2P2         (3)0( 1.0) 14977496.7*
    25    31    1S1 2P3             (5)0( 2.0) 15000504.6*
    26    15    1S1 2S1 2P2         (1)2( 2.0) 15011156.1*
    27    16    1S1 2S1 2P2         (3)1( 0.0) 15016250.5*
    28    17    1S1 2S1 2P2         (3)1( 1.0) 15019594.3*
    29    18    1S1 2S1 2P2         (3)1( 2.0) 15025222.6*
    30    19    1S1 2S1 2P2         (1)1( 1.0) 15082524.7*
    31    20    1S1 2S1 2P2         (1)0( 0.0) 15096890.7*
    32    32    1S1 2P3             (3)2( 1.0) 15123102.2*
    33    33    1S1 2P3             (3)2( 2.0) 15123155.7*
    34    34    1S1 2P3             (3)2( 3.0) 15123532.6*
    35    35    1S1 2P3             (3)0( 1.0) 15154659.7*
    36    36    1S1 2P3             (1)2( 2.0) 15198614.1*
    37    37    1S1 2P3             (3)1( 0.0) 15207539.2*
    38    38    1S1 2P3             (3)1( 1.0) 15208192.2*
    39    39    1S1 2P3             (3)1( 2.0) 15210804.5*
    40    40    1S1 2P3             (1)1( 1.0) 15285561.0*

C--------------------------------------------------------------------------------------------------------------
C
C                                                                            
C
C--------------------------------------------------------------------------------------------------------------
SI11     /IC/

  IRSL  IRSL  N   L      DEL(RYD)       B(SEC)      R(SEC)      A(SEC):       1           2           3
     1     5  2  -1    1.324708E+02   1.173E+10   1.652E+10   5.334E+10   4.104E+10   6.429E+09   5.878E+09
     2     5  2  -1    1.324451E+02   1.146E+10
     3     6  2  -1    1.324233E+02   9.718E+09   9.730E+09   2.552E+10   2.187E+10   5.743E+08   3.080E+09
     3     7  2  -1    1.324689E+02   1.690E+10   1.207E+10   1.083E+11   9.655E+10   5.531E+05   1.176E+10
     2     8  2  -1    1.340748E+02   1.619E+13   4.857E+13   2.094E+13   5.940E+10   1.554E+13   5.350E+12
     1     9  2  -1    1.341132E+02   7.751E+13   4.077E+13   5.066E+13   3.266E+13   6.608E+12   1.139E+13
     2     9  2  -1    1.340875E+02   3.134E+12
     3     9  2  -1    1.340335E+02   7.080E+12
     2    10  2  -1    1.341040E+02   3.978E+13   2.614E+13   1.076E+14   9.181E+13   2.138E+12   1.367E+13
     3    10  2  -1    1.340499E+02   2.266E+12
     4    10  2  -1    1.325823E+02   5.965E+09
     3    11  2  -1    1.340682E+02   2.360E+13   1.685E+13   1.440E+14   1.280E+14   7.312E+08   1.606E+13
     1    12  2  -1    1.341568E+02   1.052E+12   2.486E+13   1.133E+14   9.541E+13   1.651E+13   1.344E+12
     2    12  2  -1    1.341312E+02   1.678E+13
     3    12  2  -1    1.340772E+02   4.635E+12
     4    12  2  -1    1.326095E+02   4.500E+09
     2    13  2  -1    1.341631E+02   1.894E+12   3.971E+13   5.531E+13   3.627E+13   1.043E+13   8.617E+12
     3    13  2  -1    1.341091E+02   3.857E+13
     4    13  2  -1    1.326414E+02   1.018E+10
     1    14  2  -1    1.349130E+02   4.817E+12   1.703E+13   6.971E+13   5.181E+13   1.104E+13   6.858E+12
     2    14  2  -1    1.348874E+02   5.255E+12
     3    14  2  -1    1.348333E+02   6.083E+12
     4    14  2  -1    1.333657E+02   2.822E+10
     2    15  2  -1    1.351941E+02   3.051E+10   1.597E+13   2.541E+14   1.202E+14   5.793E+13   7.592E+13
     3    15  2  -1    1.351401E+02   2.152E+11
     4    15  2  -1    1.336724E+02   2.622E+13
     2    16  2  -1    1.352405E+02   6.909E+11   2.209E+12   1.431E+14   3.467E+11   1.055E+14   3.731E+13
     4    16  2  -1    1.337188E+02   4.525E+10
     1    17  2  -1    1.352966E+02   1.129E+12   2.168E+12   1.429E+14   5.286E+11   6.872E+13   7.363E+13
     2    17  2  -1    1.352710E+02   2.600E+11
     3    17  2  -1    1.352170E+02   8.730E+11
     4    17  2  -1    1.337493E+02   7.691E+10
     2    18  2  -1    1.353223E+02   5.000E+11   2.460E+12   1.529E+14   7.746E+12   9.492E+12   1.357E+14
     3    18  2  -1    1.352682E+02   1.178E+12
     4    18  2  -1    1.338006E+02   1.636E+12
     1    19  2  -1    1.358701E+02   1.462E+10   5.077E+13   4.812E+13   8.905E+10   1.382E+13   3.421E+13
     4    19  2  -1    1.343227E+02   5.076E+13
     4    20  2  -1    1.344537E+02   5.631E+12   1.689E+13   1.843E+14   5.130E+13   3.259E+13   1.004E+14
    23    27  2  -1    1.296023E+02   2.656E+11   7.967E+11   1.681E+14   5.746E+13   1.046E+14   6.056E+12
    21    28  2  -1    1.337527E+02   3.044E+11   9.103E+11   1.681E+14   5.723E+13   7.609E+13   3.476E+13
    22    28  2  -1    1.296589E+02   8.433E+11
    23    28  2  -1    1.296291E+02   2.033E+11
    24    28  2  -1    1.295790E+02   1.946E+11
    23    29  2  -1    1.296896E+02   3.614E+11   8.282E+11   1.686E+14   5.731E+13   3.270E+12   1.080E+14
    24    29  2  -1    1.296395E+02   6.091E+11
    25    29  2  -1    1.291698E+02   2.295E+09
    21    30  2  -1    1.344901E+02   9.982E+13   3.470E+13   1.108E+14   2.182E+11   3.165E+13   7.890E+13
    24    30  2  -1    1.303164E+02   3.652E+09
    25    30  2  -1    1.298466E+02   8.161E+11
    26    30  2  -1    1.287998E+02   1.725E+11
    23    31  2  -1    1.325709E+02   7.008E+09   1.440E+10   1.085E+11   8.722E+09   5.407E+10   4.568E+10
    24    31  2  -1    1.325208E+02   1.019E+10
    22    32  2  -1    1.337179E+02   3.063E+13   1.678E+13   1.915E+14   1.118E+10   1.038E+14   8.768E+13
    23    32  2  -1    1.336881E+02   6.142E+12
    24    32  2  -1    1.336380E+02   2.440E+11
    25    32  2  -1    1.331683E+02   1.091E+10
    23    33  2  -1    1.336886E+02   2.239E+13   1.671E+13   1.915E+14   1.981E+10   8.178E+13   1.097E+14
    24    33  2  -1    1.336385E+02   3.252E+12
    25    33  2  -1    1.331688E+02   2.969E+10
    24    34  2  -1    1.336419E+02   2.324E+13   1.670E+13   1.919E+14   0.000E+00   4.261E+13   1.493E+14
    25    34  2  -1    1.331722E+02   1.489E+11
    22    35  2  -1    1.340055E+02   2.420E+13   6.699E+13   7.845E+11   1.844E+10   1.364E+11   6.296E+11
    23    35  2  -1    1.339757E+02   2.405E+13
    24    35  2  -1    1.339256E+02   2.088E+13
    25    35  2  -1    1.334558E+02   4.383E+10
    26    35  2  -1    1.324090E+02   1.153E+10
    23    36  2  -1    1.343762E+02   8.701E+11   4.435E+13   1.788E+14   5.575E+11   9.177E+13   8.652E+13
    24    36  2  -1    1.343261E+02   4.104E+12
    25    36  2  -1    1.338564E+02   3.973E+13
    23    37  2  -1    1.344575E+02   5.375E+12   1.612E+13   1.171E+14   2.971E+12   1.412E+13   1.001E+14
    22    38  2  -1    1.344933E+02   1.154E+13   1.637E+13   1.166E+14   2.980E+12   2.186E+13   9.178E+13
    23    38  2  -1    1.344635E+02   3.229E+12
    24    38  2  -1    1.344134E+02   5.544E+12
    25    38  2  -1    1.339437E+02   1.917E+10
    26    38  2  -1    1.328969E+02   6.287E+10
    23    39  2  -1    1.344873E+02   4.302E+12   2.210E+13   1.301E+14   2.502E+12   1.479E+13   1.128E+14
    24    39  2  -1    1.344372E+02   9.110E+12
    25    39  2  -1    1.339675E+02   1.041E+13
    21    40  2  -1    1.392922E+02   1.737E+11   4.979E+13   1.141E+14   2.600E+09   3.415E+13   7.996E+13
    23    40  2  -1    1.351685E+02   7.145E+09
    24    40  2  -1    1.351184E+02   8.533E+09
    25    40  2  -1    1.346487E+02   1.617E+13
    26    40  2  -1    1.336019E+02   6.831E+13

   NRSLMX=   6    NVMAX=   2    LVMAX=   0

C--------------------------------------------------------------------------------------------------------------
C
C                                                                            
C
C--------------------------------------------------------------------------------------------------------------
