SEQ='O '     NUCCHG=26                                                  /IC/

   PARENT LEVEL INDEXING                BWNP= 219103027.4  NPRNT=  15
   ---------------------
   INDP         CODE                 S L   WI        WNP
   ----         ----                 - -   --  ----------
     1          1S2 2S2 2P3         (4)0( 1.5)        0.0 
     2          1S2 2S2 2P3         (2)2( 1.5)   138882.6 
     3          1S2 2S2 2P3         (2)2( 2.5)   182747.7 
     4          1S2 2S2 2P3         (2)1( 0.5)   258538.0 
     5          1S2 2S2 2P3         (2)1( 1.5)   328544.6 
     6          1S2 2S1 2P4         (4)1( 2.5)   742406.6 
     7          1S2 2S1 2P4         (4)1( 1.5)   812739.3 
     8          1S2 2S1 2P4         (4)1( 0.5)   834757.6 
     9          1S2 2S1 2P4         (2)2( 1.5)  1040688.6 
    10          1S2 2S1 2P4         (2)2( 2.5)  1060063.3 
    11          1S2 2S1 2P4         (2)0( 0.5)  1189693.4 
    12          1S2 2S1 2P4         (2)1( 1.5)  1245605.6 
    13          1S2 2S1 2P4         (2)1( 0.5)  1346602.9 
    14          1S2 2P5             (2)1( 1.5)  1954436.7 
    15          1S2 2P5             (2)1( 0.5)  2070052.2 

   IC RESOLVED LEVEL INDEXING           BWNR= 230854831.2 NLVL=    16
   --------------------------
   INDX  IRSL   CODE                 S L   WJ        WNR
   ----  ----   ----                 - -   --  ----------
     1     7    1S2 2S2 2P4         (3)1( 2.0)        0.0 
     2     8    1S2 2S2 2P4         (3)1( 0.0)    74407.5 
     3     9    1S2 2S2 2P4         (3)1( 1.0)    94027.8 
     4    10    1S2 2S2 2P4         (1)2( 2.0)   175430.6 
     5    11    1S2 2S2 2P4         (1)0( 0.0)   327758.4 
     6     1    1S2 2S1 2P5         (3)1( 2.0)   919414.1 
     7     2    1S2 2S1 2P5         (3)1( 1.0)   984890.1 
     8     3    1S2 2S1 2P5         (3)1( 0.0)  1033062.6 
     9     4    1S2 2S1 2P5         (1)1( 1.0)  1274122.3 
    10    12    1S2 2P6             (1)0( 0.0)  2147314.2 
    11    13    1S1 2S2 2P5         (3)1( 2.0) 52213260.8*
    12    14    1S1 2S2 2P5         (3)1( 1.0) 52269514.8*
    13    15    1S1 2S2 2P5         (3)1( 0.0) 52336274.0*
    14    16    1S1 2S2 2P5         (1)1( 1.0) 52425836.1*
    15     5    1S1 2S1 2P6         (3)0( 1.0) 53143275.8*
    16     6    1S1 2S1 2P6         (1)0( 0.0) 53352353.8*

C--------------------------------------------------------------------------------------------------------------
C
C                                                                            
C
C--------------------------------------------------------------------------------------------------------------
FE19     /IC/

  IRSL  IRSL  N   L      DEL(RYD)       B(SEC)      R(SEC)      A(SEC):       1           2           3           4           5           6
                                                                              7           8           9          10          11          12
                                                                             13          14          15
     1     5  2  -1    4.758985E+02   2.096E+14   6.273E+14   7.125E+14   4.020E+10   7.699E+10   0.000E+00   2.090E+11   3.712E+11   1.151E+13
                                                                          3.070E+12   2.801E+12   2.280E+14   3.573E+14   3.647E+13   1.477E+13
                                                                          1.121E+13   3.116E+13   1.558E+13
     2     5  2  -1    4.753018E+02   2.014E+14
     3     5  2  -1    4.748628E+02   2.082E+14
     4     5  2  -1    4.726661E+02   7.305E+12
     2     6  2  -1    4.772071E+02   7.517E+12   6.238E+14   1.031E+15   3.332E+11   6.345E+11   0.000E+00   1.731E+12   3.034E+12   1.159E+13
                                                                          3.091E+12   2.774E+12   2.296E+14   3.598E+14   3.612E+13   1.487E+13
                                                                          1.111E+13   2.370E+14   1.191E+14
     4     6  2  -1    4.745714E+02   2.004E+14
     7    13  2  -1    4.758019E+02   2.815E+14   4.180E+14   7.431E+14   2.042E+13   1.352E+14   2.168E+14   5.104E+13   3.453E+13   2.750E+13
                                                                          8.683E+12   4.548E+12   2.475E+13   7.815E+13   2.736E+13   5.203E+13
                                                                          1.677E+12   5.964E+13   7.728E+11
     9    13  2  -1    4.749450E+02   1.736E+14
    10    13  2  -1    4.742032E+02   3.237E+13
     7    14  2  -1    4.763145E+02   1.334E+14   4.879E+14   7.334E+14   1.541E+13   1.134E+14   1.922E+14   4.939E+13   8.674E+13   4.953E+12
                                                                          1.305E+13   8.481E+12   4.771E+13   3.047E+13   2.088E+13   7.099E+13
                                                                          1.898E+13   4.454E+13   1.629E+13
     8    14  2  -1    4.756364E+02   4.145E+14
     9    14  2  -1    4.754577E+02   8.728E+13
    10    14  2  -1    4.747159E+02   2.332E+13
    11    14  2  -1    4.733277E+02   2.763E+12
    12    14  2  -1    4.567467E+02   9.719E+11
     9    15  2  -1    4.760660E+02   1.399E+14   4.196E+14   7.426E+14   1.451E+12   5.268E+13   1.235E+14   4.544E+13   2.330E+14   1.613E+08
                                                                          1.996E+13   1.389E+12   7.641E+13   4.990E+09   3.780E+11   5.036E+13
                                                                          7.614E+13   2.023E+12   5.983E+13
     7    16  2  -1    4.777390E+02   4.478E+12   7.691E+14   6.941E+14   6.337E+12   7.404E+13   1.474E+14   4.657E+13   1.799E+14   1.187E+12
                                                                          6.662E+11   1.856E+12   5.292E+12   3.620E+12   7.181E+12   8.827E+13
                                                                          7.003E+13   1.728E+13   4.439E+13
     8    16  2  -1    4.770610E+02   2.335E+12
     9    16  2  -1    4.768822E+02   1.737E+13
    10    16  2  -1    4.761404E+02   3.635E+14
    11    16  2  -1    4.747523E+02   4.063E+14
    12    16  2  -1    4.581713E+02   6.725E+12

   NRSLMX=   6    NVMAX=   2    LVMAX=   0

C--------------------------------------------------------------------------------------------------------------
C
C                                                                            
C
C--------------------------------------------------------------------------------------------------------------
