u	LTE	log(t)=4	log t 2	log t 0	log t -2	log t -4	log t -6	log t -8	log t -10
1.053000000000000e-5	8.026000000000000e+0	1.902900000000000e+0	1.902900000000000e+0	1.902900000000000e+0	1.902900000000000e+0	1.902900000000000e+0	1.902900000000000e+0	1.913900000000000e+0	4.202500000000000e-1
1.163000000000000e-5	1.079000000000000e+1	2.563400000000000e+0	2.563400000000000e+0	2.563400000000000e+0	2.563400000000000e+0	2.563400000000000e+0	2.563400000000000e+0	2.575100000000000e+0	4.783500000000000e-1
1.283000000000000e-5	1.451000000000000e+1	3.451600000000000e+0	3.451600000000000e+0	3.451700000000000e+0	3.451700000000000e+0	3.451700000000000e+0	3.451700000000000e+0	3.464400000000000e+0	5.422300000000000e-1
1.416000000000000e-5	1.951000000000000e+1	4.646300000000000e+0	4.646300000000000e+0	4.646300000000000e+0	4.646300000000000e+0	4.646300000000000e+0	4.646300000000000e+0	4.660600000000000e+0	6.124300000000000e-1
1.563000000000000e-5	2.622000000000000e+1	6.252800000000000e+0	6.252800000000000e+0	6.252800000000000e+0	6.252800000000000e+0	6.252800000000000e+0	6.252800000000000e+0	6.269800000000000e+0	6.895500000000000e-1
1.725000000000000e-5	3.526000000000000e+1	8.413200000000000e+0	8.413200000000000e+0	8.413200000000000e+0	8.413200000000000e+0	8.413200000000000e+0	8.413200000000000e+0	8.432000000000000e+0	7.742600000000000e-1
1.904000000000000e-5	4.740000000000000e+1	1.131800000000000e+1	1.131800000000000e+1	1.131800000000000e+1	1.131800000000000e+1	1.131800000000000e+1	1.131800000000000e+1	1.132600000000000e+1	8.672900000000000e-1
2.101000000000000e-5	6.373000000000000e+1	1.522400000000000e+1	1.522400000000000e+1	1.522400000000000e+1	1.522500000000000e+1	1.522500000000000e+1	1.522500000000000e+1	1.516700000000000e+1	9.695000000000000e-1
2.319000000000000e-5	8.569000000000000e+1	2.047700000000000e+1	2.047700000000000e+1	2.047700000000000e+1	2.047700000000000e+1	2.047700000000000e+1	2.047700000000000e+1	2.020300000000000e+1	1.081800000000000e+0
2.560000000000000e-5	1.152000000000000e+2	2.753900000000000e+1	2.753900000000000e+1	2.753900000000000e+1	2.753900000000000e+1	2.753900000000000e+1	2.753900000000000e+1	2.669900000000000e+1	1.205200000000000e+0
2.825000000000000e-5	1.549000000000000e+2	3.703500000000000e+1	3.703500000000000e+1	3.703500000000000e+1	3.703500000000000e+1	3.703500000000000e+1	3.703500000000000e+1	3.492600000000000e+1	1.341000000000000e+0
3.118000000000000e-5	2.082000000000000e+2	4.980300000000000e+1	4.980300000000000e+1	4.980300000000000e+1	4.980300000000000e+1	4.980300000000000e+1	4.980300000000000e+1	4.514600000000000e+1	1.490300000000000e+0
3.442000000000000e-5	2.800000000000000e+2	6.697000000000000e+1	6.697000000000000e+1	6.697000000000000e+1	6.697000000000000e+1	6.697000000000000e+1	6.697000000000000e+1	5.744500000000000e+1	1.639300000000000e+0
3.799000000000000e-5	3.764000000000000e+2	9.005100000000000e+1	9.005100000000000e+1	9.005100000000000e+1	9.005100000000000e+1	9.005100000000000e+1	9.005100000000000e+1	7.198200000000000e+1	1.798300000000000e+0
4.193000000000000e-5	5.061000000000000e+2	1.210800000000000e+2	1.210800000000000e+2	1.210800000000000e+2	1.210800000000000e+2	1.210800000000000e+2	1.210800000000000e+2	8.888200000000000e+1	1.970900000000000e+0
4.627000000000000e-5	6.804000000000000e+2	1.628000000000000e+2	1.628000000000000e+2	1.628100000000000e+2	1.628100000000000e+2	1.628100000000000e+2	1.628100000000000e+2	1.082200000000000e+2	2.158300000000000e+0
5.107000000000000e-5	9.148000000000000e+2	2.189000000000000e+2	2.189000000000000e+2	2.189000000000000e+2	2.189000000000000e+2	2.189000000000000e+2	2.189000000000000e+2	1.300400000000000e+2	2.361800000000000e+0
5.637000000000000e-5	1.230000000000000e+3	2.943200000000000e+2	2.943200000000000e+2	2.943200000000000e+2	2.943200000000000e+2	2.943200000000000e+2	2.943200000000000e+2	1.543900000000000e+2	2.582800000000000e+0
6.221000000000000e-5	1.654000000000000e+3	3.957100000000000e+2	3.957100000000000e+2	3.957100000000000e+2	3.957100000000000e+2	3.957100000000000e+2	3.957100000000000e+2	1.813200000000000e+2	2.823000000000000e+0
6.866000000000000e-5	2.223000000000000e+3	5.320300000000000e+2	5.320300000000000e+2	5.320300000000000e+2	5.320300000000000e+2	5.320300000000000e+2	5.320300000000000e+2	2.108900000000000e+2	3.084000000000000e+0
7.579000000000000e-5	2.989000000000000e+3	7.152999999999999e+2	7.152999999999999e+2	7.152999999999999e+2	7.152999999999999e+2	7.152999999999999e+2	7.152999999999999e+2	2.431500000000000e+2	3.367700000000000e+0
8.364000000000000e-5	4.018000000000000e+3	9.617000000000000e+2	9.617000000000000e+2	9.617000000000000e+2	9.617000000000000e+2	9.617000000000000e+2	9.617000000000000e+2	2.782000000000000e+2	3.676100000000000e+0
9.232000000000000e-5	5.403000000000000e+3	1.293000000000000e+3	1.293000000000000e+3	1.293000000000000e+3	1.293000000000000e+3	1.293000000000000e+3	1.293000000000000e+3	3.161700000000000e+2	4.011300000000000e+0
1.019000000000000e-4	7.264000000000000e+3	1.738300000000000e+3	1.738300000000000e+3	1.738300000000000e+3	1.738300000000000e+3	1.738300000000000e+3	1.738400000000000e+3	3.572000000000000e+2	4.375700000000000e+0
1.125000000000000e-4	9.766000000000000e+3	2.337100000000000e+3	2.337100000000000e+3	2.337100000000000e+3	2.337100000000000e+3	2.337100000000000e+3	2.337400000000000e+3	4.014600000000000e+2	4.771899999999999e+0
1.241000000000000e-4	1.313000000000000e+4	3.142000000000000e+3	3.142000000000000e+3	3.142000000000000e+3	3.142000000000000e+3	3.142000000000000e+3	3.143600000000000e+3	4.491800000000000e+2	5.202500000000000e+0
1.370000000000000e-4	1.765000000000000e+4	4.224200000000000e+3	4.224200000000000e+3	4.224200000000000e+3	4.224200000000000e+3	4.224200000000000e+3	4.229500000000000e+3	5.005900000000000e+2	5.670700000000000e+0
1.512000000000000e-4	2.373000000000000e+4	5.679000000000000e+3	5.679000000000000e+3	5.679000000000000e+3	5.679000000000000e+3	5.679000000000000e+3	5.690900000000000e+3	5.559700000000000e+2	6.179700000000001e+0
1.669000000000000e-4	3.191000000000000e+4	7.634900000000000e+3	7.634900000000000e+3	7.634900000000000e+3	7.634900000000000e+3	7.634900000000000e+3	7.649900000000000e+3	6.156400000000000e+2	6.732800000000000e+0
1.842000000000000e-4	4.290000000000000e+4	1.026400000000000e+4	1.026400000000000e+4	1.026400000000000e+4	1.026400000000000e+4	1.026400000000000e+4	1.025300000000000e+4	6.799600000000000e+2	7.334100000000000e+0
2.033000000000000e-4	5.767000000000000e+4	1.379900000000000e+4	1.379900000000000e+4	1.379900000000000e+4	1.379900000000000e+4	1.379900000000000e+4	1.366300000000000e+4	7.493100000000000e+2	7.987500000000000e+0
2.244000000000000e-4	7.753000000000000e+4	1.855100000000000e+4	1.855100000000000e+4	1.855100000000000e+4	1.855100000000000e+4	1.855100000000000e+4	1.804800000000000e+4	8.241300000000000e+2	8.697500000000000e+0
2.476000000000000e-4	1.042000000000000e+5	2.494000000000000e+4	2.494000000000000e+4	2.494000000000000e+4	2.494000000000000e+4	2.494000000000000e+4	2.356600000000000e+4	9.048900000000000e+2	9.468900000000000e+0
2.733000000000000e-4	1.401000000000000e+5	3.352800000000000e+4	3.352800000000000e+4	3.352800000000000e+4	3.352800000000000e+4	3.352800000000000e+4	3.035300000000000e+4	9.921000000000000e+2	1.030700000000000e+1
3.016000000000000e-4	1.884000000000000e+5	4.507200000000000e+4	4.507200000000000e+4	4.507200000000000e+4	4.507200000000000e+4	4.507200000000000e+4	3.851700000000000e+4	1.086300000000000e+3	1.121700000000000e+1
3.329000000000000e-4	2.533000000000000e+5	6.059200000000000e+4	6.059200000000000e+4	6.059200000000000e+4	6.059200000000000e+4	6.059200000000000e+4	4.813700000000000e+4	1.188200000000000e+3	1.220600000000000e+1
3.675000000000000e-4	3.405000000000000e+5	8.145400000000000e+4	8.145400000000000e+4	8.145400000000000e+4	8.145400000000000e+4	8.145400000000000e+4	5.926300000000000e+4	1.298300000000000e+3	1.328000000000000e+1
4.056000000000000e-4	4.578000000000000e+5	1.095000000000000e+5	1.095000000000000e+5	1.095000000000000e+5	1.095000000000000e+5	1.095000000000000e+5	7.192400000000000e+4	1.417500000000000e+3	1.444500000000000e+1
4.476000000000000e-4	6.155000000000000e+5	1.471900000000000e+5	1.471900000000000e+5	1.472000000000000e+5	1.472000000000000e+5	1.472000000000000e+5	8.613300000000000e+4	1.546500000000000e+3	1.571100000000000e+1
4.940000000000000e-4	8.274000000000000e+5	1.978700000000000e+5	1.978700000000000e+5	1.978700000000000e+5	1.978700000000000e+5	1.978700000000000e+5	1.019000000000000e+5	1.686000000000000e+3	1.708400000000000e+1
5.453000000000000e-4	1.112000000000000e+6	2.659800000000000e+5	2.659800000000000e+5	2.659800000000000e+5	2.659800000000000e+5	2.659800000000000e+5	1.192400000000000e+5	1.837200000000000e+3	1.857500000000000e+1
6.018000000000000e-4	1.495000000000000e+6	3.575300000000000e+5	3.575300000000000e+5	3.575300000000000e+5	3.575300000000000e+5	3.575300000000000e+5	1.381500000000000e+5	2.000800000000000e+3	2.019300000000000e+1
6.642000000000000e-4	2.010000000000000e+6	4.805900000000000e+5	4.805900000000000e+5	4.805900000000000e+5	4.805900000000000e+5	4.805900000000000e+5	1.586800000000000e+5	2.178000000000000e+3	2.194700000000000e+1
7.331000000000000e-4	2.703000000000000e+6	6.459800000000000e+5	6.459800000000000e+5	6.459800000000000e+5	6.459900000000000e+5	6.459900000000000e+5	1.808600000000000e+5	2.370000000000000e+3	2.385100000000000e+1
8.091000000000000e-4	3.633000000000000e+6	8.682800000000000e+5	8.682800000000000e+5	8.682800000000000e+5	8.682800000000000e+5	8.682800000000000e+5	2.047400000000000e+5	2.577900000000000e+3	2.591600000000000e+1
8.930000000000000e-4	4.884000000000000e+6	1.167000000000000e+6	1.167000000000000e+6	1.167000000000000e+6	1.167000000000000e+6	1.167100000000000e+6	2.304100000000000e+5	2.803100000000000e+3	2.815400000000000e+1
9.856000000000002e-4	6.565000000000000e+6	1.568600000000000e+6	1.568600000000000e+6	1.568600000000000e+6	1.568600000000000e+6	1.568700000000000e+6	2.579500000000000e+5	3.047000000000000e+3	3.058100000000000e+1
1.088000000000000e-3	8.826000000000000e+6	2.108100000000000e+6	2.108100000000000e+6	2.108100000000000e+6	2.108200000000000e+6	2.108700000000000e+6	2.874900000000000e+5	3.311200000000000e+3	3.321200000000000e+1
1.201000000000000e-3	1.186000000000000e+7	2.833300000000000e+6	2.833300000000000e+6	2.833300000000000e+6	2.833300000000000e+6	2.835200000000000e+6	3.191500000000000e+5	3.597300000000000e+3	3.606400000000000e+1
1.325000000000000e-3	1.595000000000000e+7	3.807900000000000e+6	3.807900000000000e+6	3.807900000000000e+6	3.807900000000000e+6	3.811600000000000e+6	3.531000000000000e+5	3.907300000000000e+3	3.915400000000000e+1
1.463000000000000e-3	2.144000000000000e+7	5.118400000000000e+6	5.118400000000000e+6	5.118400000000000e+6	5.118400000000000e+6	5.117400000000000e+6	3.894900000000000e+5	4.242900000000000e+3	4.250200000000000e+1
1.614000000000000e-3	2.881000000000000e+7	6.882900000000000e+6	6.882900000000000e+6	6.882900000000000e+6	6.882900000000000e+6	6.845600000000000e+6	4.285400000000000e+5	4.606300000000000e+3	4.612900000000000e+1
1.782000000000000e-3	3.873000000000000e+7	9.263300000000000e+6	9.263300000000000e+6	9.263300000000000e+6	9.263300000000000e+6	9.096000000000000e+6	4.704500000000000e+5	4.999800000000000e+3	5.005700000000000e+1
1.966000000000000e-3	5.205000000000000e+7	1.248000000000000e+7	1.248000000000000e+7	1.248000000000000e+7	1.248000000000000e+7	1.196600000000000e+7	5.154600000000000e+5	5.425700000000000e+3	5.431000000000000e+1
2.170000000000000e-3	6.996000000000000e+7	1.683000000000000e+7	1.683000000000000e+7	1.683000000000000e+7	1.683000000000000e+7	1.554300000000000e+7	5.638400000000000e+5	5.886800000000000e+3	5.891600000000000e+1
2.395000000000000e-3	9.403000000000000e+7	2.271000000000000e+7	2.271000000000000e+7	2.271000000000000e+7	2.271000000000000e+7	1.989600000000000e+7	6.158600000000000e+5	6.385900000000000e+3	6.390100000000000e+1
2.644000000000000e-3	1.264000000000000e+8	3.064700000000000e+7	3.064700000000000e+7	3.064700000000000e+7	3.064700000000000e+7	2.507400000000000e+7	6.718300000000000e+5	6.925900000000000e+3	6.929700000000000e+1
2.918000000000000e-3	1.698000000000000e+8	4.134500000000000e+7	4.134500000000000e+7	4.134500000000000e+7	4.134600000000000e+7	3.110700000000000e+7	7.320800000000000e+5	7.510200000000000e+3	7.513600000000000e+1
3.220000000000000e-3	2.282000000000000e+8	5.603300000000000e+7	5.603300000000000e+7	5.603300000000000e+7	5.603300000000000e+7	3.810800000000000e+7	7.970400000000000e+5	8.142300000000000e+3	8.145300000000000e+1
3.554000000000000e-3	3.067000000000000e+8	7.552900000000000e+7	7.552900000000000e+7	7.552900000000000e+7	7.552900000000000e+7	4.589400000000000e+7	8.669600000000000e+5	8.825900000000000e+3	8.828600000000000e+1
3.923000000000000e-3	4.121000000000000e+8	1.017400000000000e+8	1.017400000000000e+8	1.017400000000000e+8	1.017400000000000e+8	5.454200000000000e+7	9.423100000000000e+5	9.565300000000000e+3	9.567700000000000e+1
4.330000000000000e-3	5.537000000000000e+8	1.369400000000000e+8	1.369400000000000e+8	1.369400000000000e+8	1.369400000000000e+8	6.404500000000000e+7	1.023500000000000e+6	1.036500000000000e+4	1.036700000000000e+2
4.779000000000000e-3	7.439000000000000e+8	1.842300000000000e+8	1.842300000000000e+8	1.842300000000000e+8	1.842300000000000e+8	7.439600000000000e+7	1.111100000000000e+6	1.122900000000000e+4	1.123100000000000e+2
5.274000000000000e-3	9.993000000000000e+8	2.477300000000000e+8	2.477300000000000e+8	2.477300000000000e+8	2.477300000000000e+8	8.559400000000000e+7	1.205600000000000e+6	1.216200000000000e+4	1.216400000000000e+2
5.821000000000000e-3	1.342000000000000e+9	3.330000000000000e+8	3.330000000000000e+8	3.330000000000000e+8	3.330000000000000e+8	9.764400000000000e+7	1.307400000000000e+6	1.317100000000000e+4	1.317300000000000e+2
6.425000000000000e-3	1.803000000000000e+9	4.474700000000000e+8	4.474700000000000e+8	4.474700000000000e+8	4.474700000000000e+8	1.105600000000000e+8	1.417300000000000e+6	1.426100000000000e+4	1.426300000000000e+2
7.091000000000000e-3	2.422000000000000e+9	6.011300000000000e+8	6.011300000000000e+8	6.011300000000000e+8	6.011300000000000e+8	1.243700000000000e+8	1.535800000000000e+6	1.543800000000000e+4	1.543900000000000e+2
7.827000000000000e-3	3.252000000000000e+9	8.073900000000000e+8	8.073900000000000e+8	8.073900000000000e+8	8.073800000000000e+8	1.391100000000000e+8	1.663500000000000e+6	1.670800000000000e+4	1.671000000000000e+2
8.638000000000000e-3	4.367000000000000e+9	1.084200000000000e+9	1.084200000000000e+9	1.084200000000000e+9	1.084200000000000e+9	1.548200000000000e+8	1.801300000000000e+6	1.808000000000000e+4	1.808000000000000e+2
9.534000000000002e-3	5.863000000000000e+9	1.513600000000000e+9	1.513600000000000e+9	1.513600000000000e+9	1.513200000000000e+9	1.783900000000000e+8	2.027400000000000e+6	2.033700000000000e+4	2.033800000000000e+2
1.015000000000000e-2	7.077000000000000e+9	1.823800000000000e+9	1.823800000000000e+9	1.823800000000000e+9	1.822600000000000e+9	1.899800000000000e+8	2.131200000000000e+6	2.137200000000000e+4	2.137300000000000e+2
1.046000000000000e-2	7.737000000000000e+9	1.994400000000000e+9	1.994400000000000e+9	1.994400000000000e+9	1.992400000000000e+9	1.957300000000000e+8	2.183100000000000e+6	2.189000000000000e+4	2.189100000000000e+2
1.078000000000000e-2	8.459000000000000e+9	2.180900000000000e+9	2.180900000000000e+9	2.180900000000000e+9	2.177700000000000e+9	2.016000000000000e+8	2.236200000000000e+6	2.242000000000000e+4	2.242000000000000e+2
1.111000000000000e-2	9.248000000000000e+9	2.384800000000000e+9	2.384800000000000e+9	2.384800000000000e+9	2.379700000000000e+9	2.075800000000000e+8	2.290600000000000e+6	2.296200000000000e+4	2.296200000000000e+2
1.144000000000000e-2	1.011000000000000e+10	2.607800000000000e+9	2.607800000000000e+9	2.607800000000000e+9	2.599800000000000e+9	2.136900000000000e+8	2.346200000000000e+6	2.351600000000000e+4	2.351700000000000e+2
1.179000000000000e-2	1.105000000000000e+10	2.851500000000000e+9	2.851500000000000e+9	2.851500000000000e+9	2.839400000000000e+9	2.199100000000000e+8	2.403000000000000e+6	2.408400000000000e+4	2.408500000000000e+2
1.215000000000000e-2	1.208000000000000e+10	3.117900000000000e+9	3.117900000000000e+9	3.118000000000000e+9	3.099900000000000e+9	2.262500000000000e+8	2.461200000000000e+6	2.466400000000000e+4	2.466500000000000e+2
1.252000000000000e-2	1.321000000000000e+10	3.409200000000000e+9	3.409200000000000e+9	3.409300000000000e+9	3.382900000000000e+9	2.327200000000000e+8	2.520700000000000e+6	2.525800000000000e+4	2.525900000000000e+2
1.290000000000000e-2	1.444000000000000e+10	3.727700000000000e+9	3.727700000000000e+9	3.727700000000000e+9	3.689700000000000e+9	2.393100000000000e+8	2.581600000000000e+6	2.586600000000000e+4	2.586600000000000e+2
1.329000000000000e-2	1.579000000000000e+10	4.075800000000000e+9	4.075800000000000e+9	4.075800000000000e+9	4.021900000000000e+9	2.460400000000000e+8	2.643800000000000e+6	2.648700000000000e+4	2.648800000000000e+2
1.369000000000000e-2	1.726000000000000e+10	4.456300000000000e+9	4.456300000000000e+9	4.456300000000000e+9	4.381000000000000e+9	2.528900000000000e+8	2.707500000000000e+6	2.712300000000000e+4	2.712300000000000e+2
1.411000000000000e-2	1.887000000000000e+10	4.872300000000000e+9	4.872300000000000e+9	4.872300000000000e+9	4.768500000000000e+9	2.598900000000000e+8	2.772600000000000e+6	2.777300000000000e+4	2.777300000000000e+2
1.453000000000000e-2	2.062000000000000e+10	5.327000000000000e+9	5.327000000000000e+9	5.327000000000000e+9	5.185900000000000e+9	2.670200000000000e+8	2.839100000000000e+6	2.843700000000000e+4	2.843800000000000e+2
1.498000000000000e-2	2.254000000000000e+10	5.823900000000000e+9	5.823900000000000e+9	5.824000000000000e+9	5.634500000000000e+9	2.742900000000000e+8	2.907200000000000e+6	2.911700000000000e+4	2.911800000000000e+2
1.543000000000000e-2	2.464000000000000e+10	6.367200000000000e+9	6.367200000000000e+9	6.367200000000000e+9	6.115800000000000e+9	2.817100000000000e+8	2.976800000000000e+6	2.981200000000000e+4	2.981300000000000e+2
1.590000000000000e-2	2.693000000000000e+10	6.960900000000000e+9	6.960900000000000e+9	6.960900000000000e+9	6.631000000000000e+9	2.892700000000000e+8	3.048000000000000e+6	3.052300000000000e+4	3.052400000000000e+2
1.638000000000000e-2	2.944000000000000e+10	7.609800000000000e+9	7.609800000000000e+9	7.609800000000000e+9	7.181200000000000e+9	2.969800000000000e+8	3.120700000000000e+6	3.125000000000000e+4	3.125000000000000e+2
1.688000000000000e-2	3.218000000000000e+10	8.319000000000000e+9	8.319000000000000e+9	8.319000000000000e+9	7.767700000000000e+9	3.048500000000000e+8	3.195100000000000e+6	3.199300000000000e+4	3.199300000000000e+2
1.739000000000000e-2	3.517000000000000e+10	9.094000000000000e+9	9.094000000000000e+9	9.094000000000000e+9	8.391300000000000e+9	3.128700000000000e+8	3.271100000000000e+6	3.275200000000000e+4	3.275300000000000e+2
1.792000000000000e-2	3.844000000000000e+10	9.941100000000000e+9	9.941100000000000e+9	9.941100000000000e+9	9.053100000000000e+9	3.210500000000000e+8	3.348800000000000e+6	3.352900000000000e+4	3.352900000000000e+2
1.846000000000000e-2	4.201000000000000e+10	1.086700000000000e+10	1.086700000000000e+10	1.086700000000000e+10	9.753800000000000e+9	3.294000000000000e+8	3.428200000000000e+6	3.432200000000000e+4	3.432200000000000e+2
1.902000000000000e-2	4.591000000000000e+10	1.187800000000000e+10	1.187800000000000e+10	1.187800000000000e+10	1.049400000000000e+10	3.379000000000000e+8	3.509400000000000e+6	3.513300000000000e+4	3.513300000000000e+2
1.960000000000000e-2	5.018000000000000e+10	1.298300000000000e+10	1.298300000000000e+10	1.298400000000000e+10	1.127400000000000e+10	3.465800000000000e+8	3.592300000000000e+6	3.596200000000000e+4	3.596200000000000e+2
2.020000000000000e-2	5.483000000000000e+10	1.419100000000000e+10	1.419100000000000e+10	1.419100000000000e+10	1.209500000000000e+10	3.554300000000000e+8	3.677000000000000e+6	3.680800000000000e+4	3.680900000000000e+2
2.081000000000000e-2	5.992000000000000e+10	1.551100000000000e+10	1.551100000000000e+10	1.551100000000000e+10	1.295700000000000e+10	3.644600000000000e+8	3.763600000000000e+6	3.767400000000000e+4	3.767400000000000e+2
2.144000000000000e-2	6.548000000000000e+10	1.695300000000000e+10	1.695300000000000e+10	1.695300000000000e+10	1.386000000000000e+10	3.736600000000000e+8	3.852000000000000e+6	3.855700000000000e+4	3.855800000000000e+2
2.209000000000000e-2	7.155000000000000e+10	1.852800000000000e+10	1.852800000000000e+10	1.852800000000000e+10	1.480500000000000e+10	3.830400000000000e+8	3.942300000000000e+6	3.946000000000000e+4	3.946100000000000e+2
2.276000000000000e-2	7.818000000000000e+10	2.024900000000000e+10	2.024900000000000e+10	2.024900000000000e+10	1.579000000000000e+10	3.926100000000000e+8	4.034600000000000e+6	4.038300000000000e+4	4.038300000000000e+2
2.345000000000000e-2	8.543000000000000e+10	2.212900000000000e+10	2.212900000000000e+10	2.212900000000000e+10	1.681700000000000e+10	4.023700000000000e+8	4.128800000000000e+6	4.132400000000000e+4	4.132500000000000e+2
2.417000000000000e-2	9.334000000000000e+10	2.418300000000000e+10	2.418300000000000e+10	2.418300000000000e+10	1.788500000000000e+10	4.123200000000000e+8	4.225000000000000e+6	4.228600000000000e+4	4.228600000000000e+2
2.490000000000000e-2	1.020000000000000e+11	2.642600000000000e+10	2.642600000000000e+10	2.642700000000000e+10	1.899400000000000e+10	4.224600000000000e+8	4.323200000000000e+6	4.326800000000000e+4	4.326800000000000e+2
2.566000000000000e-2	1.114000000000000e+11	2.887700000000000e+10	2.887700000000000e+10	2.887700000000000e+10	2.014400000000000e+10	4.328000000000000e+8	4.423500000000000e+6	4.427100000000000e+4	4.427100000000000e+2
2.643000000000000e-2	1.217000000000000e+11	3.155400000000000e+10	3.155400000000000e+10	3.155400000000000e+10	2.133400000000000e+10	4.433400000000000e+8	4.525800000000000e+6	4.529400000000000e+4	4.529400000000000e+2
2.724000000000000e-2	1.330000000000000e+11	3.447700000000000e+10	3.447700000000000e+10	3.447700000000000e+10	2.256300000000000e+10	4.540800000000000e+8	4.630300000000000e+6	4.633800000000000e+4	4.633900000000000e+2
2.806000000000000e-2	1.453000000000000e+11	3.776400000000000e+10	3.776400000000000e+10	3.776400000000000e+10	2.410400000000000e+10	4.740500000000000e+8	4.830100000000000e+6	4.833700000000000e+4	4.833700000000000e+2
2.892000000000000e-2	1.587000000000000e+11	4.126000000000000e+10	4.126000000000000e+10	4.126000000000000e+10	2.543600000000000e+10	4.854700000000000e+8	4.941400000000000e+6	4.945000000000000e+4	4.945100000000000e+2
2.979000000000000e-2	1.733000000000000e+11	4.507800000000000e+10	4.507800000000000e+10	4.507800000000000e+10	2.680700000000000e+10	4.971100000000000e+8	5.055000000000000e+6	5.058600000000000e+4	5.058600000000000e+2
3.070000000000000e-2	1.893000000000000e+11	4.924600000000000e+10	4.924600000000000e+10	4.924600000000000e+10	2.821800000000000e+10	5.089800000000000e+8	5.170900000000000e+6	5.174500000000000e+4	5.174500000000001e+2
3.163000000000000e-2	2.068000000000000e+11	5.379800000000000e+10	5.379800000000000e+10	5.379800000000000e+10	2.966700000000000e+10	5.210600000000000e+8	5.289100000000000e+6	5.292700000000000e+4	5.292700000000000e+2
3.259000000000000e-2	2.259000000000000e+11	5.876700000000000e+10	5.876700000000000e+10	5.876700000000000e+10	3.115300000000000e+10	5.333800000000000e+8	5.409600000000000e+6	5.413200000000000e+4	5.413200000000001e+2
3.358000000000000e-2	2.467000000000000e+11	6.419300000000000e+10	6.419300000000000e+10	6.419300000000000e+10	3.267600000000000e+10	5.459200000000000e+8	5.532500000000000e+6	5.536100000000000e+4	5.536100000000000e+2
3.460000000000000e-2	2.694000000000000e+11	7.011500000000000e+10	7.011500000000000e+10	7.011500000000000e+10	3.423600000000000e+10	5.586900000000000e+8	5.657700000000000e+6	5.661300000000000e+4	5.661300000000000e+2
3.565000000000000e-2	2.942000000000000e+11	7.658100000000000e+10	7.658100000000000e+10	7.658100000000000e+10	3.583100000000000e+10	5.717000000000000e+8	5.785400000000000e+6	5.789000000000000e+4	5.789000000000000e+2
3.673000000000000e-2	3.212000000000000e+11	8.363800000000000e+10	8.363800000000000e+10	8.363800000000000e+10	3.746100000000000e+10	5.849400000000000e+8	5.915500000000000e+6	5.919100000000000e+4	5.919100000000000e+2
3.785000000000000e-2	3.507000000000000e+11	9.134000000000000e+10	9.134000000000000e+10	9.134000000000000e+10	3.912600000000000e+10	5.984200000000000e+8	6.048000000000000e+6	6.051600000000000e+4	6.051699999999999e+2
3.899000000000000e-2	3.830000000000000e+11	9.974600000000000e+10	9.974600000000000e+10	9.974700000000000e+10	4.082400000000000e+10	6.121500000000000e+8	6.183000000000000e+6	6.186700000000000e+4	6.186699999999999e+2
4.018000000000000e-2	4.181000000000000e+11	1.112500000000000e+11	1.112500000000000e+11	1.112500000000000e+11	4.390100000000000e+10	6.484900000000000e+8	6.547200000000000e+6	6.551000000000000e+4	6.551000000000000e+2
4.140000000000000e-2	4.564000000000000e+11	1.214900000000000e+11	1.214900000000000e+11	1.214900000000000e+11	4.573400000000000e+10	6.633000000000000e+8	6.693100000000000e+6	6.696900000000000e+4	6.696900000000001e+2
4.265000000000000e-2	4.983000000000000e+11	1.326500000000000e+11	1.326500000000000e+11	1.326500000000000e+11	4.760000000000000e+10	6.783700000000000e+8	6.841700000000000e+6	6.845500000000000e+4	6.845499999999999e+2
4.395000000000000e-2	5.439000000000000e+11	1.448400000000000e+11	1.448400000000000e+11	1.448400000000000e+11	4.949800000000000e+10	6.937000000000000e+8	6.992900000000000e+6	6.996700000000000e+4	6.996699999999999e+2
4.528000000000000e-2	5.937000000000000e+11	1.581300000000000e+11	1.581300000000000e+11	1.581300000000000e+11	5.142800000000000e+10	7.092800000000000e+8	7.146700000000000e+6	7.150600000000000e+4	7.150599999999999e+2
4.666000000000000e-2	6.480000000000000e+11	1.726300000000000e+11	1.726300000000000e+11	1.726300000000000e+11	5.338900000000000e+10	7.251200000000000e+8	7.303200000000000e+6	7.307100000000000e+4	7.307100000000000e+2
4.808000000000000e-2	7.072000000000000e+11	1.884500000000000e+11	1.884500000000000e+11	1.884500000000000e+11	5.538000000000000e+10	7.412300000000000e+8	7.462300000000000e+6	7.466200000000000e+4	7.466200000000000e+2
4.953000000000000e-2	7.717000000000000e+11	2.057000000000000e+11	2.057000000000000e+11	2.057000000000000e+11	5.740100000000000e+10	7.575900000000000e+8	7.624000000000000e+6	7.628000000000000e+4	7.628000000000000e+2
5.104000000000000e-2	8.421000000000000e+11	2.245200000000000e+11	2.245200000000000e+11	2.245200000000000e+11	5.945000000000000e+10	7.742100000000000e+8	7.788400000000000e+6	7.792400000000000e+4	7.792400000000000e+2
5.259000000000000e-2	9.188000000000000e+11	2.450300000000000e+11	2.450300000000000e+11	2.450400000000000e+11	6.152700000000000e+10	7.910800000000000e+8	7.955400000000000e+6	7.959400000000000e+4	7.959500000000000e+2
5.418000000000000e-2	1.002000000000000e+12	2.674100000000000e+11	2.674100000000000e+11	2.674100000000000e+11	6.363200000000000e+10	8.082100000000000e+8	8.125000000000000e+6	8.129100000000000e+4	8.129100000000000e+2
5.583000000000000e-2	1.094000000000000e+12	2.917900000000000e+11	2.917900000000000e+11	2.917900000000000e+11	6.576300000000000e+10	8.256000000000000e+8	8.297200000000000e+6	8.301300000000000e+4	8.301300000000000e+2
5.752000000000000e-2	1.193000000000000e+12	3.183800000000000e+11	3.183800000000000e+11	3.183800000000000e+11	6.792000000000000e+10	8.432400000000000e+8	8.472000000000000e+6	8.476200000000000e+4	8.476200000000000e+2
5.927000000000000e-2	1.301000000000000e+12	3.473600000000000e+11	3.473600000000000e+11	3.473600000000000e+11	7.010200000000000e+10	8.611400000000000e+8	8.649500000000000e+6	8.653700000000000e+4	8.653700000000000e+2
6.107000000000000e-2	1.419000000000000e+12	3.789500000000000e+11	3.789500000000000e+11	3.789500000000000e+11	7.230900000000000e+10	8.793000000000000e+8	8.829500000000000e+6	8.833800000000000e+4	8.833800000000000e+2
6.292000000000000e-2	1.548000000000000e+12	4.296200000000000e+11	4.296200000000000e+11	4.296200000000000e+11	7.988800000000000e+10	9.671200000000000e+8	9.710200000000000e+6	9.714900000000000e+4	9.714900000000000e+2
6.483000000000000e-2	1.688000000000000e+12	4.686600000000000e+11	4.686600000000000e+11	4.686600000000000e+11	8.234300000000000e+10	9.874700000000000e+8	9.912100000000000e+6	9.916900000000000e+4	9.916900000000000e+2
6.680000000000000e-2	1.840000000000000e+12	5.111900000000000e+11	5.111900000000000e+11	5.111900000000000e+11	8.482300000000000e+10	1.008100000000000e+9	1.011700000000000e+7	1.012200000000000e+5	1.012200000000000e+3
6.883000000000000e-2	2.006000000000000e+12	5.575300000000000e+11	5.575300000000000e+11	5.575200000000000e+11	8.732600000000000e+10	1.029000000000000e+9	1.032400000000000e+7	1.032900000000000e+5	1.032900000000000e+3
7.092000000000000e-2	2.187000000000000e+12	6.080000000000000e+11	6.080000000000000e+11	6.079800000000000e+11	8.985200000000000e+10	1.050100000000000e+9	1.053400000000000e+7	1.053900000000000e+5	1.053900000000000e+3
7.307000000000000e-2	2.384000000000000e+12	6.629700000000000e+11	6.629700000000000e+11	6.629300000000000e+11	9.239900000000000e+10	1.071400000000000e+9	1.074600000000000e+7	1.075100000000000e+5	1.075100000000000e+3
7.529000000000000e-2	2.598000000000000e+12	7.228300000000000e+11	7.228300000000000e+11	7.227600000000000e+11	9.496700000000000e+10	1.093100000000000e+9	1.096100000000000e+7	1.096600000000000e+5	1.096600000000000e+3
7.758000000000000e-2	2.832000000000000e+12	7.880000000000000e+11	7.880000000000000e+11	7.878700000000000e+11	9.755400000000000e+10	1.114900000000000e+9	1.117800000000000e+7	1.118300000000000e+5	1.118300000000000e+3
7.993000000000000e-2	3.085000000000000e+12	8.589500000000000e+11	8.589500000000000e+11	8.587100000000000e+11	1.001600000000000e+11	1.136900000000000e+9	1.139700000000000e+7	1.140200000000000e+5	1.140200000000000e+3
8.236000000000000e-2	3.362000000000000e+12	9.361700000000000e+11	9.361700000000000e+11	9.357500000000000e+11	1.027800000000000e+11	1.159200000000000e+9	1.161800000000000e+7	1.162400000000000e+5	1.162400000000000e+3
8.486000000000000e-2	3.662000000000000e+12	1.020200000000000e+12	1.020200000000000e+12	1.019500000000000e+12	1.054100000000000e+11	1.181700000000000e+9	1.184200000000000e+7	1.184700000000000e+5	1.184700000000000e+3
8.743000000000000e-2	3.989000000000000e+12	1.111600000000000e+12	1.111600000000000e+12	1.110400000000000e+12	1.080600000000000e+11	1.204300000000000e+9	1.206700000000000e+7	1.207200000000000e+5	1.207200000000000e+3
9.009000000000000e-2	4.344000000000000e+12	1.211100000000000e+12	1.211100000000000e+12	1.209200000000000e+12	1.107200000000000e+11	1.227100000000000e+9	1.229400000000000e+7	1.229900000000000e+5	1.229900000000000e+3
9.282000000000000e-2	4.730000000000000e+12	1.319300000000000e+12	1.319300000000000e+12	1.316200000000000e+12	1.133900000000000e+11	1.250100000000000e+9	1.252200000000000e+7	1.252800000000000e+5	1.252800000000000e+3
9.564000000000000e-2	5.150000000000000e+12	1.436900000000000e+12	1.436900000000000e+12	1.432200000000000e+12	1.160700000000000e+11	1.273100000000000e+9	1.275200000000000e+7	1.275800000000000e+5	1.275800000000000e+3
9.854000000000000e-2	5.607000000000000e+12	1.564800000000000e+12	1.564800000000000e+12	1.557600000000000e+12	1.187500000000000e+11	1.296400000000000e+9	1.298300000000000e+7	1.298900000000000e+5	1.298900000000000e+3
1.015000000000000e-1	6.102000000000000e+12	1.703800000000000e+12	1.703800000000000e+12	1.693000000000000e+12	1.214400000000000e+11	1.319700000000000e+9	1.321500000000000e+7	1.322100000000000e+5	1.322100000000000e+3
1.046000000000000e-1	6.641000000000000e+12	1.854900000000000e+12	1.854900000000000e+12	1.839100000000000e+12	1.241300000000000e+11	1.343100000000000e+9	1.344800000000000e+7	1.345400000000000e+5	1.345400000000000e+3
1.078000000000000e-1	7.226000000000000e+12	2.019000000000000e+12	2.019000000000000e+12	1.996300000000000e+12	1.268200000000000e+11	1.366500000000000e+9	1.368200000000000e+7	1.368800000000000e+5	1.368800000000000e+3
1.111000000000000e-1	7.861000000000000e+12	2.349900000000000e+12	2.349900000000000e+12	2.328600000000000e+12	1.550100000000000e+11	1.675500000000000e+9	1.677700000000000e+7	1.678400000000000e+5	1.678400000000000e+3
1.144000000000000e-1	8.551000000000000e+12	2.557200000000000e+12	2.557200000000000e+12	2.526800000000000e+12	1.583400000000000e+11	1.704600000000000e+9	1.706600000000000e+7	1.707400000000000e+5	1.707400000000000e+3
1.179000000000000e-1	9.299000000000000e+12	2.782300000000000e+12	2.782300000000000e+12	2.739400000000000e+12	1.616700000000000e+11	1.733700000000000e+9	1.735600000000000e+7	1.736300000000000e+5	1.736300000000000e+3
1.215000000000000e-1	1.011000000000000e+13	3.026700000000000e+12	3.026700000000000e+12	2.967100000000000e+12	1.649800000000000e+11	1.762700000000000e+9	1.764500000000000e+7	1.765300000000000e+5	1.765300000000000e+3
1.252000000000000e-1	1.099000000000000e+13	3.291900000000000e+12	3.291900000000000e+12	3.210400000000000e+12	1.682800000000000e+11	1.791700000000000e+9	1.793400000000000e+7	1.794200000000000e+5	1.794200000000000e+3
1.290000000000000e-1	1.195000000000000e+13	3.579500000000000e+12	3.579500000000000e+12	3.469500000000000e+12	1.715600000000000e+11	1.820600000000000e+9	1.822200000000000e+7	1.822900000000000e+5	1.822900000000000e+3
1.329000000000000e-1	1.298000000000000e+13	3.891500000000000e+12	3.891500000000000e+12	3.744800000000000e+12	1.748200000000000e+11	1.849300000000000e+9	1.850800000000000e+7	1.851600000000000e+5	1.851600000000000e+3
1.369000000000000e-1	1.410000000000000e+13	4.229800000000000e+12	4.229800000000000e+12	4.036600000000000e+12	1.780500000000000e+11	1.877800000000000e+9	1.879200000000000e+7	1.880000000000000e+5	1.880000000000000e+3
1.411000000000000e-1	1.532000000000000e+13	4.596500000000000e+12	4.596500000000000e+12	4.344700000000000e+12	1.812500000000000e+11	1.906100000000000e+9	1.907400000000000e+7	1.908200000000000e+5	1.908200000000000e+3
1.454000000000000e-1	1.664000000000000e+13	4.993800000000000e+12	4.993800000000000e+12	4.669300000000000e+12	1.844200000000000e+11	1.934100000000000e+9	1.935300000000000e+7	1.936200000000000e+5	1.936200000000000e+3
1.498000000000000e-1	1.806000000000000e+13	5.424100000000000e+12	5.424100000000000e+12	5.010000000000000e+12	1.875400000000000e+11	1.961800000000000e+9	1.963000000000000e+7	1.963800000000000e+5	1.963800000000000e+3
1.543000000000000e-1	1.960000000000000e+13	5.890100000000000e+12	5.890100000000000e+12	5.366500000000000e+12	1.906200000000000e+11	1.989100000000000e+9	1.990200000000000e+7	1.991000000000000e+5	1.991000000000000e+3
1.590000000000000e-1	2.127000000000000e+13	6.395000000000000e+12	6.395000000000000e+12	5.739000000000000e+12	1.936800000000000e+11	2.016400000000000e+9	2.017400000000000e+7	2.018200000000000e+5	2.018200000000000e+3
1.638000000000000e-1	2.308000000000000e+13	6.940800000000000e+12	6.940800000000000e+12	6.125700000000000e+12	1.966500000000000e+11	2.042800000000000e+9	2.043700000000000e+7	2.044600000000000e+5	2.044600000000000e+3
1.688000000000000e-1	2.503000000000000e+13	7.531100000000000e+12	7.531100000000000e+12	6.526400000000000e+12	1.995600000000000e+11	2.068700000000000e+9	2.069500000000000e+7	2.070400000000000e+5	2.070400000000000e+3
1.739000000000000e-1	2.714000000000000e+13	8.169400000000000e+12	8.169400000000000e+12	6.940200000000000e+12	2.024000000000000e+11	2.094000000000000e+9	2.094800000000000e+7	2.095700000000000e+5	2.095700000000000e+3
1.792000000000000e-1	2.942000000000000e+13	8.859200000000000e+12	8.859200000000000e+12	7.366000000000000e+12	2.051700000000000e+11	2.118700000000000e+9	2.119400000000000e+7	2.120200000000000e+5	2.120200000000000e+3
1.847000000000000e-1	3.188000000000000e+13	9.604400000000000e+12	9.604400000000000e+12	7.802800000000000e+12	2.078600000000000e+11	2.142600000000000e+9	2.143200000000000e+7	2.144100000000000e+5	2.144100000000000e+3
1.903000000000000e-1	3.453000000000000e+13	1.040900000000000e+13	1.040900000000000e+13	8.249200000000000e+12	2.104600000000000e+11	2.165800000000000e+9	2.166300000000000e+7	2.167300000000000e+5	2.167300000000000e+3
1.960000000000000e-1	3.740000000000000e+13	1.127700000000000e+13	1.127700000000000e+13	8.703900000000000e+12	2.129800000000000e+11	2.188200000000000e+9	2.188600000000000e+7	2.189500000000000e+5	2.189500000000000e+3
2.020000000000000e-1	4.048000000000000e+13	1.221400000000000e+13	1.221400000000000e+13	9.165300000000000e+12	2.153900000000000e+11	2.209600000000000e+9	2.210000000000000e+7	2.210900000000000e+5	2.210900000000000e+3
2.081000000000000e-1	4.381000000000000e+13	1.322400000000000e+13	1.322400000000000e+13	9.632000000000000e+12	2.177000000000000e+11	2.230100000000000e+9	2.230400000000000e+7	2.231300000000000e+5	2.231300000000000e+3
2.144000000000000e-1	4.740000000000000e+13	1.431300000000000e+13	1.431300000000000e+13	1.010200000000000e+13	2.199000000000000e+11	2.249500000000000e+9	2.249800000000000e+7	2.250700000000000e+5	2.250700000000000e+3
2.209000000000000e-1	5.125000000000000e+13	1.548500000000000e+13	1.548500000000000e+13	1.057400000000000e+13	2.219800000000000e+11	2.267900000000000e+9	2.268100000000000e+7	2.269000000000000e+5	2.269000000000000e+3
2.277000000000000e-1	5.541000000000000e+13	1.674700000000000e+13	1.674700000000000e+13	1.104600000000000e+13	2.239300000000000e+11	2.285000000000000e+9	2.285200000000000e+7	2.286200000000000e+5	2.286200000000000e+3
2.346000000000000e-1	5.987000000000000e+13	1.810500000000000e+13	1.810500000000000e+13	1.151700000000000e+13	2.257500000000000e+11	2.301000000000000e+9	2.301100000000000e+7	2.302000000000000e+5	2.302000000000000e+3
2.441000000000000e-1	6.634000000000000e+13	2.007900000000000e+13	2.007900000000000e+13	1.213900000000000e+13	2.279900000000000e+11	2.320400000000000e+9	2.320500000000000e+7	2.321400000000000e+5	2.321400000000000e+3
2.514000000000000e-1	7.151000000000000e+13	2.434200000000000e+13	2.434200000000000e+13	1.834400000000000e+13	4.336600000000000e+11	4.449700000000000e+9	4.450600000000000e+7	4.452500000000000e+5	4.452500000000000e+3
2.566000000000000e-1	7.535000000000000e+13	2.131600000000000e+13	2.131600000000000e+13	1.575100000000000e+13	3.626400000000000e+11	3.717400000000000e+9	3.718000000000000e+7	3.719500000000000e+5	3.719500000000000e+3
2.644000000000000e-1	8.128000000000000e+13	2.293800000000000e+13	2.293800000000000e+13	1.645100000000000e+13	3.648600000000000e+11	3.735000000000000e+9	3.735500000000000e+7	3.737100000000000e+5	3.737100000000000e+3
2.724000000000000e-1	8.763000000000000e+13	2.467200000000000e+13	2.467200000000000e+13	1.714600000000000e+13	3.668000000000000e+11	3.750000000000000e+9	3.750400000000000e+7	3.752000000000000e+5	3.752000000000000e+3
2.807000000000000e-1	9.444000000000000e+13	2.652400000000000e+13	2.652400000000000e+13	1.783400000000000e+13	3.684600000000000e+11	3.762300000000000e+9	3.762700000000000e+7	3.764200000000000e+5	3.764200000000000e+3
2.892000000000000e-1	1.017000000000000e+14	2.975100000000000e+13	2.975100000000000e+13	1.937200000000000e+13	3.879400000000000e+11	3.957000000000000e+9	3.957200000000000e+7	3.958900000000000e+5	3.958900000000000e+3
2.980000000000000e-1	1.095000000000000e+14	3.167500000000000e+13	3.167500000000000e+13	1.989700000000000e+13	3.857800000000000e+11	3.930500000000000e+9	3.930700000000000e+7	3.932400000000000e+5	3.932400000000000e+3
3.070000000000000e-1	1.178000000000000e+14	3.399100000000000e+13	3.399100000000000e+13	2.056800000000000e+13	3.865500000000000e+11	3.934200000000000e+9	3.934300000000000e+7	3.936000000000000e+5	3.936000000000000e+3
3.163000000000000e-1	1.267000000000000e+14	3.645500000000000e+13	3.645500000000000e+13	2.121600000000000e+13	3.869700000000000e+11	3.934600000000000e+9	3.934700000000000e+7	3.936300000000000e+5	3.936300000000000e+3
3.259000000000000e-1	1.362000000000000e+14	3.907400000000000e+13	3.907400000000000e+13	2.184000000000000e+13	3.870500000000000e+11	3.931700000000000e+9	3.931600000000000e+7	3.933300000000000e+5	3.933300000000000e+3
3.358000000000000e-1	1.462000000000000e+14	4.185500000000000e+13	4.185500000000000e+13	2.243600000000000e+13	3.867600000000000e+11	3.925200000000000e+9	3.925100000000000e+7	3.926700000000000e+5	3.926700000000000e+3
3.460000000000000e-1	1.570000000000000e+14	4.473000000000000e+13	4.473000000000000e+13	2.314900000000000e+13	3.904700000000000e+11	3.960100000000000e+9	3.960000000000000e+7	3.961600000000000e+5	3.961600000000000e+3
3.565000000000000e-1	1.684000000000000e+14	4.784700000000000e+13	4.784700000000000e+13	2.369600000000000e+13	3.896400000000000e+11	3.948600000000000e+9	3.948400000000000e+7	3.950000000000000e+5	3.950000000000000e+3
3.673000000000000e-1	1.805000000000000e+14	5.114700000000000e+13	5.114700000000000e+13	2.420700000000000e+13	3.884400000000000e+11	3.933400000000000e+9	3.933100000000000e+7	3.934700000000000e+5	3.934700000000000e+3
3.785000000000000e-1	1.933000000000000e+14	5.463400000000000e+13	5.463400000000000e+13	2.467900000000000e+13	3.868500000000000e+11	3.914400000000000e+9	3.914100000000000e+7	3.915700000000000e+5	3.915700000000000e+3
3.900000000000000e-1	2.069000000000000e+14	5.831500000000000e+13	5.831500000000000e+13	2.511000000000000e+13	3.848600000000000e+11	3.891700000000000e+9	3.891300000000000e+7	3.892900000000000e+5	3.892900000000000e+3
4.018000000000000e-1	2.213000000000000e+14	6.219600000000000e+13	6.219600000000000e+13	2.549600000000000e+13	3.824800000000000e+11	3.865100000000000e+9	3.864700000000000e+7	3.866300000000000e+5	3.866300000000000e+3
4.140000000000000e-1	2.365000000000000e+14	6.628200000000000e+13	6.628200000000000e+13	2.583700000000000e+13	3.797000000000000e+11	3.834600000000000e+9	3.834200000000000e+7	3.835800000000000e+5	3.835800000000000e+3
4.266000000000000e-1	2.525000000000000e+14	7.057800000000000e+13	7.057800000000000e+13	2.612900000000000e+13	3.765100000000000e+11	3.800300000000000e+9	3.799800000000000e+7	3.801400000000000e+5	3.801400000000000e+3
4.395000000000000e-1	2.694000000000000e+14	7.510100000000000e+13	7.510100000000000e+13	2.639700000000000e+13	3.733900000000000e+11	3.766800000000000e+9	3.766300000000000e+7	3.767800000000000e+5	3.767800000000000e+3
4.529000000000000e-1	2.872000000000000e+14	7.982700000000000e+13	7.982700000000000e+13	2.658800000000000e+13	3.694000000000000e+11	3.724600000000000e+9	3.724100000000000e+7	3.725600000000000e+5	3.725600000000000e+3
4.666000000000000e-1	3.058000000000000e+14	8.477200000000000e+13	8.477200000000000e+13	2.672700000000000e+13	3.650100000000000e+11	3.678500000000000e+9	3.678000000000000e+7	3.679500000000000e+5	3.679500000000000e+3
4.808000000000000e-1	3.254000000000000e+14	8.993600000000000e+13	8.993600000000000e+13	2.681200000000000e+13	3.602200000000000e+11	3.628600000000000e+9	3.628000000000000e+7	3.629500000000000e+5	3.629500000000000e+3
4.954000000000000e-1	3.458000000000000e+14	9.531900000000000e+13	9.531900000000000e+13	2.684200000000000e+13	3.550400000000000e+11	3.574800000000000e+9	3.574200000000000e+7	3.575700000000000e+5	3.575700000000000e+3
5.104000000000000e-1	3.672000000000000e+14	1.009200000000000e+14	1.009200000000000e+14	2.681800000000000e+13	3.494700000000000e+11	3.517400000000000e+9	3.516700000000000e+7	3.518200000000000e+5	3.518200000000000e+3
5.259000000000000e-1	3.895000000000000e+14	1.067300000000000e+14	1.067300000000000e+14	2.673900000000000e+13	3.435300000000000e+11	3.456200000000000e+9	3.455600000000000e+7	3.457000000000000e+5	3.457000000000000e+3
5.419000000000001e-1	4.126000000000000e+14	1.127600000000000e+14	1.127600000000000e+14	2.660600000000000e+13	3.372300000000000e+11	3.391600000000000e+9	3.390900000000000e+7	3.392300000000000e+5	3.392300000000000e+3
5.507999999999999e-1	4.257000000000000e+14	1.161300000000000e+14	1.161300000000000e+14	2.650800000000000e+13	3.335900000000000e+11	3.354400000000000e+9	3.353800000000000e+7	3.355100000000000e+5	3.355100000000000e+3
5.525000000000000e-1	4.281000000000000e+14	1.167600000000000e+14	1.167600000000000e+14	2.648900000000000e+13	3.329200000000000e+11	3.347500000000000e+9	3.346900000000000e+7	3.348300000000000e+5	3.348300000000000e+3
5.541000000000000e-1	4.305000000000000e+14	1.173900000000000e+14	1.173900000000000e+14	2.646900000000000e+13	3.322500000000000e+11	3.340600000000000e+9	3.340000000000000e+7	3.341400000000000e+5	3.341400000000000e+3
5.558000000000000e-1	4.329000000000000e+14	1.180200000000000e+14	1.180200000000000e+14	2.644900000000000e+13	3.315700000000000e+11	3.333700000000000e+9	3.333100000000000e+7	3.334400000000000e+5	3.334400000000000e+3
5.575000000000000e-1	4.354000000000000e+14	1.186500000000000e+14	1.186500000000000e+14	2.642800000000000e+13	3.308900000000000e+11	3.326800000000000e+9	3.326100000000000e+7	3.327500000000000e+5	3.327500000000000e+3
5.591000000000001e-1	4.378000000000000e+14	1.192800000000000e+14	1.192800000000000e+14	2.640600000000000e+13	3.302100000000000e+11	3.319800000000000e+9	3.319100000000000e+7	3.320500000000000e+5	3.320500000000000e+3
5.608000000000000e-1	4.403000000000000e+14	1.199200000000000e+14	1.199200000000000e+14	2.638400000000000e+13	3.295200000000000e+11	3.312700000000000e+9	3.312100000000000e+7	3.313400000000000e+5	3.313400000000000e+3
5.625000000000000e-1	4.427000000000000e+14	1.205600000000000e+14	1.205600000000000e+14	2.636200000000000e+13	3.288300000000000e+11	3.305700000000000e+9	3.305000000000000e+7	3.306400000000000e+5	3.306400000000000e+3
5.642000000000000e-1	4.452000000000000e+14	1.212000000000000e+14	1.212000000000000e+14	2.633900000000000e+13	3.281300000000000e+11	3.298600000000000e+9	3.297900000000000e+7	3.299300000000000e+5	3.299300000000000e+3
5.658999999999999e-1	4.477000000000000e+14	1.218400000000000e+14	1.218400000000000e+14	2.631500000000000e+13	3.274300000000000e+11	3.291500000000000e+9	3.290800000000000e+7	3.292100000000000e+5	3.292100000000000e+3
5.676000000000000e-1	4.502000000000000e+14	1.224800000000000e+14	1.224800000000000e+14	2.629100000000000e+13	3.267300000000000e+11	3.284300000000000e+9	3.283700000000000e+7	3.285000000000000e+5	3.285000000000000e+3
5.693000000000000e-1	4.527000000000000e+14	1.231300000000000e+14	1.231300000000000e+14	2.626700000000000e+13	3.260300000000000e+11	3.277100000000000e+9	3.276500000000000e+7	3.277800000000000e+5	3.277800000000000e+3
5.709999999999999e-1	4.552000000000000e+14	1.237700000000000e+14	1.237700000000000e+14	2.624100000000000e+13	3.253200000000000e+11	3.269900000000000e+9	3.269200000000000e+7	3.270600000000000e+5	3.270600000000000e+3
5.727000000000000e-1	4.577000000000000e+14	1.244200000000000e+14	1.244200000000000e+14	2.621600000000000e+13	3.246100000000000e+11	3.262600000000000e+9	3.262000000000000e+7	3.263300000000000e+5	3.263300000000000e+3
5.744000000000000e-1	4.602000000000000e+14	1.250700000000000e+14	1.250700000000000e+14	2.619000000000000e+13	3.238900000000000e+11	3.255300000000000e+9	3.254700000000000e+7	3.256000000000000e+5	3.256000000000000e+3
5.762000000000001e-1	4.628000000000000e+14	1.257300000000000e+14	1.257300000000000e+14	2.616300000000000e+13	3.231700000000000e+11	3.248000000000000e+9	3.247400000000000e+7	3.248700000000000e+5	3.248700000000000e+3
5.779000000000000e-1	4.653000000000000e+14	1.263800000000000e+14	1.263800000000000e+14	2.613600000000000e+13	3.224500000000000e+11	3.240700000000000e+9	3.240000000000000e+7	3.241300000000000e+5	3.241300000000000e+3
5.796000000000000e-1	4.679000000000000e+14	1.270400000000000e+14	1.270400000000000e+14	2.610800000000000e+13	3.217300000000000e+11	3.233300000000000e+9	3.232600000000000e+7	3.233900000000000e+5	3.233900000000000e+3
5.814000000000000e-1	4.704000000000000e+14	1.276900000000000e+14	1.276900000000000e+14	2.607900000000000e+13	3.210000000000000e+11	3.225900000000000e+9	3.225200000000000e+7	3.226500000000000e+5	3.226500000000000e+3
5.830999999999999e-1	4.730000000000000e+14	1.283500000000000e+14	1.283500000000000e+14	2.605100000000000e+13	3.202700000000000e+11	3.218400000000000e+9	3.217800000000000e+7	3.219100000000000e+5	3.219100000000000e+3
5.849000000000000e-1	4.756000000000000e+14	1.290200000000000e+14	1.290200000000000e+14	2.602100000000000e+13	3.195300000000000e+11	3.210900000000000e+9	3.210300000000000e+7	3.211600000000000e+5	3.211600000000000e+3
5.866000000000000e-1	4.781000000000000e+14	1.296800000000000e+14	1.296800000000000e+14	2.599100000000000e+13	3.188000000000000e+11	3.203400000000000e+9	3.202800000000000e+7	3.204100000000000e+5	3.204100000000000e+3
5.884000000000000e-1	4.807000000000000e+14	1.303500000000000e+14	1.303500000000000e+14	2.596100000000000e+13	3.180500000000000e+11	3.195900000000000e+9	3.195200000000000e+7	3.196500000000000e+5	3.196500000000000e+3
5.900999999999999e-1	4.833000000000000e+14	1.310100000000000e+14	1.310100000000000e+14	2.593000000000000e+13	3.173100000000000e+11	3.188300000000000e+9	3.187700000000000e+7	3.189000000000000e+5	3.189000000000000e+3
5.919000000000000e-1	4.859000000000000e+14	1.316800000000000e+14	1.316800000000000e+14	2.589900000000000e+13	3.165600000000000e+11	3.180700000000000e+9	3.180100000000000e+7	3.181400000000000e+5	3.181400000000000e+3
5.937000000000000e-1	4.885000000000000e+14	1.323500000000000e+14	1.323500000000000e+14	2.586700000000000e+13	3.158100000000000e+11	3.173100000000000e+9	3.172400000000000e+7	3.173700000000000e+5	3.173700000000000e+3
5.955000000000000e-1	4.912000000000000e+14	1.330200000000000e+14	1.330200000000000e+14	2.583400000000000e+13	3.150600000000000e+11	3.165400000000000e+9	3.164800000000000e+7	3.166100000000000e+5	3.166100000000000e+3
5.973000000000001e-1	4.938000000000000e+14	1.337000000000000e+14	1.337000000000000e+14	2.580200000000000e+13	3.143000000000000e+11	3.157700000000000e+9	3.157100000000000e+7	3.158400000000000e+5	3.158400000000000e+3
5.991000000000000e-1	4.964000000000000e+14	1.343500000000000e+14	1.343500000000000e+14	2.576700000000000e+13	3.135400000000000e+11	3.150000000000000e+9	3.149400000000000e+7	3.150600000000000e+5	3.150600000000000e+3
6.009000000000000e-1	4.991000000000000e+14	1.350200000000000e+14	1.350200000000000e+14	2.573300000000000e+13	3.127800000000000e+11	3.142200000000000e+9	3.141600000000000e+7	3.142900000000000e+5	3.142900000000000e+3
6.027000000000000e-1	5.017000000000000e+14	1.357000000000000e+14	1.357000000000000e+14	2.569900000000000e+13	3.120100000000000e+11	3.134500000000000e+9	3.133800000000000e+7	3.135100000000000e+5	3.135100000000000e+3
6.045000000000000e-1	5.044000000000000e+14	1.363800000000000e+14	1.363800000000000e+14	2.566400000000000e+13	3.112500000000000e+11	3.126700000000000e+9	3.126000000000000e+7	3.127300000000000e+5	3.127300000000000e+3
6.062999999999999e-1	5.070000000000000e+14	1.370600000000000e+14	1.370600000000000e+14	2.562900000000000e+13	3.104700000000000e+11	3.118800000000000e+9	3.118200000000000e+7	3.119400000000000e+5	3.119400000000000e+3
6.081000000000000e-1	5.097000000000000e+14	1.377500000000000e+14	1.377500000000000e+14	2.559300000000000e+13	3.097000000000000e+11	3.110900000000000e+9	3.110300000000000e+7	3.111600000000000e+5	3.111600000000000e+3
6.099000000000000e-1	5.124000000000000e+14	1.384300000000000e+14	1.384300000000000e+14	2.555600000000000e+13	3.089200000000000e+11	3.103000000000000e+9	3.102400000000000e+7	3.103600000000000e+5	3.103600000000000e+3
6.118000000000000e-1	5.151000000000000e+14	1.391200000000000e+14	1.391200000000000e+14	2.551900000000000e+13	3.081400000000000e+11	3.095100000000000e+9	3.094500000000000e+7	3.095700000000000e+5	3.095700000000000e+3
6.136000000000000e-1	5.177000000000000e+14	1.398100000000000e+14	1.398000000000000e+14	2.548200000000000e+13	3.073600000000000e+11	3.087100000000000e+9	3.086500000000000e+7	3.087800000000000e+5	3.087800000000000e+3
6.153999999999999e-1	5.204000000000000e+14	1.404900000000000e+14	1.404900000000000e+14	2.544400000000000e+13	3.065700000000000e+11	3.079200000000000e+9	3.078500000000000e+7	3.079800000000000e+5	3.079800000000000e+3
6.172999999999999e-1	5.231000000000000e+14	1.411800000000000e+14	1.411800000000000e+14	2.540500000000000e+13	3.057800000000000e+11	3.071100000000000e+9	3.070500000000000e+7	3.071700000000000e+5	3.071700000000000e+3
6.191000000000000e-1	5.259000000000000e+14	1.418800000000000e+14	1.418800000000000e+14	2.536600000000000e+13	3.049900000000000e+11	3.063100000000000e+9	3.062500000000000e+7	3.063700000000000e+5	3.063700000000000e+3
6.210000000000000e-1	5.286000000000000e+14	1.425700000000000e+14	1.425700000000000e+14	2.532700000000000e+13	3.041900000000000e+11	3.055000000000000e+9	3.054400000000000e+7	3.055600000000000e+5	3.055600000000000e+3
6.229000000000000e-1	5.313000000000000e+14	1.432600000000000e+14	1.432600000000000e+14	2.528700000000000e+13	3.033900000000000e+11	3.046900000000000e+9	3.046300000000000e+7	3.047500000000000e+5	3.047500000000000e+3
6.247000000000000e-1	5.340000000000000e+14	1.439600000000000e+14	1.439600000000000e+14	2.524700000000000e+13	3.025900000000000e+11	3.038800000000000e+9	3.038200000000000e+7	3.039400000000000e+5	3.039400000000000e+3
6.266000000000001e-1	5.368000000000000e+14	1.446600000000000e+14	1.446600000000000e+14	2.520600000000000e+13	3.017900000000000e+11	3.030600000000000e+9	3.030000000000000e+7	3.031200000000000e+5	3.031200000000000e+3
6.284999999999999e-1	5.395000000000000e+14	1.453600000000000e+14	1.453600000000000e+14	2.516400000000000e+13	3.009800000000000e+11	3.022500000000000e+9	3.021800000000000e+7	3.023000000000000e+5	3.023000000000000e+3
6.304000000000000e-1	5.423000000000000e+14	1.460600000000000e+14	1.460600000000000e+14	2.512200000000000e+13	3.001700000000000e+11	3.014300000000000e+9	3.013600000000000e+7	3.014800000000000e+5	3.014800000000000e+3
6.323000000000000e-1	5.450000000000000e+14	1.467600000000000e+14	1.467600000000000e+14	2.508000000000000e+13	2.993600000000000e+11	3.006000000000000e+9	3.005400000000000e+7	3.006600000000000e+5	3.006600000000000e+3
6.342000000000000e-1	5.478000000000000e+14	1.474600000000000e+14	1.474600000000000e+14	2.503700000000000e+13	2.985400000000000e+11	2.997800000000000e+9	2.997100000000000e+7	2.998300000000000e+5	2.998300000000000e+3
6.361000000000000e-1	5.506000000000000e+14	1.481700000000000e+14	1.481700000000000e+14	2.499400000000000e+13	2.977300000000000e+11	2.989500000000000e+9	2.988800000000000e+7	2.990000000000000e+5	2.990000000000000e+3
6.380000000000000e-1	5.533000000000000e+14	1.488700000000000e+14	1.488700000000000e+14	2.495000000000000e+13	2.969100000000000e+11	2.981200000000000e+9	2.980500000000000e+7	2.981700000000000e+5	2.981700000000000e+3
6.399000000000000e-1	5.561000000000000e+14	1.495800000000000e+14	1.495800000000000e+14	2.490600000000000e+13	2.960800000000000e+11	2.972800000000000e+9	2.972200000000000e+7	2.973400000000000e+5	2.973400000000000e+3
6.418000000000000e-1	5.589000000000000e+14	1.502900000000000e+14	1.502800000000000e+14	2.486100000000000e+13	2.952600000000000e+11	2.964400000000000e+9	2.963800000000000e+7	2.965000000000000e+5	2.965000000000000e+3
6.437000000000001e-1	5.617000000000000e+14	1.509900000000000e+14	1.509900000000000e+14	2.481600000000000e+13	2.944300000000000e+11	2.956100000000000e+9	2.955400000000000e+7	2.956600000000000e+5	2.956600000000000e+3
6.457000000000001e-1	5.645000000000000e+14	1.517000000000000e+14	1.517000000000000e+14	2.477100000000000e+13	2.936000000000000e+11	2.947600000000000e+9	2.947000000000000e+7	2.948200000000000e+5	2.948200000000000e+3
6.475999999999999e-1	5.673000000000000e+14	1.524200000000000e+14	1.524100000000000e+14	2.472500000000000e+13	2.927600000000000e+11	2.939200000000000e+9	2.938500000000000e+7	2.939700000000000e+5	2.939700000000000e+3
6.495999999999999e-1	5.701000000000000e+14	1.531300000000000e+14	1.531300000000000e+14	2.467800000000000e+13	2.919300000000000e+11	2.930700000000000e+9	2.930100000000000e+7	2.931300000000000e+5	2.931300000000000e+3
6.515000000000000e-1	5.729000000000000e+14	1.538400000000000e+14	1.538400000000000e+14	2.463100000000000e+13	2.910900000000000e+11	2.922200000000000e+9	2.921600000000000e+7	2.922800000000000e+5	2.922800000000000e+3
6.535000000000000e-1	5.758000000000000e+14	1.545600000000000e+14	1.545500000000000e+14	2.458400000000000e+13	2.902500000000000e+11	2.913700000000000e+9	2.913100000000000e+7	2.914300000000000e+5	2.914300000000000e+3
6.554000000000000e-1	5.786000000000000e+14	1.552700000000000e+14	1.552700000000000e+14	2.453600000000000e+13	2.894000000000000e+11	2.905200000000000e+9	2.904500000000000e+7	2.905700000000000e+5	2.905700000000000e+3
6.574000000000000e-1	5.814000000000000e+14	1.559900000000000e+14	1.559800000000000e+14	2.448800000000000e+13	2.885600000000000e+11	2.896600000000000e+9	2.896000000000000e+7	2.897100000000000e+5	2.897100000000000e+3
6.594000000000000e-1	5.842000000000000e+14	1.567000000000000e+14	1.567000000000000e+14	2.443900000000000e+13	2.877100000000000e+11	2.888000000000000e+9	2.887400000000000e+7	2.888500000000000e+5	2.888500000000000e+3
6.613000000000000e-1	5.871000000000000e+14	1.574200000000000e+14	1.574200000000000e+14	2.439000000000000e+13	2.868600000000000e+11	2.879400000000000e+9	2.878800000000000e+7	2.879900000000000e+5	2.879900000000000e+3
6.633000000000000e-1	5.899000000000000e+14	1.581400000000000e+14	1.581400000000000e+14	2.434000000000000e+13	2.860000000000000e+11	2.870800000000000e+9	2.870100000000000e+7	2.871300000000000e+5	2.871300000000000e+3
6.653000000000000e-1	5.928000000000000e+14	1.588600000000000e+14	1.588600000000000e+14	2.429000000000000e+13	2.851500000000000e+11	2.862100000000000e+9	2.861500000000000e+7	2.862600000000000e+5	2.862600000000000e+3
6.673000000000000e-1	5.956000000000000e+14	1.595800000000000e+14	1.595800000000000e+14	2.423900000000000e+13	2.842900000000000e+11	2.853400000000000e+9	2.852800000000000e+7	2.854000000000000e+5	2.854000000000000e+3
6.693000000000000e-1	5.985000000000000e+14	1.603100000000000e+14	1.603000000000000e+14	2.418800000000000e+13	2.834300000000000e+11	2.844700000000000e+9	2.844100000000000e+7	2.845200000000000e+5	2.845200000000000e+3
6.713000000000000e-1	6.014000000000000e+14	1.610300000000000e+14	1.610200000000000e+14	2.413700000000000e+13	2.825700000000000e+11	2.836000000000000e+9	2.835400000000000e+7	2.836500000000000e+5	2.836500000000000e+3
6.733000000000000e-1	6.042000000000000e+14	1.617500000000000e+14	1.617500000000000e+14	2.408500000000000e+13	2.817000000000000e+11	2.827300000000000e+9	2.826600000000000e+7	2.827800000000000e+5	2.827800000000000e+3
6.754000000000000e-1	6.071000000000000e+14	1.624800000000000e+14	1.624700000000000e+14	2.403300000000000e+13	2.808300000000000e+11	2.818500000000000e+9	2.817900000000000e+7	2.819000000000000e+5	2.819000000000000e+3
6.774000000000000e-1	6.100000000000000e+14	1.632000000000000e+14	1.632000000000000e+14	2.398000000000000e+13	2.799600000000000e+11	2.809700000000000e+9	2.809100000000000e+7	2.810200000000000e+5	2.810200000000000e+3
6.794000000000000e-1	6.129000000000000e+14	1.639300000000000e+14	1.639200000000000e+14	2.392700000000000e+13	2.790900000000000e+11	2.800900000000000e+9	2.800300000000000e+7	2.801400000000000e+5	2.801400000000000e+3
6.815000000000000e-1	6.158000000000000e+14	1.646500000000000e+14	1.646500000000000e+14	2.387400000000000e+13	2.782200000000000e+11	2.792100000000000e+9	2.791400000000000e+7	2.792600000000000e+5	2.792600000000000e+3
6.835000000000000e-1	6.187000000000000e+14	1.653800000000000e+14	1.653700000000000e+14	2.382000000000000e+13	2.773400000000000e+11	2.783200000000000e+9	2.782600000000000e+7	2.783700000000000e+5	2.783700000000000e+3
6.856000000000000e-1	6.215000000000000e+14	1.661100000000000e+14	1.661000000000000e+14	2.376600000000000e+13	2.764600000000000e+11	2.774300000000000e+9	2.773700000000000e+7	2.774800000000000e+5	2.774800000000000e+3
6.876000000000000e-1	6.244000000000000e+14	1.668400000000000e+14	1.668300000000000e+14	2.371100000000000e+13	2.755800000000000e+11	2.765400000000000e+9	2.764800000000000e+7	2.765900000000000e+5	2.765900000000000e+3
6.897000000000000e-1	6.273000000000000e+14	1.675700000000000e+14	1.675600000000000e+14	2.365600000000000e+13	2.747000000000000e+11	2.756500000000000e+9	2.755900000000000e+7	2.757000000000000e+5	2.757000000000000e+3
6.918000000000000e-1	6.302000000000000e+14	1.682900000000000e+14	1.682900000000000e+14	2.360000000000000e+13	2.738200000000000e+11	2.747600000000000e+9	2.747000000000000e+7	2.748100000000000e+5	2.748100000000000e+3
6.938000000000000e-1	6.332000000000000e+14	1.690200000000000e+14	1.690200000000000e+14	2.354500000000000e+13	2.729300000000000e+11	2.738600000000000e+9	2.738000000000000e+7	2.739100000000000e+5	2.739100000000000e+3
6.959000000000000e-1	6.361000000000000e+14	1.697600000000000e+14	1.697500000000000e+14	2.348800000000000e+13	2.720400000000000e+11	2.729700000000000e+9	2.729000000000000e+7	2.730100000000000e+5	2.730100000000000e+3
6.979999999999999e-1	6.390000000000000e+14	1.704900000000000e+14	1.704800000000000e+14	2.343200000000000e+13	2.711500000000000e+11	2.720700000000000e+9	2.720100000000000e+7	2.721200000000000e+5	2.721200000000000e+3
7.000999999999999e-1	6.419000000000000e+14	1.712200000000000e+14	1.712100000000000e+14	2.337500000000000e+13	2.702600000000000e+11	2.711700000000000e+9	2.711100000000000e+7	2.712100000000000e+5	2.712100000000000e+3
7.022000000000001e-1	6.448000000000000e+14	1.719500000000000e+14	1.719400000000000e+14	2.331700000000000e+13	2.693700000000000e+11	2.702700000000000e+9	2.702000000000000e+7	2.703100000000000e+5	2.703100000000000e+3
7.043000000000000e-1	6.477000000000000e+14	1.726800000000000e+14	1.726700000000000e+14	2.325900000000000e+13	2.684700000000000e+11	2.693600000000000e+9	2.693000000000000e+7	2.694100000000000e+5	2.694100000000000e+3
7.064000000000000e-1	6.507000000000000e+14	1.734100000000000e+14	1.734000000000000e+14	2.320100000000000e+13	2.675700000000000e+11	2.684600000000000e+9	2.683900000000000e+7	2.685000000000000e+5	2.685000000000000e+3
7.085000000000000e-1	6.536000000000000e+14	1.741500000000000e+14	1.741300000000000e+14	2.314300000000000e+13	2.666800000000000e+11	2.675500000000000e+9	2.674900000000000e+7	2.675900000000000e+5	2.675900000000000e+3
7.107000000000000e-1	6.565000000000000e+14	1.748800000000000e+14	1.748600000000000e+14	2.308400000000000e+13	2.657700000000000e+11	2.666400000000000e+9	2.665800000000000e+7	2.666900000000000e+5	2.666900000000000e+3
7.128000000000000e-1	6.595000000000000e+14	1.756100000000000e+14	1.756000000000000e+14	2.302400000000000e+13	2.648700000000000e+11	2.657300000000000e+9	2.656700000000000e+7	2.657700000000000e+5	2.657700000000000e+3
7.149000000000000e-1	6.624000000000000e+14	1.763500000000000e+14	1.763300000000000e+14	2.296500000000000e+13	2.639700000000000e+11	2.648200000000000e+9	2.647600000000000e+7	2.648600000000000e+5	2.648600000000000e+3
7.170999999999999e-1	6.653000000000000e+14	1.770800000000000e+14	1.770600000000000e+14	2.290500000000000e+13	2.630700000000000e+11	2.639100000000000e+9	2.638400000000000e+7	2.639500000000000e+5	2.639500000000000e+3
7.191999999999999e-1	6.683000000000000e+14	1.778200000000000e+14	1.778000000000000e+14	2.284500000000000e+13	2.621600000000000e+11	2.629900000000000e+9	2.629300000000000e+7	2.630400000000000e+5	2.630400000000000e+3
7.214000000000000e-1	6.712000000000000e+14	1.785500000000000e+14	1.785300000000000e+14	2.278400000000000e+13	2.612500000000000e+11	2.620800000000000e+9	2.620200000000000e+7	2.621200000000000e+5	2.621200000000000e+3
7.236000000000000e-1	6.742000000000000e+14	1.792900000000000e+14	1.792600000000000e+14	2.272400000000000e+13	2.603500000000000e+11	2.611600000000000e+9	2.611000000000000e+7	2.612100000000000e+5	2.612100000000000e+3
7.257000000000000e-1	6.771000000000000e+14	1.800300000000000e+14	1.800000000000000e+14	2.266300000000000e+13	2.594400000000000e+11	2.602500000000000e+9	2.601900000000000e+7	2.602900000000000e+5	2.602900000000000e+3
7.279000000000000e-1	6.800000000000000e+14	1.807600000000000e+14	1.807400000000000e+14	2.260200000000000e+13	2.585300000000000e+11	2.593300000000000e+9	2.592700000000000e+7	2.593800000000000e+5	2.593800000000000e+3
7.301000000000000e-1	6.830000000000000e+14	1.815000000000000e+14	1.814700000000000e+14	2.254000000000000e+13	2.576300000000000e+11	2.584200000000000e+9	2.583600000000000e+7	2.584700000000000e+5	2.584700000000000e+3
7.323000000000000e-1	6.859000000000000e+14	1.822400000000000e+14	1.822100000000000e+14	2.247900000000000e+13	2.567300000000000e+11	2.575200000000000e+9	2.574600000000000e+7	2.575600000000000e+5	2.575600000000000e+3
7.345000000000000e-1	6.889000000000000e+14	1.829900000000000e+14	1.829600000000000e+14	2.241900000000000e+13	2.558400000000000e+11	2.566200000000000e+9	2.565600000000000e+7	2.566600000000000e+5	2.566600000000000e+3
7.367000000000000e-1	6.918000000000000e+14	1.837400000000000e+14	1.837100000000000e+14	2.235900000000000e+13	2.549600000000000e+11	2.557300000000000e+9	2.556700000000000e+7	2.557700000000000e+5	2.557700000000000e+3
7.389000000000000e-1	6.948000000000000e+14	1.845100000000000e+14	1.844700000000000e+14	2.230200000000000e+13	2.541100000000000e+11	2.548700000000000e+9	2.548100000000000e+7	2.549200000000000e+5	2.549200000000000e+3
7.411000000000000e-1	6.977000000000000e+14	1.853000000000000e+14	1.852600000000000e+14	2.225000000000000e+13	2.533300000000000e+11	2.540800000000000e+9	2.540200000000000e+7	2.541200000000000e+5	2.541200000000000e+3
7.434000000000000e-1	7.007000000000000e+14	1.861700000000000e+14	1.861300000000000e+14	2.221200000000000e+13	2.527200000000000e+11	2.534700000000000e+9	2.534100000000000e+7	2.535100000000000e+5	2.535100000000000e+3
7.456000000000000e-1	7.036000000000000e+14	1.873400000000000e+14	1.873000000000000e+14	2.223200000000000e+13	2.527800000000000e+11	2.535200000000000e+9	2.534600000000000e+7	2.535700000000000e+5	2.535700000000000e+3
7.478000000000000e-1	7.066000000000000e+14	1.911400000000000e+14	1.910900000000000e+14	2.276100000000000e+13	2.588400000000000e+11	2.596000000000000e+9	2.595400000000000e+7	2.596400000000000e+5	2.596400000000000e+3
7.501000000000000e-1	7.095000000000000e+14	1.997500000000000e+14	1.996900000000000e+14	2.426400000000000e+13	2.764100000000000e+11	2.772200000000000e+9	2.771600000000000e+7	2.772600000000000e+5	2.772600000000000e+3
7.523000000000000e-1	7.125000000000000e+14	1.904400000000000e+14	1.903900000000000e+14	2.220500000000000e+13	2.519700000000000e+11	2.527000000000000e+9	2.526400000000000e+7	2.527400000000000e+5	2.527400000000000e+3
7.546000000000000e-1	7.154000000000000e+14	1.900300000000000e+14	1.899700000000000e+14	2.192100000000000e+13	2.484800000000000e+11	2.491900000000000e+9	2.491300000000000e+7	2.492300000000000e+5	2.492300000000000e+3
7.568000000000000e-1	7.184000000000000e+14	1.905000000000000e+14	1.904300000000000e+14	2.180600000000000e+13	2.469600000000000e+11	2.476700000000000e+9	2.476100000000000e+7	2.477100000000000e+5	2.477100000000000e+3
7.591000000000000e-1	7.213000000000000e+14	1.911300000000000e+14	1.910600000000000e+14	2.172100000000000e+13	2.458100000000000e+11	2.465100000000000e+9	2.464500000000000e+7	2.465500000000000e+5	2.465500000000000e+3
7.614000000000000e-1	7.243000000000000e+14	1.918100000000000e+14	1.917400000000000e+14	2.164500000000000e+13	2.447700000000000e+11	2.454600000000000e+9	2.454000000000000e+7	2.455000000000000e+5	2.455000000000000e+3
7.637000000000000e-1	7.272000000000000e+14	1.925100000000000e+14	1.924300000000000e+14	2.157300000000000e+13	2.437700000000000e+11	2.444600000000000e+9	2.444000000000000e+7	2.445000000000000e+5	2.445000000000000e+3
7.660000000000000e-1	7.302000000000000e+14	1.932200000000000e+14	1.931400000000000e+14	2.150200000000000e+13	2.428000000000000e+11	2.434700000000000e+9	2.434200000000000e+7	2.435100000000000e+5	2.435100000000000e+3
7.683000000000000e-1	7.331000000000000e+14	1.939300000000000e+14	1.938500000000000e+14	2.143300000000000e+13	2.418300000000000e+11	2.425000000000000e+9	2.424500000000000e+7	2.425400000000000e+5	2.425400000000000e+3
7.706000000000000e-1	7.360000000000000e+14	1.946500000000000e+14	1.945600000000000e+14	2.136300000000000e+13	2.408800000000000e+11	2.415400000000000e+9	2.414800000000000e+7	2.415800000000000e+5	2.415800000000000e+3
7.729000000000000e-1	7.390000000000000e+14	1.953700000000000e+14	1.952800000000000e+14	2.129400000000000e+13	2.399200000000000e+11	2.405800000000000e+9	2.405200000000000e+7	2.406200000000000e+5	2.406200000000000e+3
7.752000000000000e-1	7.419000000000000e+14	1.960900000000000e+14	1.959900000000000e+14	2.122400000000000e+13	2.389700000000000e+11	2.396200000000000e+9	2.395600000000000e+7	2.396600000000000e+5	2.396600000000000e+3
7.775000000000000e-1	7.449000000000000e+14	1.968100000000000e+14	1.967100000000000e+14	2.115500000000000e+13	2.380200000000000e+11	2.386600000000000e+9	2.386100000000000e+7	2.387000000000000e+5	2.387000000000000e+3
7.799000000000000e-1	7.478000000000000e+14	1.975300000000000e+14	1.974200000000000e+14	2.108500000000000e+13	2.370700000000000e+11	2.377100000000000e+9	2.376500000000000e+7	2.377400000000000e+5	2.377400000000000e+3
7.822000000000000e-1	7.507000000000000e+14	1.982500000000000e+14	1.981300000000000e+14	2.101600000000000e+13	2.361200000000000e+11	2.367500000000000e+9	2.366900000000000e+7	2.367900000000000e+5	2.367900000000000e+3
7.846000000000000e-1	7.536000000000000e+14	1.989700000000000e+14	1.988500000000000e+14	2.094600000000000e+13	2.351700000000000e+11	2.357900000000000e+9	2.357400000000000e+7	2.358300000000000e+5	2.358300000000000e+3
7.869000000000000e-1	7.566000000000000e+14	1.996900000000000e+14	1.995600000000000e+14	2.087600000000000e+13	2.342200000000000e+11	2.348400000000000e+9	2.347800000000000e+7	2.348700000000000e+5	2.348700000000000e+3
7.893000000000000e-1	7.595000000000000e+14	2.004000000000000e+14	2.002700000000000e+14	2.080500000000000e+13	2.332700000000000e+11	2.338800000000000e+9	2.338200000000000e+7	2.339200000000000e+5	2.339200000000000e+3
7.917000000000000e-1	7.624000000000000e+14	2.011200000000000e+14	2.009800000000000e+14	2.073500000000000e+13	2.323200000000000e+11	2.329200000000000e+9	2.328700000000000e+7	2.329600000000000e+5	2.329600000000000e+3
7.940000000000000e-1	7.653000000000000e+14	2.018400000000000e+14	2.016800000000000e+14	2.066400000000000e+13	2.313700000000000e+11	2.319600000000000e+9	2.319100000000000e+7	2.320000000000000e+5	2.320000000000000e+3
7.964000000000000e-1	7.682000000000000e+14	2.025500000000000e+14	2.023900000000000e+14	2.059300000000000e+13	2.304100000000000e+11	2.310100000000000e+9	2.309500000000000e+7	2.310400000000000e+5	2.310400000000000e+3
7.988000000000000e-1	7.711000000000000e+14	2.032600000000000e+14	2.030900000000000e+14	2.052100000000000e+13	2.294600000000000e+11	2.300500000000000e+9	2.299900000000000e+7	2.300800000000000e+5	2.300800000000000e+3
8.120000000000000e-1	7.870000000000000e+14	2.071600000000000e+14	2.069400000000000e+14	2.012800000000000e+13	2.242500000000000e+11	2.248100000000000e+9	2.247500000000000e+7	2.248400000000000e+5	2.248400000000000e+3
8.366000000000000e-1	8.154000000000000e+14	2.140000000000000e+14	2.136400000000000e+14	1.939500000000000e+13	2.147300000000000e+11	2.152300000000000e+9	2.151700000000000e+7	2.152600000000000e+5	2.152600000000000e+3
8.619000000000000e-1	8.431000000000000e+14	2.207200000000000e+14	2.201400000000000e+14	1.864400000000000e+13	2.051800000000000e+11	2.056300000000000e+9	2.055800000000000e+7	2.056600000000000e+5	2.056600000000000e+3
8.880000000000000e-1	8.700000000000000e+14	2.271500000000000e+14	2.262700000000000e+14	1.787700000000000e+13	1.956400000000000e+11	1.960400000000000e+9	1.959900000000000e+7	1.960700000000000e+5	1.960700000000000e+3
9.148000000000000e-1	8.957000000000000e+14	2.332900000000000e+14	2.319900000000000e+14	1.709800000000000e+13	1.861200000000000e+11	1.864800000000000e+9	1.864300000000000e+7	1.865100000000000e+5	1.865100000000000e+3
9.425000000000000e-1	9.201000000000000e+14	2.390700000000000e+14	2.372000000000000e+14	1.631100000000000e+13	1.766600000000000e+11	1.769800000000000e+9	1.769300000000000e+7	1.770000000000000e+5	1.770000000000000e+3
9.782000000000000e-1	9.485000000000000e+14	2.457300000000000e+14	2.428600000000000e+14	1.532100000000000e+13	1.649700000000000e+11	1.652500000000000e+9	1.652000000000000e+7	1.652700000000000e+5	1.652700000000000e+3
1.008000000000000e+0	9.689000000000000e+14	2.446000000000000e+14	2.446000000000000e+14	1.910000000000000e+14	4.758800000000000e+12	4.892700000000000e+10	4.893800000000000e+8	4.895900000000000e+6	4.895900000000000e+4
1.031000000000000e+0	9.832000000000000e+14	2.436700000000000e+14	2.436700000000000e+14	1.861200000000000e+14	4.484900000000000e+12	4.605200000000000e+10	4.606100000000000e+8	4.608100000000000e+6	4.608100000000000e+4
1.062000000000000e+0	1.000000000000000e+15	2.477100000000000e+14	2.477200000000000e+14	1.834300000000000e+14	4.235000000000000e+12	4.341600000000000e+10	4.342400000000000e+8	4.344200000000000e+6	4.344200000000000e+4
1.094000000000000e+0	1.014000000000000e+15	2.511300000000000e+14	2.511400000000000e+14	1.799200000000000e+14	3.985700000000000e+12	4.079900000000000e+10	4.080500000000000e+8	4.082200000000000e+6	4.082200000000000e+4
1.127000000000000e+0	1.026000000000000e+15	2.538800000000000e+14	2.538800000000000e+14	1.756200000000000e+14	3.738300000000000e+12	3.821100000000000e+10	3.821600000000000e+8	3.823200000000000e+6	3.823200000000000e+4
1.161000000000000e+0	1.035000000000000e+15	2.558900000000000e+14	2.558900000000000e+14	1.705800000000000e+14	3.494000000000000e+12	3.566600000000000e+10	3.567000000000000e+8	3.568500000000000e+6	3.568500000000000e+4
1.196000000000000e+0	1.041000000000000e+15	2.570600000000000e+14	2.570700000000000e+14	1.648200000000000e+14	3.254000000000000e+12	3.317500000000000e+10	3.317700000000000e+8	3.319100000000000e+6	3.319100000000000e+4
1.232000000000000e+0	1.043000000000000e+15	2.574900000000000e+14	2.574900000000000e+14	1.584600000000000e+14	3.019500000000000e+12	3.074600000000000e+10	3.074700000000000e+8	3.076000000000000e+6	3.076000000000000e+4
1.270000000000000e+0	1.042000000000000e+15	2.570600000000000e+14	2.570600000000000e+14	1.515500000000000e+14	2.791300000000000e+12	2.839000000000000e+10	2.839100000000000e+8	2.840300000000000e+6	2.840300000000000e+4
1.308000000000000e+0	1.038000000000000e+15	2.557500000000000e+14	2.557500000000000e+14	1.441800000000000e+14	2.570400000000000e+12	2.611500000000000e+10	2.611500000000000e+8	2.612600000000000e+6	2.612600000000000e+4
1.348000000000000e+0	1.030000000000000e+15	2.535500000000000e+14	2.535500000000000e+14	1.364300000000000e+14	2.357600000000000e+12	2.392900000000000e+10	2.392900000000000e+8	2.393900000000000e+6	2.393900000000000e+4
1.388000000000000e+0	1.018000000000000e+15	2.504500000000000e+14	2.504500000000000e+14	1.284000000000000e+14	2.153600000000000e+12	2.183800000000000e+10	2.183700000000000e+8	2.184700000000000e+6	2.184700000000000e+4
1.430000000000000e+0	1.003000000000000e+15	2.464500000000000e+14	2.464500000000000e+14	1.201700000000000e+14	1.959100000000000e+12	1.984800000000000e+10	1.984700000000000e+8	1.985500000000000e+6	1.985500000000000e+4
1.474000000000000e+0	9.846000000000000e+14	2.415500000000000e+14	2.415500000000000e+14	1.118400000000000e+14	1.774500000000000e+12	1.796300000000000e+10	1.796200000000000e+8	1.796900000000000e+6	1.796900000000000e+4
1.518000000000000e+0	9.623000000000000e+14	2.357900000000000e+14	2.357900000000000e+14	1.034900000000000e+14	1.600300000000000e+12	1.618600000000000e+10	1.618500000000000e+8	1.619100000000000e+6	1.619100000000000e+4
1.564000000000000e+0	9.367000000000000e+14	2.291800000000000e+14	2.291800000000000e+14	9.521800000000000e+13	1.436600000000000e+12	1.452000000000000e+10	1.451800000000000e+8	1.452400000000000e+6	1.452400000000000e+4
1.611000000000000e+0	9.079000000000000e+14	2.215500000000000e+14	2.215500000000000e+14	8.706500000000000e+13	1.283700000000000e+12	1.296500000000000e+10	1.296400000000000e+8	1.296900000000000e+6	1.296900000000000e+4
1.660000000000000e+0	8.762000000000000e+14	2.134100000000000e+14	2.134100000000000e+14	7.916300000000000e+13	1.141600000000000e+12	1.152200000000000e+10	1.152100000000000e+8	1.152600000000000e+6	1.152600000000000e+4
1.710000000000000e+0	8.417000000000000e+14	2.044200000000000e+14	2.044200000000000e+14	7.152700000000000e+13	1.010200000000000e+12	1.019000000000000e+10	1.018900000000000e+8	1.019300000000000e+6	1.019300000000000e+4
1.772000000000000e+0	7.977000000000000e+14	1.933400000000000e+14	1.933400000000000e+14	6.298600000000000e+13	8.689300000000000e+11	8.759400000000000e+9	8.758200000000000e+7	8.761800000000000e+5	8.761800000000000e+3
1.825000000000000e+0	7.584000000000000e+14	1.835100000000000e+14	1.835200000000000e+14	1.104500000000000e+14	2.066400000000000e+12	2.102900000000000e+10	2.102900000000000e+8	2.103700000000000e+6	2.103700000000000e+4
1.870000000000000e+0	7.249000000000000e+14	1.752300000000000e+14	1.752400000000000e+14	1.024800000000000e+14	1.875400000000000e+12	1.907100000000000e+10	1.907000000000000e+8	1.907800000000000e+6	1.907800000000000e+4
1.927000000000000e+0	6.827000000000000e+14	1.648800000000000e+14	1.648900000000000e+14	9.300700000000000e+13	1.658200000000000e+12	1.684700000000000e+10	1.684700000000000e+8	1.685400000000000e+6	1.685400000000000e+4
1.985000000000000e+0	6.396000000000000e+14	1.543100000000000e+14	1.543100000000000e+14	8.386700000000000e+13	1.458100000000000e+12	1.480300000000000e+10	1.480200000000000e+8	1.480800000000000e+6	1.480800000000000e+4
2.045000000000000e+0	5.959000000000000e+14	1.436100000000000e+14	1.436100000000000e+14	7.512600000000000e+13	1.275100000000000e+12	1.293400000000000e+10	1.293300000000000e+8	1.293900000000000e+6	1.293900000000000e+4
2.107000000000000e+0	5.521000000000000e+14	1.328900000000000e+14	1.328900000000000e+14	6.684700000000000e+13	1.108500000000000e+12	1.123700000000000e+10	1.123600000000000e+8	1.124000000000000e+6	1.124000000000000e+4
2.171000000000000e+0	5.084000000000000e+14	1.208000000000000e+14	1.208000000000000e+14	5.882200000000000e+13	9.579100000000000e+11	9.704300000000000e+9	9.703500000000000e+7	9.707500000000000e+5	9.707500000000000e+3
2.236000000000000e+0	4.654000000000000e+14	1.097200000000000e+14	1.097200000000000e+14	5.150800000000000e+13	8.227500000000000e+11	8.330100000000000e+9	8.329200000000000e+7	8.332700000000000e+5	8.332700000000000e+3
2.304000000000000e+0	4.234000000000000e+14	9.961000000000000e+13	9.961200000000000e+13	4.487600000000000e+13	7.022600000000000e+11	7.105700000000000e+9	7.104900000000000e+7	7.107800000000000e+5	7.107800000000000e+3
2.374000000000000e+0	3.827000000000000e+14	8.984300000000000e+13	8.984500000000000e+13	3.881200000000000e+13	5.955300000000000e+11	6.022200000000000e+9	6.021500000000000e+7	6.023900000000000e+5	6.023900000000000e+3
2.445000000000000e+0	3.437000000000000e+14	8.047400000000000e+13	8.047500000000000e+13	3.331500000000000e+13	5.016600000000000e+11	5.070000000000000e+9	5.069400000000000e+7	5.071500000000000e+5	5.071500000000000e+3
2.519000000000000e+0	3.065000000000000e+14	7.159700000000000e+13	7.159800000000000e+13	2.837900000000000e+13	4.196800000000000e+11	4.239200000000000e+9	4.238600000000000e+7	4.240400000000000e+5	4.240400000000000e+3
2.595000000000000e+0	2.714000000000000e+14	5.536800000000000e+13	5.536800000000000e+13	2.306300000000000e+13	3.482200000000000e+11	3.519500000000000e+9	3.519100000000000e+7	3.520500000000000e+5	3.520500000000000e+3
2.674000000000000e+0	2.386000000000000e+14	4.836100000000000e+13	4.836100000000000e+13	1.934500000000000e+13	2.871500000000000e+11	2.900900000000000e+9	2.900500000000000e+7	2.901700000000000e+5	2.901700000000000e+3
2.755000000000000e+0	2.082000000000000e+14	4.191700000000000e+13	4.191700000000000e+13	1.609300000000000e+13	2.350200000000000e+11	2.373100000000000e+9	2.372800000000000e+7	2.373700000000000e+5	2.373700000000000e+3
2.838000000000000e+0	1.803000000000000e+14	3.604500000000000e+13	3.604500000000000e+13	1.327600000000000e+13	1.908700000000000e+11	1.926400000000000e+9	1.926100000000000e+7	1.926900000000000e+5	1.926900000000000e+3
2.924000000000000e+0	1.549000000000000e+14	3.074300000000000e+13	3.074400000000000e+13	1.085700000000000e+13	1.537800000000000e+11	1.551400000000000e+9	1.551100000000000e+7	1.551800000000000e+5	1.551800000000000e+3
3.012000000000000e+0	1.319000000000000e+14	2.539300000000000e+13	2.539300000000000e+13	8.747600000000000e+12	1.228600000000000e+11	1.239200000000000e+9	1.239000000000000e+7	1.239500000000000e+5	1.239500000000000e+3
3.103000000000000e+0	1.115000000000000e+14	2.127200000000000e+13	2.127200000000000e+13	7.027100000000000e+12	9.734900000000000e+10	9.814600000000000e+8	9.812900000000000e+6	9.816900000000000e+4	9.816900000000000e+2
3.197000000000000e+0	9.336000000000000e+13	1.766000000000000e+13	1.766100000000000e+13	5.592700000000000e+12	7.646300000000000e+10	7.706100000000000e+8	7.704700000000000e+6	7.707900000000000e+4	7.707900000000000e+2
3.294000000000000e+0	7.750000000000000e+13	1.453600000000000e+13	1.453600000000000e+13	4.409500000000000e+12	5.952200000000000e+10	5.996600000000000e+8	5.995500000000000e+6	5.997900000000000e+4	5.997900000000000e+2
3.393000000000000e+0	6.374000000000000e+13	1.184500000000000e+13	1.184500000000000e+13	3.442200000000000e+12	4.590700000000000e+10	4.623400000000000e+8	4.622500000000000e+6	4.624400000000000e+4	4.624400000000000e+2
3.496000000000000e+0	5.192000000000000e+13	9.595000000000000e+12	9.595100000000000e+12	2.662400000000000e+12	3.507100000000000e+10	3.530900000000000e+8	3.530200000000000e+6	3.531600000000000e+4	3.531600000000000e+2
3.602000000000000e+0	4.189000000000000e+13	7.667300000000000e+12	7.667300000000000e+12	2.036600000000000e+12	2.653100000000000e+10	2.670200000000000e+8	2.669700000000000e+6	2.670800000000000e+4	2.670800000000000e+2
3.710000000000000e+0	3.345000000000000e+13	6.063000000000000e+12	6.063000000000000e+12	1.541400000000000e+12	1.986800000000000e+10	1.999100000000000e+8	1.998700000000000e+6	1.999500000000000e+4	1.999500000000000e+2
3.823000000000000e+0	2.644000000000000e+13	4.743700000000000e+12	4.743700000000000e+12	1.154100000000000e+12	1.472400000000000e+10	1.481100000000000e+8	1.480800000000000e+6	1.481400000000000e+4	1.481400000000000e+2
3.939000000000000e+0	2.064000000000000e+13	3.665800000000000e+12	3.665800000000000e+12	8.530700000000000e+11	1.077800000000000e+10	1.083900000000000e+8	1.083600000000000e+6	1.084100000000000e+4	1.084100000000000e+2
4.091000000000000e+0	1.475000000000000e+13	3.681000000000000e+12	3.681000000000000e+12	2.908400000000000e+12	7.378200000000000e+10	7.606800000000000e+8	7.589600000000000e+6	7.597100000000000e+4	7.597100000000000e+2
4.295000000000000e+0	9.412000000000000e+12	2.349700000000000e+12	2.349700000000000e+12	1.767400000000000e+12	4.162800000000000e+10	4.279700000000000e+8	4.269800000000000e+6	4.274000000000000e+4	4.274000000000000e+2
4.509000000000000e+0	5.808000000000000e+12	1.450200000000000e+12	1.450200000000000e+12	1.032700000000000e+12	2.268300000000000e+10	2.326100000000000e+8	2.320600000000000e+6	2.322900000000000e+4	2.322900000000000e+2
4.733000000000000e+0	3.464000000000000e+12	8.739300000000000e+11	8.739300000000000e+11	5.832900000000000e+11	1.194400000000000e+10	1.221800000000000e+8	1.218800000000000e+6	1.220000000000000e+4	1.220000000000000e+2
4.969000000000000e+0	1.995000000000000e+12	5.036500000000000e+11	5.036500000000000e+11	3.153000000000000e+11	6.084600000000000e+9	6.211000000000000e+7	6.196100000000000e+5	6.202100000000000e+3	6.202100000000000e+1
5.217000000000000e+0	1.107000000000000e+12	2.797300000000000e+11	2.797300000000000e+11	1.630800000000000e+11	2.972300000000000e+9	3.028300000000000e+7	3.020900000000000e+5	3.023800000000000e+3	3.023800000000000e+1
5.477000000000000e+0	5.903000000000000e+11	1.494300000000000e+11	1.494300000000000e+11	8.071900000000000e+10	1.395300000000000e+9	1.419100000000000e+7	1.415600000000000e+5	1.416900000000000e+3	1.416900000000000e+1
5.749000000000000e+0	3.022000000000000e+11	7.663200000000000e+10	7.663200000000000e+10	3.817100000000000e+10	6.282100000000000e+8	6.379400000000000e+6	6.363400000000000e+4	6.369600000000000e+2	6.369600000000000e+0
6.035999999999999e+0	1.482000000000000e+11	3.764900000000000e+10	3.764900000000000e+10	1.721400000000000e+10	2.707600000000000e+8	2.745600000000000e+6	2.738700000000000e+4	2.741400000000000e+2	2.741400000000000e+0
6.336000000000000e+0	6.949000000000000e+10	1.768300000000000e+10	1.768300000000000e+10	7.389500000000000e+9	1.114800000000000e+8	1.129000000000000e+6	1.126100000000000e+4	1.127200000000000e+2	1.127200000000000e+0
6.651000000000000e+0	3.107000000000000e+10	7.923100000000000e+9	7.923000000000000e+9	3.013500000000000e+9	4.375000000000000e+7	4.425800000000000e+5	4.414500000000000e+3	4.418800000000000e+1	4.418800000000000e-1
6.983000000000000e+0	1.321000000000000e+10	3.378600000000000e+9	3.378500000000000e+9	1.165000000000000e+9	1.632900000000000e+7	1.650200000000000e+5	1.645900000000000e+3	1.647500000000000e+1	1.647500000000000e-1
7.330000000000000e+0	5.335000000000000e+9	1.367500000000000e+9	1.367300000000000e+9	4.260400000000000e+8	5.782000000000000e+6	5.837900000000000e+4	5.822800000000000e+2	5.828400000000000e+0	5.828400000000000e-2
7.695000000000000e+0	2.039000000000000e+9	5.243000000000000e+8	5.241400000000000e+8	1.470400000000000e+8	1.937600000000000e+6	1.954700000000000e+4	1.949600000000000e+2	1.951500000000000e+0	1.951500000000000e-2
8.077000000000000e+0	7.356000000000000e+8	1.898700000000000e+8	1.897200000000000e+8	4.777700000000000e+7	6.128300000000000e+5	6.178000000000000e+3	6.161800000000000e+1	6.167800000000000e-1	6.167800000000000e-3
8.479000000000000e+0	2.498000000000000e+8	6.476100000000000e+7	6.464700000000000e+7	1.457700000000000e+7	1.824400000000000e+5	1.838000000000000e+3	1.833200000000000e+1	1.834900000000000e-1	1.834900000000000e-3
8.901000000000000e+0	7.964000000000000e+7	2.074400000000000e+7	2.066800000000000e+7	4.164600000000000e+6	5.097200000000000e+4	5.132100000000000e+2	5.118600000000000e+0	5.123500000000000e-2	5.123499999999999e-4
9.343000000000000e+0	2.376000000000000e+7	6.157400000000000e+6	6.121100000000000e+6	1.109500000000000e+6	1.332400000000000e+4	1.340800000000000e+2	1.337300000000000e+0	1.338600000000000e-2	1.338600000000000e-4
9.807000000000000e+0	6.607000000000000e+6	1.721500000000000e+6	1.703300000000000e+6	2.755400000000000e+5	3.248100000000000e+3	3.267200000000000e+1	3.258600000000000e-1	3.261700000000000e-3	3.261700000000000e-5
1.029000000000000e+1	1.708000000000000e+6	4.475000000000000e+5	4.395200000000000e+5	6.349400000000000e+4	7.359900000000000e+2	7.400100000000000e+0	7.380500000000000e-2	7.387600000000000e-4	7.387600000000000e-6
1.081000000000000e+1	4.088000000000000e+5	1.077700000000000e+5	1.047200000000000e+5	1.352900000000000e+4	1.544600000000000e+2	1.552500000000000e+0	1.548300000000000e-2	1.549800000000000e-4	1.549800000000000e-6
1.134000000000000e+1	9.028000000000000e+4	1.817000000000000e+5	9.126300000000000e+4	2.980600000000000e+3	2.998100000000000e+1	3.005200000000000e-1	2.997100000000000e-3	2.999900000000000e-5	2.999900000000000e-7
%									
