VAR1	VAR2	VAR3	VAR4	VAR5
7.015533980582523e-7	2.167800000000000e+12	1.000000000000000e+4	-1.000000000000000e-2	7.680000000000000e+5
2.104692556634304e-6	6.503500000000000e+12	1.041700000000000e+4	1.000000000000000e-1	7.680000000000000e+5
3.156213592233010e-6	9.752700000000000e+12	1.071800000000000e+4		
4.277669902912622e-6	1.321800000000000e+13	1.103100000000000e+4		
5.466666666666666e-6	1.689200000000000e+13	1.135200000000000e+4		
6.726860841423948e-6	2.078600000000000e+13	1.168300000000000e+4		
8.062459546925566e-6	2.491300000000000e+13	1.202300000000000e+4		
9.478317152103560e-6	2.928800000000000e+13	1.237300000000000e+4		
1.097864077669903e-5	3.392400000000000e+13	1.273400000000000e+4		
1.256860841423948e-5	3.883700000000000e+13	1.310500000000000e+4		
1.425372168284790e-5	4.404400000000000e+13	1.348600000000000e+4		
1.603948220064725e-5	4.956200000000000e+13	1.387900000000000e+4		
1.793203883495146e-5	5.541000000000000e+13	1.428400000000000e+4		
1.993786407766990e-5	6.160800000000000e+13	1.470000000000000e+4		
2.206310679611650e-5	6.817500000000000e+13	1.512800000000000e+4		
2.431521035598706e-5	7.513400000000000e+13	1.556900000000000e+4		
2.670194174757282e-5	8.250900000000000e+13	1.602200000000000e+4		
2.923139158576052e-5	9.032500000000000e+13	1.648900000000000e+4		
3.191132686084142e-5	9.860600000000000e+13	1.697000000000000e+4		
3.475080906148867e-5	1.073800000000000e+14	1.746400000000000e+4		
3.776051779935275e-5	1.166800000000000e+14	1.797300000000000e+4		
4.095145631067961e-5	1.265400000000000e+14	1.849700000000000e+4		
4.433009708737864e-5	1.369800000000000e+14	1.903500000000000e+4		
4.790938511326861e-5	1.480400000000000e+14	1.959000000000000e+4		
5.170550161812298e-5	1.597700000000000e+14	2.016100000000000e+4		
5.572491909385114e-5	1.721900000000000e+14	2.074800000000000e+4		
5.998705501618122e-5	1.853600000000000e+14	2.135300000000000e+4		
6.450161812297734e-5	1.993100000000000e+14	2.197500000000000e+4		
6.928478964401294e-5	2.140900000000000e+14	2.261500000000000e+4		
7.435598705501619e-5	2.297600000000000e+14	2.327400000000000e+4		
7.972491909385112e-5	2.463500000000000e+14	2.395200000000000e+4		
8.541747572815534e-5	2.639400000000000e+14	2.465000000000000e+4		
9.144983818770227e-5	2.825800000000000e+14	2.536800000000000e+4		
9.783818770226538e-5	3.023200000000000e+14	2.610800000000000e+4		
1.046084142394822e-4	3.232400000000000e+14	2.686800000000000e+4		
1.117831715210356e-4	3.454100000000000e+14	2.765100000000000e+4		
1.193851132686084e-4	3.689000000000000e+14	2.845700000000000e+4		
1.274401294498382e-4	3.937900000000000e+14	2.928600000000000e+4		
1.359741100323624e-4	4.201600000000000e+14	3.014000000000000e+4		
1.450161812297735e-4	4.481000000000000e+14	3.101800000000000e+4		
1.545987055016181e-4	4.777100000000000e+14	3.192200000000000e+4		
1.647508090614887e-4	5.090800000000000e+14	3.285200000000000e+4		
1.755048543689320e-4	5.423100000000000e+14	3.380900000000000e+4		
1.869029126213592e-4	5.775300000000000e+14	3.479400000000000e+4		
1.989773462783171e-4	6.148400000000000e+14	3.580800000000000e+4		
2.117702265372168e-4	6.543700000000000e+14	3.685200000000000e+4		
2.253268608414240e-4	6.962600000000000e+14	3.792500000000000e+4		
2.396893203883495e-4	7.406400000000000e+14	3.903100000000000e+4		
2.549029126213592e-4	7.876500000000000e+14	4.016800000000000e+4		
2.710258899676376e-4	8.374700000000000e+14	4.133800000000000e+4		
2.881067961165048e-4	8.902500000000000e+14	4.254300000000000e+4		
3.062038834951456e-4	9.461700000000000e+14	4.378300000000000e+4		
3.253721682847896e-4	1.005400000000000e+15	4.505900000000000e+4		
3.456957928802589e-4	1.068200000000000e+15	4.637200000000000e+4		
3.672168284789644e-4	1.134700000000000e+15	4.772300000000000e+4		
3.900323624595470e-4	1.205200000000000e+15	4.911400000000000e+4		
4.141747572815534e-4	1.279800000000000e+15	5.054500000000000e+4		
4.397734627831715e-4	1.358900000000000e+15	5.201800000000000e+4		
4.668932038834951e-4	1.442700000000000e+15	5.353400000000000e+4		
4.956310679611651e-4	1.531500000000000e+15	5.509400000000000e+4		
5.260517799352750e-4	1.625500000000000e+15	5.669900000000000e+4		
5.583171521035599e-4	1.725200000000000e+15	5.835200000000000e+4		
5.924595469255663e-4	1.830700000000000e+15	6.005200000000000e+4		
6.286731391585761e-4	1.942600000000000e+15	6.180200000000000e+4		
6.670226537216829e-4	2.061100000000000e+15	6.360300000000000e+4		
7.076375404530744e-4	2.186600000000000e+15	6.545700000000000e+4		
7.506796116504854e-4	2.319600000000000e+15	6.736500000000000e+4		
7.962783171521037e-4	2.460500000000000e+15	6.932800000000000e+4		
8.445631067961165e-4	2.609700000000000e+15	7.134800000000000e+4		
8.957605177993528e-4	2.767900000000000e+15	7.342700000000000e+4		
9.499676375404531e-4	2.935400000000000e+15	7.556700000000000e+4		
1.007411003236246e-3	3.112900000000000e+15	7.777000000000000e+4		
1.068252427184466e-3	3.300900000000000e+15	8.003600000000000e+4		
1.132718446601942e-3	3.500100000000000e+15	8.236900000000000e+4		
1.201003236245955e-3	3.711100000000000e+15	8.476900000000000e+4		
1.273365695792880e-3	3.934700000000000e+15	8.724000000000000e+4		
1.350000000000000e-3	4.171500000000000e+15	8.978200000000000e+4		
1.431197411003236e-3	4.422400000000000e+15	9.239900000000000e+4		
1.517216828478964e-3	4.688200000000000e+15	9.509100000000000e+4		
1.608317152103560e-3	4.969700000000000e+15	9.786300000000000e+4		
1.704854368932039e-3	5.268000000000000e+15	1.007100000000000e+5		
1.807119741100324e-3	5.584000000000000e+15	1.036500000000000e+5		
1.915469255663430e-3	5.918800000000000e+15	1.066700000000000e+5		
2.030226537216828e-3	6.273400000000000e+15	1.097800000000000e+5		
2.151812297734628e-3	6.649100000000000e+15	1.129800000000000e+5		
2.280614886731392e-3	7.047100000000000e+15	1.162700000000000e+5		
2.417055016181230e-3	7.468700000000000e+15	1.196600000000000e+5		
2.561585760517799e-3	7.915300000000000e+15	1.231500000000000e+5		
2.714724919093851e-3	8.388500000000000e+15	1.267400000000000e+5		
2.876925566343042e-3	8.889700000000000e+15	1.304300000000000e+5		
3.048770226537217e-3	9.420700000000000e+15	1.342300000000000e+5		
3.230809061488673e-3	9.983200000000000e+15	1.381400000000000e+5		
3.423624595469256e-3	1.057900000000000e+16	1.421700000000000e+5		
3.627831715210356e-3	1.121000000000000e+16	1.463100000000000e+5		
3.844336569579288e-3	1.187900000000000e+16	1.505800000000000e+5		
4.073462783171521e-3	1.258700000000000e+16	1.549700000000000e+5		
4.316504854368932e-3	1.333800000000000e+16	1.594800000000000e+5		
4.573786407766990e-3	1.413300000000000e+16	1.641300000000000e+5		
4.846278317152104e-3	1.497500000000000e+16	1.689200000000000e+5		
5.134951456310680e-3	1.586700000000000e+16	1.738400000000000e+5		
5.440776699029126e-3	1.681200000000000e+16	1.789000000000000e+5		
5.764724919093851e-3	1.781300000000000e+16	1.841200000000000e+5		
6.108090614886731e-3	1.887400000000000e+16	1.894800000000000e+5		
6.471521035598706e-3	1.999700000000000e+16	1.950100000000000e+5		
6.856634304207120e-3	2.118700000000000e+16	2.006900000000000e+5		
7.264724919093851e-3	2.244800000000000e+16	2.065400000000000e+5		
7.697087378640776e-3	2.378400000000000e+16	2.125600000000000e+5		
8.155016181229773e-3	2.519900000000000e+16	2.187500000000000e+5		
8.640129449838187e-3	2.669800000000000e+16	2.251300000000000e+5		
9.153721682847896e-3	2.828500000000000e+16	2.316900000000000e+5		
9.698058252427184e-3	2.996700000000000e+16	2.384400000000000e+5		
1.027475728155340e-2	3.174900000000000e+16	2.453900000000000e+5		
1.088576051779935e-2	3.363700000000000e+16	2.525400000000000e+5		
1.153300970873786e-2	3.563700000000000e+16	2.599000000000000e+5		
1.221877022653722e-2	3.775600000000000e+16	2.674800000000000e+5		
1.294498381877023e-2	4.000000000000000e+16	2.752700000000000e+5		
1.371456310679612e-2	4.237800000000000e+16	2.833000000000000e+5		
1.452977346278317e-2	4.489700000000000e+16	2.915500000000000e+5		
1.539320388349515e-2	4.756500000000000e+16	3.000500000000000e+5		
1.630809061488673e-2	5.039200000000000e+16	3.087900000000000e+5		
1.727734627831715e-2	5.338700000000000e+16	3.177900000000000e+5		
1.830453074433657e-2	5.656100000000000e+16	3.270500000000000e+5		
1.939223300970874e-2	5.992200000000000e+16	3.365800000000000e+5		
2.054498381877023e-2	6.348400000000000e+16	3.463900000000000e+5		
2.176601941747573e-2	6.725700000000000e+16	3.564900000000000e+5		
2.305987055016181e-2	7.125500000000000e+16	3.668800000000000e+5		
2.443042071197411e-2	7.549000000000000e+16	3.775700000000000e+5		
2.588252427184466e-2	7.997700000000000e+16	3.885700000000000e+5		
2.742135922330097e-2	8.473200000000000e+16	3.998900000000000e+5		
2.905145631067961e-2	8.976900000000000e+16	4.115400000000000e+5		
3.077896440129450e-2	9.510700000000000e+16	4.235400000000000e+5		
3.260841423948220e-2	1.007600000000000e+17	4.358800000000000e+5		
3.454692556634304e-2	1.067500000000000e+17	4.485800000000000e+5		
3.660194174757282e-2	1.131000000000000e+17	4.616500000000000e+5		
3.877993527508090e-2	1.198300000000000e+17	4.751000000000000e+5		
4.108737864077670e-2	1.269600000000000e+17	4.889400000000000e+5		
4.353074433656958e-2	1.345100000000000e+17	5.031900000000000e+5		
4.612297734627831e-2	1.425200000000000e+17	5.178500000000000e+5		
4.886731391585761e-2	1.510000000000000e+17	5.329300000000000e+5		
5.177669902912621e-2	1.599900000000000e+17	5.484600000000000e+5		
5.486084142394822e-2	1.695200000000000e+17	5.644400000000000e+5		
5.812621359223301e-2	1.796100000000000e+17	5.808800000000000e+5		
6.158899676375405e-2	1.903100000000000e+17	5.978000000000000e+5		
6.526213592233010e-2	2.016600000000000e+17	6.152200000000000e+5		
6.915210355987054e-2	2.136800000000000e+17	6.331400000000000e+5		
7.327508090614886e-2	2.264200000000000e+17	6.515800000000000e+5		
7.764401294498382e-2	2.399200000000000e+17	6.705500000000000e+5		
8.227831715210355e-2	2.542400000000000e+17	6.900800000000000e+5		
8.719093851132686e-2	2.694200000000000e+17	7.101800000000000e+5		
9.239482200647250e-2	2.855000000000000e+17	7.308600000000000e+5		
9.791585760517800e-2	3.025600000000000e+17	7.521400000000000e+5		
9.987055016181230e-2	3.086000000000000e+17	7.595300000000000e+5		
