110416 // magic number - today's date
#
# >>refer	H2	collision	Le Bourlot, J., Pineau des Forets, G., & Flower, D.R. 1999, MNRAS, 305, 802
#
100.	300.	500.	1000.	1500.	2000.	3000.	4500.	6000.
#v'	J'	v	J
0	2	0	0	5.909e-13	1.260e-12	2.220e-12	5.695e-12	1.015e-11	1.499e-11	2.455e-11	3.695e-11	4.676e-11
0	3	0	1	5.090e-13	1.149e-12	2.123e-12	5.933e-12	1.119e-11	1.721e-11	2.974e-11	4.684e-11	6.089e-11
0	4	0	0	7.488e-16	3.048e-15	8.719e-15	5.000e-14	1.459e-13	3.009e-13	7.516e-13	1.604e-12	2.482e-12
0	4	0	2	1.505e-13	4.959e-13	1.154e-12	4.315e-12	9.221e-12	1.510e-11	2.754e-11	4.449e-11	5.822e-11
0	5	0	1	2.432e-16	1.495e-15	5.518e-15	4.400e-14	1.488e-13	3.315e-13	8.905e-13	1.978e-12	3.107e-12
0	5	0	3	3.268e-14	1.689e-13	5.181e-13	2.754e-12	6.861e-12	1.215e-11	2.378e-11	3.980e-11	5.268e-11
0	6	0	0	3.797e-19	3.869e-18	2.117e-17	3.336e-16	1.740e-15	5.225e-15	2.063e-14	6.340e-14	1.204e-13
0	6	0	2	6.630e-17	5.910e-16	2.754e-15	2.985e-14	1.163e-13	2.797e-13	8.105e-13	1.884e-12	3.017e-12
0	6	0	4	9.851e-15	6.581e-14	2.393e-13	1.622e-12	4.584e-12	8.754e-12	1.867e-11	3.327e-11	4.549e-11
0	7	0	1	1.921e-19	2.408e-18	1.523e-17	2.996e-16	1.771e-15	5.763e-15	2.507e-14	8.312e-14	1.646e-13
0	7	0	3	2.199e-17	2.204e-16	1.133e-15	1.472e-14	6.479e-14	1.699e-13	5.521e-13	1.416e-12	2.405e-12
0	7	0	5	4.864e-15	3.463e-14	1.335e-13	1.017e-12	3.125e-12	6.342e-12	1.469e-11	2.812e-11	4.015e-11
0	8	0	0	5.892e-22	8.585e-21	6.573e-20	2.042e-18	1.731e-17	7.432e-17	4.759e-16	2.239e-15	5.490e-15
0	8	0	2	8.572e-20	1.096e-18	7.200e-18	1.575e-16	1.018e-15	3.556e-15	1.710e-14	6.219e-14	1.303e-13
0	8	0	4	1.169e-17	1.264e-16	6.961e-16	1.036e-14	5.014e-14	1.409e-13	5.027e-13	1.400e-12	2.496e-12
0	8	0	6	2.867e-15	2.027e-14	7.943e-14	6.457e-13	2.109e-12	4.501e-12	1.122e-11	2.302e-11	3.432e-11
1	0	0	0	4.743e-18	7.954e-18	1.703e-17	1.168e-16	5.587e-16	1.881e-15	1.040e-14	4.934e-14	1.281e-13
1	0	0	2	4.871e-19	3.949e-18	2.005e-17	3.311e-16	1.962e-15	6.692e-15	3.245e-14	1.226e-13	2.661e-13
1	0	0	4	1.171e-19	1.351e-18	8.621e-18	1.950e-16	1.350e-15	5.038e-15	2.692e-14	1.087e-13	2.437e-13
1	0	0	6	5.512e-22	1.681e-20	2.045e-19	1.171e-17	1.318e-16	6.597e-16	4.922e-15	2.541e-14	6.482e-14
1	0	0	8	1.688e-26	6.510e-24	3.841e-22	1.718e-19	4.902e-18	4.022e-17	4.828e-16	3.270e-15	9.293e-15
1	1	0	1	5.881e-18	1.129e-17	2.630e-17	2.018e-16	1.017e-15	3.521e-15	2.001e-14	9.660e-14	2.526e-13
1	1	0	3	3.696e-19	4.130e-18	2.469e-17	4.659e-16	2.767e-15	9.150e-15	4.117e-14	1.420e-13	2.889e-13
1	1	0	5	9.006e-20	1.029e-18	6.540e-18	1.479e-16	1.028e-15	3.851e-15	2.071e-14	8.423e-14	1.897e-13
1	1	0	7	1.656e-22	6.301e-21	8.872e-20	6.248e-18	7.821e-17	4.172e-16	3.341e-15	1.815e-14	4.756e-14
1	2	0	0	5.266e-20	2.287e-19	8.890e-19	1.341e-17	9.238e-17	3.792e-16	2.552e-15	1.365e-14	3.729e-14
1	2	0	2	2.310e-18	6.922e-18	2.068e-17	2.065e-16	1.121e-15	3.941e-15	2.194e-14	1.008e-13	2.531e-13
1	2	0	4	1.756e-19	3.709e-18	3.082e-17	7.762e-16	4.734e-15	1.498e-14	5.957e-14	1.754e-13	3.186e-13
1	2	0	6	5.770e-20	8.343e-19	6.013e-18	1.534e-16	1.090e-15	4.056e-15	2.114e-14	8.219e-14	1.790e-13
1	2	0	8	1.665e-23	1.320e-21	2.869e-20	3.388e-18	5.171e-17	3.005e-16	2.541e-15	1.382e-14	3.560e-14
1	2	1	0	3.387e-13	1.105e-12	2.448e-12	7.852e-12	1.464e-11	2.149e-11	3.350e-11	4.676e-11	5.592e-11
1	3	0	1	1.112e-19	4.147e-19	1.491e-18	2.101e-17	1.440e-16	5.980e-16	4.151e-15	2.308e-14	6.487e-14
1	3	0	3	5.147e-18	1.209e-17	3.130e-17	2.645e-16	1.350e-15	4.630e-15	2.545e-14	1.175e-13	2.973e-13
1	3	0	5	4.175e-19	8.008e-18	6.150e-17	1.341e-15	7.434e-15	2.199e-14	8.001e-14	2.183e-13	3.791e-13
1	3	0	7	1.400e-19	1.419e-18	8.360e-18	1.708e-16	1.131e-15	4.126e-15	2.160e-14	8.630e-14	1.929e-13
1	3	1	1	5.567e-13	1.390e-12	2.696e-12	7.780e-12	1.456e-11	2.201e-11	3.675e-11	5.569e-11	7.051e-11
0	9	0	1	4.797e-22	6.258e-21	4.642e-20	1.496e-18	1.368e-17	6.310e-17	4.532e-16	2.391e-15	6.310e-15
0	9	0	3	5.187e-20	6.370e-19	4.212e-18	9.914e-17	6.957e-16	2.607e-15	1.393e-14	5.605e-14	1.252e-13
0	9	0	5	5.502e-18	5.926e-17	3.345e-16	5.448e-15	2.868e-14	8.632e-14	3.401e-13	1.039e-12	1.962e-12
0	9	0	7	2.009e-15	1.327e-14	5.095e-14	4.232e-13	1.446e-12	3.224e-12	8.617e-12	1.895e-11	2.955e-11
0	9	1	1	3.558e-26	3.714e-24	1.036e-22	2.007e-20	4.341e-19	3.253e-18	3.874e-17	2.845e-16	8.771e-16
0	9	1	3	1.414e-24	1.748e-22	4.936e-21	7.943e-19	1.363e-17	8.318e-17	7.244e-16	3.930e-15	1.000e-14
1	4	0	0	1.727e-21	1.532e-20	9.167e-20	2.358e-18	2.025e-17	9.238e-17	6.771e-16	3.736e-15	1.023e-14
1	4	0	2	9.373e-20	3.981e-19	1.537e-18	2.331e-17	1.626e-16	6.761e-16	4.644e-15	2.535e-14	7.020e-14
1	4	0	4	4.412e-18	1.194e-17	3.311e-17	2.934e-16	1.483e-15	4.974e-15	2.611e-14	1.144e-13	2.795e-13
1	4	0	6	1.980e-18	2.606e-17	1.593e-16	2.615e-15	1.287e-14	3.594e-14	1.246e-13	3.335e-13	5.776e-13
1	4	0	8	3.056e-19	2.183e-18	1.058e-17	1.758e-16	1.098e-15	3.961e-15	2.107e-14	8.756e-14	2.022e-13
1	4	1	0	1.231e-15	5.166e-15	1.486e-14	8.353e-14	2.366e-13	4.746e-13	1.136e-12	2.326e-12	3.505e-12
1	4	1	2	1.863e-13	6.475e-13	1.539e-12	5.758e-12	1.207e-11	1.935e-11	3.408e-11	5.309e-11	6.783e-11
1	5	0	1	7.632e-22	9.892e-21	7.432e-20	2.526e-18	2.430e-17	1.169e-16	8.925e-16	4.987e-15	1.364e-14
1	5	0	3	3.103e-20	2.280e-19	1.196e-18	2.512e-17	1.923e-16	8.149e-16	5.464e-15	2.810e-14	7.403e-14
1	5	0	5	1.379e-18	6.932e-18	2.712e-17	3.447e-16	1.923e-15	6.556e-15	3.326e-14	1.353e-13	3.111e-13
1	5	0	7	4.689e-18	5.783e-17	3.345e-16	4.954e-15	2.274e-14	6.041e-14	1.961e-13	4.957e-13	8.298e-13
1	5	1	1	2.594e-16	1.936e-15	7.862e-15	6.722e-14	2.253e-13	4.885e-13	1.239e-12	2.575e-12	3.863e-12
1	5	1	3	2.998e-14	1.887e-13	6.391e-13	3.673e-12	9.129e-12	1.581e-11	2.943e-11	4.637e-11	5.883e-11
1	5	0	9	2.341e-19	1.958e-18	1.036e-17	1.895e-16	1.218e-15	4.421e-15	2.341e-14	9.579e-14	2.183e-13
0	10	0	0	3.211e-24	3.634e-23	2.740e-22	1.128e-20	1.360e-19	7.964e-19	8.187e-18	6.090e-17	1.996e-16
0	10	0	2	3.753e-22	4.268e-21	3.005e-20	9.716e-19	9.376e-18	4.583e-17	3.626e-16	2.112e-15	5.950e-15
0	10	0	4	3.545e-20	3.987e-19	2.577e-18	6.310e-17	4.742e-16	1.896e-15	1.122e-14	4.993e-14	1.190e-13
0	10	0	6	3.144e-18	3.141e-17	1.741e-16	2.946e-15	1.652e-14	5.271e-14	2.277e-13	7.616e-13	1.525e-12
0	10	0	8	1.625e-15	9.630e-15	3.538e-14	2.913e-13	1.028e-12	2.379e-12	6.778e-12	1.594e-11	2.597e-11
0	10	1	0	3.854e-27	1.824e-25	3.467e-24	5.129e-22	1.165e-20	9.848e-20	1.505e-18	1.470e-17	5.516e-17
0	10	1	2	5.079e-25	2.308e-23	3.957e-22	4.325e-20	7.569e-19	5.200e-18	5.909e-17	4.393e-16	1.392e-15
0	10	1	4	2.355e-23	1.065e-21	1.682e-20	1.399e-18	1.911e-17	1.075e-16	9.150e-16	5.200e-15	1.395e-14
1	6	0	0	1.278e-23	2.707e-22	2.797e-21	1.479e-19	1.773e-18	9.698e-18	8.511e-17	5.238e-16	1.504e-15
1	6	0	2	5.737e-22	7.846e-21	6.119e-20	2.200e-18	2.184e-17	1.072e-16	8.378e-16	4.768e-15	1.318e-14
1	6	0	4	2.161e-20	1.963e-19	1.160e-18	2.770e-17	2.204e-16	9.429e-16	6.282e-15	3.167e-14	8.197e-14
1	6	0	6	9.092e-19	6.414e-18	3.020e-17	4.624e-16	2.694e-15	9.190e-15	4.519e-14	1.746e-13	3.854e-13
1	6	0	8	9.499e-18	1.141e-16	6.407e-16	8.861e-15	3.858e-14	9.848e-14	3.024e-13	7.272e-13	1.181e-12
1	6	1	0	4.852e-19	6.090e-18	3.668e-17	6.095e-16	3.087e-15	8.867e-15	3.217e-14	9.010e-14	1.607e-13
1	6	1	2	6.913e-17	7.615e-16	3.941e-15	4.624e-14	1.790e-13	4.190e-13	1.145e-12	2.483e-12	3.791e-12
1	6	1	4	7.655e-15	6.945e-14	2.959e-13	2.304e-12	6.595e-12	1.233e-11	2.480e-11	4.095e-11	5.303e-11
1	6	0	10	1.371e-19	1.368e-18	8.066e-18	1.688e-16	1.150e-15	4.299e-15	2.334e-14	9.663e-14	2.208e-13
0	11	0	1	7.019e-25	1.342e-23	1.402e-22	8.810e-21	1.285e-19	8.318e-19	9.413e-18	7.392e-17	2.474e-16
0	11	0	3	4.797e-23	9.946e-22	1.010e-20	5.188e-19	6.104e-18	3.294e-17	2.843e-16	1.725e-15	4.909e-15
0	11	0	5	3.832e-21	7.740e-20	7.149e-19	2.742e-17	2.495e-16	1.097e-15	7.051e-15	3.257e-14	7.833e-14
0	11	0	7	4.011e-19	7.290e-18	5.778e-17	1.508e-15	1.005e-14	3.471e-14	1.588e-13	5.383e-13	1.071e-12
0	11	1	1	9.830e-27	4.291e-25	7.703e-24	1.041e-21	2.245e-20	1.834e-19	2.688e-18	2.540e-17	9.350e-17
0	11	1	3	6.214e-25	2.741e-23	4.594e-22	4.842e-20	8.287e-19	5.609e-18	6.255e-17	4.580e-16	1.439e-15
0	11	0	9	2.800e-16	3.111e-15	1.643e-14	2.042e-13	8.302e-13	2.021e-12	5.838e-12	1.333e-11	2.100e-11
0	11	1	5	4.271e-23	1.741e-21	2.577e-20	1.967e-18	2.582e-17	1.422e-16	1.184e-15	6.642e-15	1.772e-14
1	7	0	1	2.030e-23	3.399e-22	3.146e-21	1.558e-19	1.920e-18	1.099e-17	1.055e-16	7.165e-16	2.199e-15
1	7	0	3	7.086e-22	8.275e-21	5.964e-20	2.018e-18	2.010e-17	1.005e-16	8.199e-16	4.906e-15	1.404e-14
1	7	0	5	2.245e-20	1.910e-19	1.091e-18	2.526e-17	2.003e-16	8.599e-16	5.796e-15	2.966e-14	7.762e-14
1	7	0	7	9.232e-19	6.449e-18	3.020e-17	4.597e-16	2.674e-15	9.120e-15	4.486e-14	1.735e-13	3.834e-13
1	7	1	1	2.629e-19	3.780e-18	2.533e-17	5.064e-16	2.887e-15	9.000e-15	3.630e-14	1.111e-13	2.088e-13
1	7	1	3	2.624e-17	3.241e-16	1.838e-15	2.541e-14	1.094e-13	2.761e-13	8.318e-13	1.961e-12	3.143e-12
1	7	0	9	2.507e-17	2.571e-16	1.298e-15	1.540e-14	6.183e-14	1.502e-13	4.359e-13	1.005e-12	1.596e-12
1	7	1	5	3.979e-15	3.756e-14	1.672e-13	1.437e-12	4.434e-12	8.777e-12	1.908e-11	3.381e-11	4.569e-11
1	7	0	11	7.113e-20	8.980e-19	6.150e-18	1.576e-16	1.182e-15	4.665e-15	2.680e-14	1.151e-13	2.675e-13
1	8	0	0	7.019e-25	9.946e-24	8.935e-23	4.983e-21	7.284e-20	4.873e-19	5.948e-18	5.114e-17	1.824e-16
1	8	0	2	3.272e-23	3.585e-22	2.657e-21	1.078e-19	1.297e-18	7.605e-18	7.864e-17	5.894e-16	1.943e-15
1	8	0	4	1.079e-21	9.090e-21	5.524e-20	1.603e-18	1.567e-17	7.984e-17	6.898e-16	4.452e-15	1.346e-14
1	8	0	6	4.636e-20	2.910e-19	1.402e-18	2.707e-17	2.036e-16	8.643e-16	5.897e-15	3.116e-14	8.376e-14
1	8	0	8	2.747e-18	1.366e-17	5.275e-17	6.494e-16	3.532e-15	1.181e-14	5.829e-14	2.315e-13	5.241e-13
1	8	1	0	1.419e-21	2.246e-20	1.752e-19	5.197e-18	4.097e-17	1.644e-16	9.472e-16	4.017e-15	9.216e-15
1	8	1	2	1.753e-19	2.343e-18	1.548e-17	3.249e-16	1.989e-15	6.619e-15	2.954e-14	9.990e-14	2.000e-13
1	8	1	4	1.717e-17	1.923e-16	1.063e-15	1.531e-14	7.099e-14	1.920e-13	6.457e-13	1.697e-12	2.918e-12
1	8	0	10	1.057e-16	7.943e-16	3.315e-15	3.083e-14	1.113e-13	2.561e-13	7.075e-13	1.591e-12	2.507e-12
1	8	1	6	3.707e-15	2.834e-14	1.145e-13	9.333e-13	2.968e-12	6.150e-12	1.458e-11	2.840e-11	4.091e-11
2	0	0	0	1.511e-19	9.380e-20	1.160e-19	4.519e-19	1.867e-18	6.182e-18	3.662e-17	1.983e-16	5.722e-16
2	0	0	2	1.570e-20	1.662e-20	3.162e-20	2.661e-19	1.820e-18	8.577e-18	8.058e-17	6.468e-16	2.352e-15
2	0	0	4	1.067e-21	3.167e-21	1.085e-20	1.758e-19	1.489e-18	7.509e-18	7.059e-17	5.288e-16	1.798e-15
2	0	0	6	5.031e-24	1.727e-22	2.350e-21	1.688e-19	2.237e-18	1.262e-17	1.108e-16	6.597e-16	1.834e-15
2	0	0	8	9.249e-25	2.671e-23	3.539e-22	2.917e-20	4.673e-19	3.130e-18	3.579e-17	2.759e-16	9.043e-16
2	0	1	0	6.214e-18	1.950e-17	5.754e-17	5.188e-16	2.521e-15	8.066e-15	3.902e-14	1.568e-13	3.617e-13
2	0	1	2	6.443e-19	8.320e-18	5.373e-17	1.092e-15	6.578e-15	2.167e-14	9.568e-14	3.210e-13	6.400e-13
2	0	1	4	3.767e-19	4.798e-18	3.162e-17	7.019e-16	4.605e-15	1.628e-14	7.972e-14	2.948e-13	6.246e-13
2	0	0	10	2.423e-27	1.834e-25	4.713e-24	1.053e-21	2.927e-20	2.775e-19	4.793e-18	5.085e-17	1.985e-16
2	0	1	6	3.825e-21	1.075e-19	1.221e-18	6.148e-17	6.345e-16	2.985e-15	2.052e-14	9.868e-14	2.414e-13
2	0	1	8	8.142e-26	3.098e-23	1.774e-21	7.286e-19	1.934e-17	1.498e-16	1.657e-15	1.041e-14	2.825e-14
2	1	0	1	1.361e-19	8.241e-20	1.053e-19	4.732e-19	2.249e-18	8.360e-18	5.872e-17	3.732e-16	1.190e-15
2	1	0	3	7.474e-21	1.090e-20	2.499e-20	2.615e-19	1.937e-18	9.429e-18	9.003e-17	7.178e-16	2.580e-15
2	1	0	5	2.859e-22	1.918e-21	1.021e-20	2.541e-19	2.351e-18	1.172e-17	1.003e-16	6.515e-16	1.988e-15
2	1	0	7	9.285e-24	2.606e-22	3.136e-21	1.930e-19	2.392e-18	1.306e-17	1.113e-16	6.538e-16	1.811e-15
2	1	1	1	1.065e-17	3.128e-17	8.981e-17	8.035e-16	3.974e-15	1.298e-14	6.513e-14	2.720e-13	6.435e-13
2	1	1	3	1.110e-18	1.344e-17	8.241e-17	1.528e-15	8.665e-15	2.737e-14	1.144e-13	3.664e-13	7.108e-13
2	1	0	9	4.395e-25	1.509e-23	2.222e-22	2.089e-20	3.538e-19	2.436e-18	2.851e-17	2.220e-16	7.292e-16
2	1	1	5	3.668e-19	4.446e-18	2.861e-17	6.245e-16	4.111e-15	1.465e-14	7.288e-14	2.745e-13	5.889e-13
2	1	0	11	9.162e-29	1.692e-26	7.586e-25	3.508e-22	1.358e-20	1.537e-19	3.153e-18	3.698e-17	1.504e-16
2	1	1	7	6.529e-22	2.718e-20	3.941e-19	2.723e-17	3.239e-16	1.643e-15	1.213e-14	6.069e-14	1.508e-13
0	12	0	0	1.045e-26	9.959e-26	7.782e-25	4.545e-23	8.032e-22	6.523e-21	1.095e-19	1.301e-18	5.725e-18
0	12	0	2	1.247e-24	1.339e-23	1.042e-22	5.129e-21	7.420e-20	5.063e-19	6.531e-18	6.023e-17	2.259e-16
0	12	0	4	7.749e-23	9.265e-22	7.134e-21	2.934e-19	3.461e-18	1.980e-17	1.958e-16	1.400e-15	4.471e-15
0	12	0	6	5.704e-21	7.162e-20	5.221e-19	1.669e-17	1.536e-16	7.152e-16	5.225e-15	2.808e-14	7.504e-14
0	12	0	8	7.974e-19	8.596e-18	5.200e-17	1.072e-15	6.998e-15	2.506e-14	1.270e-13	4.905e-13	1.072e-12
0	12	1	0	3.951e-28	9.444e-27	1.305e-25	1.594e-23	3.923e-22	3.792e-21	7.510e-20	9.782e-19	4.458e-18
0	12	1	2	3.465e-26	9.177e-25	1.246e-23	1.252e-21	2.480e-20	1.990e-19	2.981e-18	2.973e-17	1.145e-16
0	12	1	4	1.807e-24	5.053e-23	6.540e-22	5.188e-20	8.121e-19	5.357e-18	6.008e-17	4.560e-16	1.481e-15
0	12	0	10	6.697e-16	4.101e-15	1.573e-14	1.437e-13	5.511e-13	1.359e-12	4.235e-12	1.080e-11	1.849e-11
0	12	1	6	1.358e-22	3.422e-21	3.849e-20	2.165e-18	2.575e-17	1.374e-16	1.145e-15	6.638e-15	1.828e-14
0	12	1	8	8.539e-20	9.004e-19	5.552e-18	1.259e-16	9.036e-16	3.503e-15	1.995e-14	8.604e-14	2.014e-13
0	12	2	0	5.683e-34	7.181e-31	1.091e-28	2.600e-25	2.196e-23	3.841e-22	1.234e-20	1.930e-19	8.959e-19
2	2	0	0	6.051e-22	1.320e-21	3.706e-21	4.545e-20	3.348e-19	1.557e-18	1.339e-17	9.431e-17	3.108e-16
2	2	0	2	1.233e-20	2.424e-20	5.995e-20	5.464e-19	3.192e-18	1.243e-17	8.354e-17	4.707e-16	1.354e-15
2	2	0	4	2.413e-22	1.864e-21	1.080e-20	2.985e-19	2.884e-18	1.468e-17	1.277e-16	8.346e-16	2.548e-15
2	2	0	6	3.871e-23	1.021e-21	1.123e-20	5.506e-19	5.677e-18	2.687e-17	1.874e-16	9.171e-16	2.272e-15
2	2	0	8	1.999e-24	1.328e-22	2.538e-21	2.441e-19	3.299e-18	1.769e-17	1.355e-16	6.798e-16	1.673e-15
2	2	1	0	2.892e-21	1.085e-19	1.359e-18	6.531e-17	5.797e-16	2.344e-15	1.259e-14	4.718e-14	9.818e-14
2	2	1	2	1.067e-19	2.458e-18	2.244e-17	6.958e-16	4.966e-15	1.769e-14	8.282e-14	2.822e-13	5.602e-13
2	2	1	4	2.199e-19	7.594e-18	8.149e-17	2.570e-15	1.603e-14	4.910e-14	1.778e-13	4.643e-13	7.737e-13
2	2	0	10	3.162e-26	3.339e-24	9.261e-23	1.728e-20	3.597e-19	2.610e-18	2.964e-17	2.081e-16	6.236e-16
2	2	1	6	4.304e-20	1.392e-18	1.545e-17	5.957e-16	4.571e-15	1.668e-14	7.830e-14	2.614e-13	5.083e-13
2	2	1	8	1.969e-23	2.741e-21	7.984e-20	1.223e-17	1.920e-16	1.077e-15	8.211e-15	3.903e-14	9.124e-14
2	2	2	0	4.566e-14	3.832e-13	1.431e-12	7.852e-12	1.681e-11	2.505e-11	3.652e-11	4.493e-11	4.857e-11
2	2	0	12	4.671e-31	4.991e-28	6.310e-26	1.000e-22	6.194e-21	8.577e-20	1.995e-18	2.337e-17	9.103e-17
2	3	0	1	7.989e-21	6.449e-21	1.053e-20	7.499e-20	4.875e-19	2.268e-18	2.144e-17	1.763e-16	6.551e-16
2	3	0	3	8.158e-20	6.267e-20	9.261e-20	5.012e-19	2.582e-18	1.000e-17	7.286e-17	4.716e-16	1.512e-15
2	3	0	5	1.089e-21	4.890e-21	2.079e-20	4.074e-19	3.519e-18	1.729e-17	1.505e-16	1.020e-15	3.228e-15
2	3	0	7	3.010e-22	4.606e-21	3.612e-20	1.142e-18	9.656e-18	4.116e-17	2.596e-16	1.201e-15	2.910e-15
2	3	1	1	1.325e-19	1.213e-18	6.918e-18	1.445e-16	1.015e-15	3.920e-15	2.252e-14	9.879e-14	2.345e-13
2	3	1	3	3.710e-18	1.947e-17	7.703e-17	9.605e-16	5.181e-15	1.711e-14	8.258e-14	3.199e-13	7.123e-13
2	3	0	9	1.640e-23	5.088e-22	6.258e-21	3.635e-19	4.118e-18	2.069e-17	1.549e-16	8.014e-16	2.047e-15
2	3	1	5	2.267e-18	3.541e-17	2.387e-16	4.365e-15	2.224e-14	6.277e-14	2.175e-13	5.750e-13	9.842e-13
2	3	0	11	4.964e-26	3.254e-24	7.163e-23	1.138e-20	2.443e-19	1.907e-18	2.521e-17	2.104e-16	7.104e-16
2	3	1	7	3.675e-19	4.308e-18	2.704e-17	5.662e-16	3.633e-15	1.273e-14	6.194e-14	2.291e-13	4.864e-13
2	3	2	1	5.440e-13	1.540e-12	3.180e-12	9.649e-12	1.803e-11	2.690e-11	4.351e-11	6.348e-11	7.828e-11
1	9	0	1	1.348e-24	1.249e-23	9.074e-23	4.290e-21	6.321e-20	4.444e-19	6.069e-18	5.962e-17	2.333e-16
1	9	0	3	4.618e-23	3.629e-22	2.268e-21	7.943e-20	9.462e-19	5.696e-18	6.310e-17	5.157e-16	1.808e-15
1	9	0	5	1.552e-21	9.851e-21	5.168e-20	1.318e-18	1.273e-17	6.607e-17	6.026e-16	4.169e-15	1.324e-14
1	9	0	7	6.179e-20	3.154e-19	1.366e-18	2.413e-17	1.806e-16	7.802e-16	5.567e-15	3.110e-14	8.697e-14
1	9	1	1	1.932e-21	2.277e-20	1.553e-19	4.290e-18	3.538e-17	1.517e-16	9.900e-16	4.808e-15	1.208e-14
1	9	1	3	1.254e-19	1.412e-18	8.727e-18	1.832e-16	1.197e-15	4.268e-15	2.142e-14	8.171e-14	1.770e-13
1	9	0	9	5.357e-18	1.944e-17	6.310e-17	6.494e-16	3.373e-15	1.122e-14	5.664e-14	2.346e-13	5.493e-13
1	9	1	5	1.358e-17	1.297e-16	6.730e-16	9.622e-15	4.704e-14	1.350e-13	5.021e-13	1.466e-12	2.700e-12
1	9	0	11	3.021e-16	1.834e-15	6.675e-15	5.158e-14	1.703e-13	3.725e-13	9.758e-13	2.119e-12	3.283e-12
1	9	1	7	3.827e-15	2.295e-14	8.254e-14	6.219e-13	2.016e-12	4.348e-12	1.118e-11	2.387e-11	3.662e-11
1	9	2	1	1.261e-25	1.542e-23	4.642e-22	9.441e-20	2.014e-18	1.468e-17	1.655e-16	1.142e-15	3.377e-15
1	9	2	3	5.971e-24	8.052e-22	2.350e-20	3.780e-18	6.275e-17	3.696e-16	3.033e-15	1.547e-14	3.782e-14
2	4	0	0	4.698e-23	1.066e-22	3.261e-22	5.099e-21	4.622e-20	2.531e-19	2.750e-18	2.401e-17	9.031e-17
2	4	0	2	8.588e-22	1.871e-21	5.357e-21	7.039e-20	5.526e-19	2.705e-18	2.508e-17	1.894e-16	6.518e-16
2	4	0	4	1.238e-20	2.553e-20	6.573e-20	6.457e-19	3.966e-18	1.601e-17	1.128e-16	6.625e-16	1.953e-15
2	4	0	6	7.838e-23	1.501e-21	1.416e-20	6.273e-19	6.644e-18	3.320e-17	2.582e-16	1.429e-15	3.850e-15
2	4	0	8	2.705e-22	7.380e-21	7.703e-20	3.020e-18	2.507e-17	9.924e-17	5.324e-16	2.037e-15	4.326e-15
2	4	1	0	4.548e-22	1.748e-20	2.291e-19	1.245e-17	1.225e-16	5.370e-16	3.236e-15	1.348e-14	2.993e-14
2	4	1	2	1.436e-20	3.344e-19	3.218e-18	1.176e-16	9.717e-16	3.892e-15	2.157e-14	8.596e-14	1.880e-13
2	4	1	4	1.825e-19	4.193e-18	3.782e-17	1.128e-15	7.784e-15	2.698e-14	1.214e-13	3.990e-13	7.744e-13
2	4	0	10	1.254e-23	5.235e-22	7.547e-21	5.099e-19	5.937e-18	2.959e-17	2.129e-16	1.040e-15	2.545e-15
2	4	1	6	2.816e-18	5.491e-17	4.105e-16	7.989e-15	3.966e-14	1.072e-13	3.413e-13	8.217e-13	1.320e-12
2	4	1	8	1.379e-19	2.571e-18	2.091e-17	5.774e-16	4.012e-15	1.429e-14	6.825e-14	2.404e-13	4.895e-13
2	4	2	0	3.062e-16	2.950e-15	1.332e-14	1.168e-13	3.644e-13	7.263e-13	1.592e-12	2.837e-12	3.847e-12
2	4	0	12	7.488e-27	9.892e-25	3.311e-23	8.760e-21	2.308e-19	1.980e-18	2.806e-17	2.385e-16	8.007e-16
2	4	2	2	3.902e-14	3.176e-13	1.203e-12	7.236e-12	1.703e-11	2.749e-11	4.509e-11	6.208e-11	7.200e-11
0	13	0	1	6.394e-27	6.250e-26	5.116e-25	3.388e-23	6.656e-22	5.873e-21	1.109e-19	1.468e-18	6.905e-18
0	13	0	3	5.398e-25	6.073e-24	4.986e-23	2.770e-21	4.397e-20	3.219e-19	4.577e-18	4.608e-17	1.822e-16
0	13	0	5	3.906e-23	4.951e-22	4.022e-21	1.841e-19	2.342e-18	1.416e-17	1.509e-16	1.152e-15	3.827e-15
0	13	0	7	3.103e-21	3.933e-20	2.944e-19	1.017e-17	1.002e-16	4.923e-16	3.885e-15	2.242e-14	6.259e-14
0	13	1	1	7.278e-28	1.479e-26	1.857e-25	2.030e-23	4.795e-22	4.559e-21	8.951e-20	1.169e-18	5.360e-18
0	13	1	3	4.354e-26	9.959e-25	1.246e-23	1.148e-21	2.220e-20	1.774e-19	2.676e-18	2.714e-17	1.060e-16
0	13	0	9	4.446e-19	4.991e-18	3.146e-17	7.079e-16	4.929e-15	1.853e-14	1.003e-13	4.107e-13	9.298e-13
0	13	1	5	2.859e-24	6.718e-23	7.903e-22	5.689e-20	8.694e-19	5.725e-18	6.513e-17	5.067e-16	1.678e-15
0	13	0	11	4.281e-16	2.755e-15	1.100e-14	1.080e-13	4.338e-13	1.106e-12	3.596e-12	9.512e-12	1.664e-11
0	13	1	7	2.178e-22	4.544e-21	4.571e-20	2.252e-18	2.544e-17	1.328e-16	1.092e-15	6.326e-15	1.750e-14
0	13	2	1	8.523e-31	7.656e-29	2.436e-27	9.016e-25	3.726e-23	4.786e-22	1.263e-20	1.964e-19	9.686e-19
0	13	2	3	2.550e-29	3.739e-27	1.416e-25	4.983e-23	1.638e-21	1.664e-20	2.981e-19	3.130e-18	1.195e-17
0	13	1	9	1.511e-19	1.319e-18	7.244e-18	1.421e-16	9.585e-16	3.603e-15	1.998e-14	8.513e-14	1.987e-13
2	5	0	1	3.010e-22	3.276e-22	6.813e-22	7.499e-21	6.486e-20	3.687e-19	4.532e-18	4.662e-17	1.977e-16
2	5	0	3	3.811e-21	3.943e-21	7.547e-21	6.683e-20	4.831e-19	2.387e-18	2.406e-17	2.065e-16	7.832e-16
2	5	0	5	4.618e-20	5.101e-20	9.309e-20	6.419e-19	3.604e-18	1.442e-17	1.064e-16	6.798e-16	2.144e-15
2	5	0	7	1.110e-21	8.550e-21	4.762e-20	1.155e-18	9.908e-18	4.583e-17	3.472e-16	1.995e-15	5.623e-15
2	5	1	1	1.194e-20	1.066e-19	6.277e-19	1.514e-17	1.222e-16	5.302e-16	3.610e-15	1.859e-14	4.877e-14
2	5	1	3	3.928e-19	2.148e-18	9.167e-18	1.404e-16	9.003e-16	3.406e-15	1.992e-14	9.207e-14	2.285e-13
2	5	0	9	3.585e-21	4.904e-20	3.383e-19	7.994e-18	5.407e-17	1.945e-16	9.704e-16	3.634e-15	7.745e-15
2	5	1	5	1.130e-17	4.452e-17	1.491e-16	1.531e-15	7.698e-15	2.474e-14	1.178e-13	4.597e-13	1.035e-12
2	5	0	11	6.874e-23	1.523e-21	1.554e-20	7.417e-19	7.961e-18	3.962e-17	3.020e-16	1.625e-15	4.288e-15
2	5	1	7	4.653e-17	3.639e-16	1.608e-15	1.727e-14	7.006e-14	1.764e-13	5.534e-13	1.397e-12	2.363e-12
2	5	2	1	1.325e-15	5.767e-15	1.713e-14	1.024e-13	3.027e-13	6.263e-13	1.562e-12	3.315e-12	5.105e-12
2	5	2	3	1.438e-13	5.152e-13	1.263e-12	5.050e-12	1.112e-11	1.849e-11	3.424e-11	5.577e-11	7.321e-11
2	5	1	9	1.921e-18	1.141e-17	4.961e-17	7.244e-16	4.309e-15	1.521e-14	7.989e-14	3.320e-13	7.701e-13
2	5	0	13	1.777e-27	4.344e-25	1.985e-23	6.761e-21	1.783e-19	1.438e-18	1.758e-17	1.249e-16	3.696e-16
1	10	0	0	1.656e-27	4.695e-26	6.883e-25	8.222e-23	1.860e-21	1.651e-20	2.843e-19	3.213e-18	1.336e-17
1	10	0	2	9.719e-26	2.441e-24	3.162e-23	2.901e-21	5.395e-20	4.137e-19	5.829e-18	5.512e-17	2.057e-16
1	10	0	4	3.592e-24	7.698e-23	8.577e-22	5.788e-20	8.630e-19	5.623e-18	6.355e-17	4.946e-16	1.642e-15
1	10	0	6	1.035e-22	1.801e-21	1.685e-20	8.222e-19	9.854e-18	5.495e-17	5.055e-16	3.294e-15	9.842e-15
1	10	0	8	7.734e-21	1.021e-19	7.547e-19	2.371e-17	2.109e-16	9.501e-16	6.588e-15	3.361e-14	8.685e-14
1	10	1	0	1.780e-24	4.221e-23	4.713e-22	2.802e-20	3.584e-19	2.042e-18	1.881e-17	1.202e-16	3.522e-16
1	10	1	2	2.413e-22	5.513e-21	5.598e-20	2.523e-18	2.543e-17	1.199e-16	8.424e-16	4.194e-15	1.053e-14
1	10	1	4	1.659e-20	3.749e-19	3.507e-18	1.210e-16	9.589e-16	3.726e-15	1.981e-14	7.612e-14	1.629e-13
1	10	0	10	1.750e-19	3.317e-18	2.698e-17	7.286e-16	4.929e-15	1.716e-14	7.909e-14	2.692e-13	5.365e-13
1	10	1	6	1.460e-18	2.890e-17	2.303e-16	5.464e-15	3.233e-14	1.005e-13	3.919e-13	1.138e-12	2.052e-12
1	10	1	8	4.559e-16	5.742e-15	3.179e-14	3.936e-13	1.522e-12	3.512e-12	9.279e-12	1.933e-11	2.869e-11
1	10	2	0	7.868e-27	5.846e-25	1.416e-23	2.645e-21	6.286e-20	5.262e-19	7.597e-18	6.829e-17	2.407e-16
1	10	0	12	1.004e-16	1.306e-15	7.134e-15	8.082e-14	2.847e-13	6.072e-13	1.427e-12	2.659e-12	3.681e-12
1	10	2	2	6.744e-25	5.039e-23	1.125e-21	1.576e-19	2.873e-18	1.940e-17	2.051e-16	1.378e-15	4.055e-15
1	10	2	4	3.316e-23	2.424e-21	4.936e-20	5.188e-18	7.338e-17	4.043e-16	3.190e-15	1.635e-14	4.068e-14
2	6	0	0	8.770e-24	1.209e-23	3.005e-23	4.467e-22	4.656e-21	3.005e-20	4.340e-19	5.108e-18	2.341e-17
2	6	0	2	3.316e-22	3.098e-22	5.995e-22	6.310e-21	5.546e-20	3.244e-19	4.217e-18	4.618e-17	2.043e-16
2	6	0	4	4.362e-21	4.047e-21	7.356e-21	6.310e-20	4.613e-19	2.326e-18	2.441e-17	2.190e-16	8.564e-16
2	6	0	6	4.725e-20	5.751e-20	1.119e-19	8.463e-19	4.984e-18	2.052e-17	1.564e-16	1.024e-15	3.270e-15
2	6	0	8	1.508e-21	1.414e-20	8.665e-20	2.252e-18	1.912e-17	8.599e-17	6.139e-16	3.294e-15	8.854e-15
2	6	1	0	2.768e-22	3.526e-21	2.657e-20	9.333e-19	9.307e-18	4.618e-17	3.694e-16	2.158e-15	6.071e-15
2	6	1	2	1.290e-20	1.109e-19	6.440e-19	1.558e-17	1.280e-16	5.652e-16	3.964e-15	2.104e-14	5.629e-14
2	6	1	4	3.862e-19	2.265e-18	1.010e-17	1.641e-16	1.080e-15	4.147e-15	2.462e-14	1.148e-13	2.860e-13
2	6	0	10	1.217e-20	1.462e-19	9.129e-19	1.816e-17	1.101e-16	3.674e-16	1.663e-15	5.742e-15	1.167e-14
2	6	1	6	7.305e-18	3.816e-17	1.483e-16	1.748e-15	8.970e-15	2.847e-14	1.298e-13	4.766e-13	1.027e-12
2	6	1	8	1.369e-16	8.810e-16	3.425e-15	3.069e-14	1.135e-13	2.704e-13	7.975e-13	1.926e-12	3.184e-12
2	6	2	0	3.627e-18	2.599e-17	1.127e-16	1.275e-15	5.602e-15	1.518e-14	5.341e-14	1.509e-13	2.743e-13
2	6	0	12	6.744e-23	1.479e-21	1.514e-20	7.413e-19	8.181e-18	4.169e-17	3.292e-16	1.832e-15	4.937e-15
2	6	2	2	4.019e-16	2.441e-15	8.944e-15	7.063e-14	2.378e-13	5.283e-13	1.416e-12	3.140e-12	4.929e-12
2	6	2	4	4.475e-14	2.167e-13	6.424e-13	3.311e-12	8.219e-12	1.460e-11	2.892e-11	4.915e-11	6.576e-11
2	6	1	10	7.403e-19	5.704e-18	2.899e-17	5.129e-16	3.299e-15	1.208e-14	6.531e-14	2.740e-13	6.351e-13
0	14	0	0	2.315e-29	2.262e-28	2.016e-27	1.789e-25	4.588e-24	5.025e-23	1.298e-21	2.299e-20	1.296e-19
0	14	0	2	2.931e-27	3.385e-26	3.098e-25	2.413e-23	5.162e-22	4.799e-21	9.619e-20	1.331e-18	6.408e-18
0	14	0	4	1.318e-25	1.859e-24	1.783e-23	1.252e-21	2.262e-20	1.797e-19	2.814e-18	3.053e-17	1.258e-16
0	14	0	6	1.029e-23	1.600e-22	1.498e-21	8.511e-20	1.222e-18	7.984e-18	9.333e-17	7.658e-16	2.648e-15
0	14	0	8	7.417e-22	1.205e-20	1.058e-19	4.545e-18	4.975e-17	2.597e-16	2.185e-15	1.316e-14	3.750e-14
0	14	1	0	2.914e-30	6.449e-29	9.404e-28	1.531e-25	5.040e-24	6.213e-23	1.763e-21	3.227e-20	1.820e-19
0	14	1	2	2.711e-28	7.370e-27	1.119e-25	1.594e-23	4.301e-22	4.421e-21	9.454e-20	1.311e-18	6.195e-18
0	14	1	4	1.924e-26	6.090e-25	9.309e-24	1.109e-21	2.403e-20	2.037e-19	3.245e-18	3.388e-17	1.337e-16
0	14	0	10	1.444e-19	1.958e-18	1.389e-17	3.654e-16	2.735e-15	1.069e-14	6.018e-14	2.524e-13	5.771e-13
0	14	1	6	1.361e-24	4.285e-23	5.995e-22	5.309e-20	8.790e-19	5.995e-18	6.978e-17	5.439e-16	1.791e-15
0	14	1	8	2.460e-22	6.065e-21	6.661e-20	3.554e-18	4.060e-17	2.102e-16	1.680e-15	9.376e-15	2.524e-14
0	14	2	0	1.281e-31	7.310e-30	1.886e-28	6.202e-26	2.724e-24	3.851e-23	1.218e-21	2.314e-20	1.305e-19
0	14	0	12	1.881e-16	1.563e-15	7.237e-15	8.409e-14	3.583e-13	9.330e-13	3.054e-12	7.991e-12	1.380e-11
0	14	2	2	1.335e-29	8.354e-28	2.111e-26	5.721e-24	2.036e-22	2.405e-21	5.813e-20	8.542e-19	4.101e-18
0	14	2	4	6.346e-28	4.985e-26	1.325e-24	3.162e-22	9.205e-21	9.027e-20	1.631e-18	1.800e-17	7.197e-17
0	14	1	10	1.995e-19	2.495e-18	1.653e-17	3.826e-16	2.626e-15	9.651e-15	5.005e-14	1.956e-13	4.288e-13
0	14	2	6	2.194e-26	2.305e-24	6.730e-23	1.507e-20	3.716e-19	3.093e-18	4.286e-17	3.623e-16	1.219e-15
1	11	0	1	1.162e-26	1.212e-25	1.036e-24	7.328e-23	1.491e-21	1.346e-20	2.608e-19	3.521e-18	1.674e-17
1	11	0	3	4.304e-25	4.198e-24	3.261e-23	1.809e-21	3.026e-20	2.344e-19	3.668e-18	4.075e-17	1.719e-16
1	11	0	5	1.364e-23	1.173e-22	7.943e-22	3.255e-20	4.325e-19	2.818e-18	3.472e-17	3.115e-16	1.154e-15
1	11	0	7	6.097e-22	4.356e-21	2.486e-20	7.244e-19	7.558e-18	4.126e-17	4.004e-16	2.912e-15	9.514e-15
1	11	1	1	7.460e-24	7.868e-23	5.696e-22	2.239e-20	2.655e-19	1.545e-18	1.585e-17	1.182e-16	3.889e-16
1	11	1	3	5.098e-22	5.991e-21	4.277e-20	1.388e-18	1.328e-17	6.424e-17	4.990e-16	2.852e-15	7.932e-15
1	11	0	9	3.552e-20	1.987e-19	9.120e-19	1.738e-17	1.348e-16	5.934e-16	4.315e-15	2.438e-14	6.854e-14
1	11	1	5	3.348e-20	3.933e-19	2.603e-18	6.531e-17	4.939e-16	1.975e-15	1.165e-14	5.151e-14	1.222e-13
1	11	0	11	4.175e-18	2.056e-17	7.782e-17	9.068e-16	4.708e-15	1.517e-14	7.110e-14	2.691e-13	5.916e-13
1	11	1	7	3.193e-18	3.254e-17	1.822e-16	3.101e-15	1.735e-14	5.518e-14	2.367e-13	7.854e-13	1.564e-12
1	11	2	1	6.419e-26	2.790e-24	4.910e-23	6.237e-21	1.273e-19	9.949e-19	1.369e-17	1.219e-16	4.328e-16
1	11	2	3	4.595e-24	2.091e-22	3.455e-21	3.324e-19	5.174e-18	3.233e-17	3.202e-16	2.094e-15	6.130e-15
1	11	1	9	1.735e-15	1.003e-14	3.626e-14	2.924e-13	1.022e-12	2.353e-12	6.668e-12	1.563e-11	2.543e-11
1	11	0	13	1.010e-15	6.440e-15	2.303e-14	1.567e-13	4.521e-13	8.822e-13	1.950e-12	3.602e-12	5.043e-12
1	11	2	5	3.936e-22	1.720e-20	2.538e-19	1.748e-17	2.036e-16	1.010e-15	7.192e-15	3.469e-14	8.412e-14
2	7	0	1	8.670e-24	1.218e-23	3.162e-23	5.309e-22	6.138e-21	4.299e-20	6.978e-19	9.144e-18	4.477e-17
2	7	0	3	2.700e-22	2.660e-22	5.412e-22	6.310e-21	5.970e-20	3.687e-19	5.158e-18	6.028e-17	2.772e-16
2	7	0	5	3.620e-21	3.619e-21	6.989e-21	6.683e-20	5.248e-19	2.783e-18	3.117e-17	2.959e-16	1.196e-15
2	7	0	7	2.575e-20	3.976e-20	8.981e-20	8.270e-19	5.336e-18	2.309e-17	1.849e-16	1.247e-15	4.032e-15
2	7	1	1	2.624e-22	3.111e-21	2.303e-20	8.366e-19	8.839e-18	4.630e-17	4.033e-16	2.563e-15	7.611e-15
2	7	1	3	1.108e-20	9.418e-20	5.467e-19	1.341e-17	1.121e-16	5.025e-16	3.605e-15	1.955e-14	5.305e-14
2	7	0	9	3.498e-21	3.023e-20	1.756e-19	4.217e-18	3.436e-17	1.506e-16	1.044e-15	5.481e-15	1.456e-14
2	7	1	5	3.380e-19	2.003e-18	9.027e-18	1.496e-16	1.000e-15	3.881e-15	2.337e-14	1.104e-13	2.772e-13
2	7	0	11	3.156e-20	3.801e-19	2.296e-18	4.067e-17	2.218e-16	6.790e-16	2.714e-15	8.338e-15	1.576e-14
2	7	1	7	6.419e-18	3.933e-17	1.677e-16	2.200e-15	1.174e-14	3.782e-14	1.735e-13	6.346e-13	1.359e-12
2	7	2	1	1.463e-18	1.425e-17	7.571e-17	1.144e-15	5.836e-15	1.730e-14	6.735e-14	2.048e-13	3.867e-13
2	7	2	3	1.173e-16	9.652e-16	4.303e-15	4.457e-14	1.716e-13	4.122e-13	1.202e-12	2.823e-12	4.561e-12
2	7	1	9	2.649e-16	1.594e-15	5.897e-15	4.881e-14	1.721e-13	3.975e-13	1.128e-12	2.638e-12	4.283e-12
2	7	0	13	3.682e-23	1.775e-21	2.712e-20	1.851e-18	2.063e-17	9.772e-17	6.447e-16	2.877e-15	6.635e-15
2	7	2	5	1.709e-14	9.858e-14	3.303e-13	2.054e-12	5.665e-12	1.077e-11	2.314e-11	4.192e-11	5.811e-11
2	7	1	11	3.279e-20	1.629e-18	2.338e-17	1.237e-15	1.080e-14	4.190e-14	2.062e-13	6.992e-13	1.359e-12
2	8	0	0	7.032e-26	1.910e-25	7.547e-25	2.239e-23	3.404e-22	2.783e-21	5.309e-20	7.734e-19	3.981e-18
2	8	0	2	5.597e-24	8.207e-24	2.210e-23	3.981e-22	4.831e-21	3.503e-20	5.957e-19	8.127e-18	4.076e-17
2	8	0	4	1.526e-22	1.767e-22	3.981e-22	5.309e-21	5.346e-20	3.415e-19	4.940e-18	5.892e-17	2.734e-16
2	8	0	6	2.624e-21	3.154e-21	6.813e-21	7.499e-20	6.252e-19	3.415e-18	3.924e-17	3.767e-16	1.526e-15
2	8	0	8	1.730e-20	3.659e-20	9.898e-20	1.116e-18	7.698e-18	3.406e-17	2.734e-16	1.809e-15	5.741e-15
2	8	1	0	5.971e-24	7.522e-23	6.150e-22	2.901e-20	3.802e-19	2.356e-18	2.604e-17	2.057e-16	6.980e-16
2	8	1	2	2.531e-22	2.674e-21	1.886e-20	6.761e-19	7.365e-18	4.001e-17	3.715e-16	2.525e-15	7.839e-15
2	8	1	4	7.154e-21	6.008e-20	3.521e-19	9.068e-18	7.958e-17	3.715e-16	2.831e-15	1.625e-14	4.569e-14
2	8	0	10	6.693e-21	4.998e-20	2.657e-19	5.721e-18	4.455e-17	1.910e-16	1.301e-15	6.785e-15	1.802e-14
2	8	1	6	2.794e-19	1.701e-18	7.822e-18	1.341e-16	9.154e-16	3.603e-15	2.210e-14	1.060e-13	2.684e-13
2	8	1	8	7.046e-18	4.427e-17	1.905e-16	2.497e-15	1.318e-14	4.201e-14	1.892e-13	6.788e-13	1.435e-12
2	8	2	0	2.659e-21	4.332e-20	3.380e-19	9.661e-18	7.285e-17	2.811e-16	1.527e-15	6.116e-15	1.353e-14
2	8	0	12	7.517e-20	8.703e-19	5.038e-18	8.128e-17	4.130e-16	1.199e-15	4.454e-15	1.282e-14	2.329e-14
2	8	2	2	3.847e-19	4.964e-18	3.159e-17	6.109e-16	3.518e-15	1.117e-14	4.680e-14	1.495e-13	2.891e-13
2	8	2	4	4.215e-17	4.250e-16	2.177e-15	2.770e-14	1.193e-13	3.075e-13	9.730e-13	2.435e-12	4.070e-12
2	8	1	10	4.247e-16	2.588e-15	9.482e-15	7.447e-14	2.492e-13	5.507e-13	1.464e-12	3.221e-12	5.033e-12
2	8	2	6	7.995e-15	5.141e-14	1.867e-13	1.326e-12	3.966e-12	7.964e-12	1.833e-11	3.514e-11	5.033e-11
2	8	0	14	7.006e-23	3.069e-21	4.704e-20	3.679e-18	4.809e-17	2.619e-16	2.133e-15	1.166e-14	3.055e-14
3	0	0	0	1.466e-21	1.947e-21	3.363e-21	1.505e-20	5.316e-20	1.434e-19	5.880e-19	2.147e-18	4.762e-18
3	0	0	2	1.390e-21	1.052e-21	1.514e-21	7.630e-21	3.705e-20	1.370e-19	9.346e-19	5.696e-18	1.760e-17
3	0	0	4	2.174e-22	1.955e-22	3.415e-22	2.661e-21	1.803e-20	8.577e-20	8.294e-19	6.913e-18	2.584e-17
3	0	0	6	6.097e-24	9.470e-24	2.512e-23	3.981e-22	4.207e-21	2.712e-20	3.868e-19	4.463e-18	2.014e-17
3	0	0	8	1.570e-25	1.511e-24	1.113e-23	5.248e-22	7.600e-21	5.248e-20	6.958e-19	6.632e-18	2.545e-17
3	0	1	0	8.887e-22	5.736e-21	2.783e-20	5.309e-19	3.908e-18	1.626e-17	1.075e-16	5.502e-16	1.450e-15
3	0	1	2	4.207e-22	4.153e-21	2.712e-20	8.175e-19	7.798e-18	3.831e-17	3.095e-16	1.856e-15	5.340e-15
3	0	1	4	5.575e-22	4.108e-21	2.256e-20	5.527e-19	4.866e-18	2.309e-17	1.822e-16	1.091e-15	3.158e-15
3	0	0	10	5.597e-27	1.252e-25	1.561e-24	1.462e-22	2.895e-21	2.362e-20	3.683e-19	3.857e-18	1.538e-17
3	0	1	6	1.149e-22	1.889e-21	1.643e-20	6.722e-19	7.008e-18	3.512e-17	2.782e-16	1.583e-15	4.355e-15
3	0	1	8	8.786e-24	2.748e-22	3.528e-21	2.347e-19	3.000e-18	1.660e-17	1.429e-16	8.414e-16	2.328e-15
3	0	2	0	7.764e-18	2.851e-17	8.890e-17	7.852e-16	3.532e-15	1.044e-14	4.441e-14	1.566e-13	3.319e-13
3	0	0	12	5.554e-29	2.775e-27	6.407e-26	1.718e-23	6.583e-22	8.446e-21	2.351e-19	4.001e-18	2.115e-17
3	0	2	2	4.566e-18	3.399e-17	1.566e-16	2.069e-15	1.033e-14	3.093e-14	1.252e-13	4.023e-13	7.911e-13
3	0	2	4	1.625e-18	1.789e-17	1.032e-16	1.759e-15	9.571e-15	2.952e-14	1.202e-13	3.783e-13	7.275e-13
3	0	1	10	1.867e-26	2.180e-24	6.641e-23	1.496e-20	3.565e-19	2.855e-18	3.705e-17	2.925e-16	9.407e-16
3	0	2	6	1.049e-20	4.130e-19	5.275e-18	2.541e-16	2.220e-15	8.822e-15	4.597e-14	1.670e-13	3.404e-13
3	0	0	14	2.565e-33	3.827e-30	6.607e-28	1.961e-24	1.902e-22	3.659e-21	1.328e-19	2.300e-18	1.134e-17
3	0	2	8	4.680e-25	2.536e-22	1.643e-20	6.457e-18	1.443e-16	9.380e-16	7.785e-15	3.654e-14	8.205e-14
3	1	0	1	2.757e-22	7.900e-22	2.165e-21	1.708e-20	7.600e-20	2.285e-19	1.019e-18	3.819e-18	8.456e-18
3	1	0	3	3.138e-23	1.026e-22	3.467e-22	4.704e-21	3.269e-20	1.391e-19	1.013e-18	5.944e-18	1.732e-17
3	1	0	5	2.418e-24	1.437e-23	7.356e-23	1.884e-21	1.871e-20	1.000e-19	9.577e-19	6.966e-18	2.287e-17
3	1	0	7	4.050e-26	7.772e-25	8.360e-24	5.788e-22	9.204e-21	6.391e-20	8.001e-19	6.900e-18	2.448e-17
3	1	1	1	5.565e-22	4.910e-21	2.929e-20	7.499e-19	6.427e-18	2.929e-17	2.144e-16	1.182e-15	3.237e-15
3	1	1	3	4.093e-23	1.238e-21	1.504e-20	8.653e-19	9.812e-18	4.946e-17	3.731e-16	1.946e-15	5.000e-15
3	1	0	9	5.419e-27	2.240e-25	3.900e-24	5.099e-22	1.088e-20	8.867e-20	1.301e-18	1.236e-17	4.569e-17
3	1	1	5	9.719e-23	2.189e-21	2.188e-20	9.522e-19	9.341e-18	4.315e-17	2.949e-16	1.432e-15	3.542e-15
3	1	0	11	5.069e-28	3.394e-26	8.533e-25	2.077e-22	6.534e-21	6.936e-20	1.427e-18	1.796e-17	7.821e-17
3	1	1	7	1.006e-23	5.513e-22	9.261e-21	7.371e-19	9.003e-18	4.536e-17	3.231e-16	1.536e-15	3.670e-15
3	1	2	1	2.007e-19	4.379e-18	3.744e-17	9.943e-16	6.286e-15	2.042e-14	8.402e-14	2.548e-13	4.713e-13
3	1	2	3	2.220e-19	7.481e-18	7.862e-17	2.385e-15	1.448e-14	4.354e-14	1.538e-13	3.928e-13	6.463e-13
3	1	1	9	6.731e-25	4.714e-23	1.010e-21	1.341e-19	2.386e-18	1.589e-17	1.657e-16	1.105e-15	3.239e-15
3	1	0	13	2.810e-30	1.023e-27	6.675e-26	4.545e-23	1.944e-21	2.227e-20	4.359e-19	4.673e-18	1.768e-17
3	1	2	5	1.000e-19	3.317e-18	3.557e-17	1.182e-15	7.842e-15	2.538e-14	9.986e-14	2.824e-13	4.951e-13
3	1	1	11	1.564e-27	6.690e-25	4.524e-23	2.818e-20	1.047e-18	1.052e-17	1.679e-16	1.472e-15	4.895e-15
3	1	2	7	2.875e-22	3.585e-20	8.981e-19	9.495e-17	1.107e-15	4.936e-15	2.727e-14	9.674e-14	1.891e-13
1	12	0	0	2.474e-29	5.228e-28	7.134e-27	9.829e-25	2.826e-23	3.138e-22	7.685e-21	1.230e-19	6.390e-19
1	12	0	2	1.203e-27	2.606e-26	3.432e-25	4.050e-23	1.002e-21	9.822e-21	2.004e-19	2.701e-18	1.261e-17
1	12	0	4	3.966e-26	8.218e-25	9.898e-24	9.120e-22	1.830e-20	1.521e-19	2.455e-18	2.668e-17	1.090e-16
1	12	0	6	1.356e-24	2.491e-23	2.617e-22	1.768e-20	2.795e-19	1.940e-18	2.437e-17	2.115e-16	7.540e-16
1	12	0	8	8.887e-23	1.299e-21	1.119e-20	5.188e-19	6.333e-18	3.649e-17	3.579e-16	2.504e-15	7.854e-15
1	12	1	0	1.558e-26	2.350e-25	2.279e-24	1.522e-22	2.563e-21	1.910e-20	2.711e-19	2.671e-18	1.035e-17
1	12	1	2	1.151e-24	2.076e-23	2.068e-22	1.195e-20	1.650e-19	1.029e-18	1.108e-17	8.337e-17	2.722e-16
1	12	1	4	7.154e-23	1.437e-21	1.416e-20	6.839e-19	7.698e-18	4.022e-17	3.321e-16	1.938e-15	5.388e-15
1	12	0	10	8.346e-21	8.434e-20	5.439e-19	1.522e-17	1.345e-16	6.198e-16	4.551e-15	2.494e-14	6.780e-14
1	12	1	6	4.540e-21	9.004e-20	8.124e-19	2.946e-17	2.565e-16	1.090e-15	6.681e-15	2.956e-14	6.924e-14
1	12	1	8	6.132e-19	1.063e-17	8.108e-17	1.972e-15	1.254e-14	4.190e-14	1.835e-13	5.994e-13	1.167e-12
1	12	2	0	5.089e-28	2.073e-26	3.802e-25	6.060e-23	1.559e-21	1.479e-20	2.711e-19	3.170e-18	1.334e-17
1	12	0	12	3.585e-19	5.775e-18	4.255e-17	1.014e-15	6.510e-15	2.207e-14	9.950e-14	3.353e-13	6.668e-13
1	12	2	2	6.542e-26	2.752e-24	4.762e-23	5.957e-21	1.213e-19	9.501e-19	1.314e-17	1.180e-16	4.212e-16
1	12	2	4	4.917e-24	2.159e-22	3.525e-21	3.410e-19	5.407e-18	3.442e-17	3.513e-16	2.369e-15	7.073e-15
1	12	1	10	3.144e-16	3.272e-15	1.651e-14	1.916e-13	7.502e-13	1.783e-12	5.005e-12	1.118e-11	1.739e-11
1	12	2	6	4.601e-22	1.831e-20	2.564e-19	1.669e-17	1.912e-16	9.453e-16	6.751e-15	3.286e-14	8.033e-14
1	12	0	14	1.182e-15	1.033e-14	4.410e-14	3.631e-13	1.109e-12	2.193e-12	4.800e-12	8.601e-12	1.173e-11
1	12	2	8	1.259e-19	3.052e-18	2.914e-17	9.829e-16	7.434e-15	2.761e-14	1.367e-13	4.888e-13	9.986e-13
1	12	3	0	8.887e-32	1.165e-28	1.703e-26	3.388e-23	2.394e-21	3.612e-20	9.333e-19	1.189e-17	4.854e-17
3	2	0	0	8.426e-23	1.261e-22	2.538e-22	1.641e-21	7.755e-21	2.617e-20	1.466e-19	7.105e-19	1.873e-18
3	2	0	2	9.023e-22	1.534e-21	3.179e-21	1.916e-20	8.106e-20	2.467e-19	1.177e-18	4.863e-18	1.158e-17
3	2	0	4	5.597e-23	1.269e-22	3.612e-22	4.416e-21	3.197e-20	1.460e-19	1.220e-18	8.333e-18	2.693e-17
3	2	0	6	3.552e-24	1.934e-23	9.501e-23	2.371e-21	2.377e-20	1.292e-19	1.277e-18	9.627e-18	3.237e-17
3	2	0	8	2.328e-25	3.344e-24	2.899e-23	1.404e-21	1.796e-20	1.077e-19	1.120e-18	8.292e-18	2.694e-17
3	2	1	0	1.328e-22	5.886e-22	2.551e-21	5.432e-20	5.086e-19	2.671e-18	2.563e-17	1.905e-16	6.381e-16
3	2	1	2	1.591e-21	8.107e-21	3.594e-20	6.879e-19	5.546e-18	2.544e-17	1.981e-16	1.200e-15	3.531e-15
3	2	1	4	1.472e-22	2.962e-21	2.826e-20	1.216e-18	1.231e-17	5.904e-17	4.303e-16	2.235e-15	5.782e-15
3	2	0	10	1.597e-26	5.446e-25	8.149e-24	8.175e-22	1.472e-20	1.066e-19	1.343e-18	1.121e-17	3.843e-17
3	2	1	6	6.848e-22	1.072e-20	8.395e-20	2.562e-18	2.081e-17	8.564e-17	5.124e-16	2.253e-15	5.286e-15
3	2	1	8	4.716e-23	1.690e-21	2.188e-20	1.252e-18	1.326e-17	6.213e-17	4.151e-16	1.912e-15	4.528e-15
3	2	2	0	9.905e-20	1.007e-18	5.820e-18	1.110e-16	6.895e-16	2.387e-15	1.158e-14	4.313e-14	9.224e-14
3	2	0	12	1.269e-27	4.958e-26	9.356e-25	1.738e-22	5.219e-21	5.638e-20	1.252e-18	1.754e-17	8.271e-17
3	2	2	2	5.177e-19	7.846e-18	5.445e-17	1.146e-15	6.707e-15	2.125e-14	8.730e-14	2.710e-13	5.128e-13
3	2	2	4	1.697e-18	3.167e-17	2.338e-16	4.624e-15	2.368e-14	6.590e-14	2.200e-13	5.552e-13	9.193e-13
3	2	1	10	1.142e-24	5.844e-23	1.050e-21	1.153e-19	1.939e-18	1.274e-17	1.343e-16	9.230e-16	2.779e-15
3	2	2	6	4.354e-19	8.275e-18	6.473e-17	1.522e-15	9.070e-15	2.847e-14	1.130e-13	3.346e-13	6.114e-13
3	2	0	14	5.429e-31	3.367e-28	3.195e-26	3.890e-23	2.321e-21	3.294e-20	8.366e-19	1.103e-17	4.684e-17
3	2	2	8	3.710e-22	3.460e-20	7.547e-19	7.286e-17	8.710e-16	4.084e-15	2.494e-14	9.905e-14	2.091e-13
3	2	3	0	3.967e-13	1.506e-12	3.581e-12	1.197e-11	2.190e-11	3.116e-11	4.580e-11	5.992e-11	6.856e-11
3	2	1	12	3.966e-29	5.032e-26	6.641e-24	9.716e-21	5.248e-19	6.391e-18	1.214e-16	1.164e-15	3.990e-15
0	15	0	1	1.310e-29	1.521e-28	1.521e-27	1.594e-25	4.463e-24	5.155e-23	1.415e-21	2.621e-20	1.513e-19
0	15	0	3	9.886e-28	1.379e-26	1.431e-25	1.334e-23	3.133e-22	3.082e-21	6.588e-20	9.554e-19	4.715e-18
0	15	0	5	5.177e-26	8.679e-25	9.309e-24	7.630e-22	1.489e-20	1.237e-19	2.033e-18	2.280e-17	9.554e-17
0	15	0	7	3.465e-24	6.267e-23	6.473e-22	4.217e-20	6.486e-19	4.410e-18	5.386e-17	4.557e-16	1.600e-15
0	15	1	1	2.161e-30	5.094e-29	7.943e-28	1.496e-25	5.495e-24	7.356e-23	2.337e-21	4.734e-20	2.838e-19
0	15	1	3	1.656e-28	5.094e-27	8.446e-26	1.380e-23	4.033e-22	4.365e-21	9.943e-20	1.450e-18	7.050e-18
0	15	0	9	3.085e-22	5.862e-21	5.696e-20	2.818e-18	3.311e-17	1.801e-16	1.585e-15	9.849e-15	2.852e-14
0	15	1	5	1.008e-26	3.729e-25	6.310e-24	8.660e-22	2.014e-20	1.778e-19	2.964e-18	3.193e-17	1.280e-16
0	15	0	11	6.796e-20	1.102e-18	8.710e-18	2.623e-16	2.078e-15	8.350e-15	4.810e-14	2.037e-13	4.665e-13
0	15	1	7	8.955e-25	3.353e-23	5.195e-22	5.188e-20	8.987e-19	6.245e-18	7.349e-17	5.719e-16	1.873e-15
0	15	2	1	6.016e-30	2.350e-28	4.478e-27	8.610e-25	2.669e-23	2.959e-22	6.819e-21	9.898e-20	4.768e-19
0	15	2	3	6.262e-28	2.801e-26	5.302e-25	8.318e-23	2.036e-21	1.838e-20	3.108e-19	3.349e-18	1.337e-17
0	15	1	9	2.157e-22	6.573e-21	8.132e-20	4.935e-18	5.857e-17	3.061e-16	2.431e-15	1.330e-14	3.519e-14
0	15	0	13	9.409e-17	9.240e-16	4.728e-15	6.212e-14	2.783e-13	7.419e-13	2.474e-12	6.509e-12	1.123e-11
0	15	2	5	3.211e-26	1.718e-24	3.328e-23	4.467e-21	8.872e-20	6.641e-19	8.414e-18	6.848e-17	2.287e-16
0	15	1	11	1.678e-19	2.816e-18	2.194e-17	6.001e-16	4.298e-15	1.586e-14	8.050e-14	3.022e-13	6.418e-13
0	15	2	7	1.756e-24	1.033e-22	1.945e-21	2.083e-19	3.251e-18	1.983e-17	1.850e-16	1.125e-15	3.129e-15
0	15	3	1	2.112e-34	3.943e-31	7.547e-29	2.371e-25	2.228e-23	4.084e-22	1.353e-20	2.121e-19	9.768e-19
3	3	0	1	3.156e-22	3.040e-22	4.836e-22	2.497e-21	1.133e-20	3.871e-20	2.301e-19	1.213e-18	3.408e-18
3	3	0	3	1.973e-21	2.305e-21	3.881e-21	1.884e-20	7.516e-20	2.268e-19	1.106e-18	4.788e-18	1.184e-17
3	3	0	5	1.763e-22	2.151e-22	4.410e-22	3.981e-21	2.754e-20	1.292e-19	1.189e-18	9.267e-18	3.299e-17
3	3	0	7	8.111e-24	3.362e-23	1.445e-22	3.273e-21	3.324e-20	1.876e-19	2.013e-18	1.667e-17	5.980e-17
3	3	1	1	9.162e-22	2.162e-21	6.641e-21	1.000e-19	8.630e-19	4.524e-18	4.597e-17	3.760e-16	1.357e-15
3	3	1	3	3.223e-21	1.218e-20	4.571e-20	7.328e-19	5.618e-18	2.551e-17	2.013e-16	1.260e-15	3.809e-15
3	3	0	9	4.304e-24	2.183e-23	1.125e-22	3.631e-21	4.725e-20	3.195e-19	4.365e-18	4.468e-17	1.820e-16
3	3	1	5	1.425e-21	1.285e-20	7.743e-20	1.995e-18	1.706e-17	7.743e-17	5.623e-16	3.073e-15	8.365e-15
3	3	0	11	3.767e-26	1.532e-24	2.657e-23	3.508e-21	7.600e-20	6.277e-19	9.413e-18	9.131e-17	3.422e-16
3	3	1	7	4.531e-21	4.701e-20	2.869e-19	6.419e-18	4.579e-17	1.769e-16	1.004e-15	4.322e-15	1.011e-14
3	3	2	1	6.346e-19	3.796e-18	1.626e-17	2.239e-16	1.259e-15	4.244e-15	2.083e-14	8.127e-14	1.812e-13
3	3	2	3	6.680e-18	3.522e-17	1.346e-16	1.479e-15	7.099e-15	2.132e-14	8.964e-14	3.052e-13	6.274e-13
3	3	1	9	1.351e-22	3.193e-21	3.450e-20	1.841e-18	2.136e-17	1.125e-16	9.252e-16	5.320e-15	1.460e-14
3	3	0	13	2.639e-27	2.491e-25	6.848e-24	1.437e-21	3.474e-20	2.877e-19	3.998e-18	3.414e-17	1.158e-16
3	3	2	5	7.236e-18	9.316e-17	5.467e-16	8.035e-15	3.604e-14	9.356e-14	2.926e-13	7.121e-13	1.163e-12
3	3	1	11	2.853e-24	2.388e-22	5.725e-21	8.810e-19	1.678e-17	1.160e-16	1.255e-15	8.558e-15	2.533e-14
3	3	2	7	1.419e-18	1.633e-17	9.678e-17	1.706e-15	9.421e-15	2.927e-14	1.200e-13	3.788e-13	7.291e-13
3	3	3	1	1.576e-12	3.183e-12	5.431e-12	1.338e-11	2.345e-11	3.437e-11	5.596e-11	8.403e-11	1.063e-10
3	3	0	15	4.151e-31	4.250e-28	5.195e-26	7.762e-23	4.630e-21	6.245e-20	1.404e-18	1.598e-17	6.123e-17
2	9	0	1	1.245e-26	6.690e-26	3.961e-25	1.905e-23	3.493e-22	3.098e-21	6.237e-20	9.124e-19	4.631e-18
2	9	0	3	4.183e-25	1.383e-24	5.995e-24	1.884e-22	2.805e-21	2.210e-20	3.924e-19	5.276e-18	2.572e-17
2	9	0	5	1.162e-23	3.188e-23	1.184e-22	2.802e-21	3.455e-20	2.380e-19	3.543e-18	4.093e-17	1.824e-16
2	9	0	7	2.560e-22	6.791e-22	2.314e-21	4.266e-20	4.238e-19	2.461e-18	2.867e-17	2.643e-16	1.025e-15
2	9	1	1	1.733e-25	9.431e-24	1.779e-22	2.129e-20	3.785e-19	2.586e-18	2.865e-17	2.055e-16	6.343e-16
2	9	1	3	6.679e-24	2.748e-22	4.190e-21	3.497e-19	4.966e-18	2.910e-17	2.651e-16	1.615e-15	4.536e-15
2	9	0	9	2.886e-21	1.151e-20	4.524e-20	7.943e-19	6.486e-18	3.082e-17	2.585e-16	1.707e-15	5.328e-15
2	9	1	5	3.170e-22	9.045e-21	1.059e-19	5.809e-18	6.442e-17	3.208e-16	2.391e-15	1.238e-14	3.171e-14
2	9	0	11	1.720e-21	3.890e-20	3.786e-19	1.497e-17	1.343e-16	5.771e-16	3.549e-15	1.561e-14	3.633e-14
2	9	1	7	1.787e-20	3.214e-19	2.740e-18	9.306e-17	7.914e-16	3.333e-15	2.034e-14	9.027e-14	2.123e-13
2	9	2	1	4.689e-22	1.441e-20	1.618e-19	6.958e-18	6.015e-17	2.430e-16	1.328e-15	5.126e-15	1.092e-14
2	9	2	3	4.096e-20	1.138e-18	1.125e-17	3.569e-16	2.425e-15	8.149e-15	3.443e-14	1.053e-13	1.945e-13
2	9	1	9	6.953e-19	1.355e-17	1.091e-16	2.738e-15	1.716e-14	5.595e-14	2.341e-13	7.266e-13	1.367e-12
2	9	0	13	5.803e-20	1.441e-18	1.265e-17	3.108e-16	1.744e-15	5.076e-15	1.760e-14	4.514e-14	7.497e-14
2	9	2	5	2.903e-18	6.828e-17	5.696e-16	1.259e-14	6.546e-14	1.801e-13	5.788e-13	1.387e-12	2.213e-12
2	9	1	11	1.787e-16	2.978e-15	1.896e-14	2.615e-13	1.006e-12	2.244e-12	5.503e-12	1.050e-11	1.465e-11
2	9	2	7	6.238e-16	1.028e-14	6.374e-14	8.175e-13	2.954e-12	6.277e-12	1.435e-11	2.566e-11	3.441e-11
2	9	3	1	1.385e-25	6.335e-23	3.841e-21	1.505e-18	3.571e-17	2.480e-16	2.301e-15	1.212e-14	2.935e-14
2	9	0	15	1.173e-21	4.415e-20	5.580e-19	2.754e-17	2.503e-16	1.031e-15	5.689e-15	2.185e-14	4.618e-14
2	9	3	3	1.928e-23	5.712e-21	2.474e-19	5.432e-17	8.937e-16	4.823e-15	3.236e-14	1.298e-13	2.681e-13
3	4	0	0	8.539e-24	1.337e-23	2.914e-23	2.331e-22	1.316e-21	5.102e-21	3.482e-20	2.021e-19	5.955e-19
3	4	0	2	1.369e-22	1.990e-22	4.043e-22	2.802e-21	1.427e-20	5.129e-20	3.158e-19	1.674e-18	4.669e-18
3	4	0	4	9.391e-22	1.596e-21	3.328e-21	2.054e-20	8.872e-20	2.747e-19	1.343e-18	5.683e-18	1.373e-17
3	4	0	6	1.763e-23	5.581e-23	2.006e-22	3.508e-21	3.110e-20	1.618e-19	1.580e-18	1.222e-17	4.228e-17
3	4	0	8	2.437e-24	2.533e-23	1.774e-22	6.346e-21	6.944e-20	3.792e-19	3.553e-18	2.438e-17	7.618e-17
3	4	1	0	1.027e-23	5.032e-23	2.411e-22	6.346e-21	6.944e-20	4.095e-19	4.604e-18	3.939e-17	1.437e-16
3	4	1	2	1.310e-22	6.718e-22	3.211e-21	7.898e-20	7.987e-19	4.399e-18	4.460e-17	3.456e-16	1.184e-15
3	4	1	4	2.203e-21	1.154e-20	5.168e-20	9.886e-19	7.885e-18	3.575e-17	2.731e-16	1.622e-15	4.710e-15
3	4	0	10	4.788e-24	4.221e-23	2.768e-22	9.829e-21	1.136e-19	6.590e-19	6.849e-18	5.234e-17	1.755e-16
3	4	1	6	1.049e-21	1.377e-20	1.005e-19	3.037e-18	2.611e-17	1.145e-16	7.641e-16	3.762e-15	9.510e-15
3	4	1	8	4.601e-21	7.075e-20	5.173e-19	1.278e-17	8.617e-17	3.056e-16	1.476e-15	5.323e-15	1.105e-14
3	4	2	0	8.283e-21	1.239e-19	9.111e-19	2.384e-17	1.712e-16	6.406e-16	3.354e-15	1.306e-14	2.846e-14
3	4	0	12	8.904e-26	2.671e-24	3.920e-23	4.365e-21	9.070e-20	7.470e-19	1.148e-17	1.163e-16	4.511e-16
3	4	2	2	2.355e-19	2.234e-18	1.240e-17	2.252e-16	1.373e-15	4.713e-15	2.274e-14	8.465e-14	1.813e-13
3	4	2	4	1.846e-18	2.098e-17	1.225e-16	2.081e-15	1.116e-14	3.391e-14	1.348e-13	4.135e-13	7.822e-13
3	4	1	10	1.797e-22	4.320e-21	4.623e-20	2.332e-18	2.555e-17	1.282e-16	9.816e-16	5.275e-15	1.388e-14
3	4	2	6	1.995e-17	2.183e-16	1.148e-15	1.437e-14	5.916e-14	1.457e-13	4.284e-13	9.958e-13	1.587e-12
3	4	0	14	1.233e-27	1.674e-25	5.958e-24	1.877e-21	5.742e-20	5.543e-19	9.298e-18	9.228e-17	3.408e-16
3	4	2	8	8.189e-19	1.259e-17	8.799e-17	1.862e-15	1.090e-14	3.450e-14	1.413e-13	4.367e-13	8.240e-13
3	4	3	0	1.917e-15	1.115e-14	3.782e-14	2.427e-13	6.868e-13	1.332e-12	2.943e-12	5.468e-12	7.701e-12
3	4	1	12	4.770e-25	6.819e-23	2.279e-21	5.401e-19	1.250e-17	9.574e-17	1.143e-15	8.239e-15	2.492e-14
3	4	3	2	1.915e-13	8.840e-13	2.430e-12	1.029e-11	2.174e-11	3.406e-11	5.648e-11	8.159e-11	9.883e-11
1	13	0	1	6.109e-29	7.604e-28	8.025e-27	9.226e-25	2.739e-23	3.294e-22	9.522e-21	1.843e-19	1.091e-18
1	13	0	3	1.906e-27	2.461e-26	2.499e-25	2.399e-23	5.959e-22	6.182e-21	1.437e-19	2.266e-18	1.180e-17
1	13	0	5	8.204e-26	9.919e-25	9.027e-24	6.494e-22	1.271e-20	1.094e-19	1.953e-18	2.418e-17	1.086e-16
1	13	0	7	3.399e-24	3.684e-23	2.944e-22	1.567e-20	2.425e-19	1.747e-18	2.434e-17	2.410e-16	9.443e-16
1	13	1	1	2.100e-26	1.976e-25	1.585e-24	1.029e-22	2.014e-21	1.778e-20	3.374e-19	4.497e-18	2.126e-17
1	13	1	3	1.433e-24	1.704e-23	1.423e-22	7.807e-21	1.200e-19	8.511e-19	1.150e-17	1.099e-16	4.206e-16
1	13	0	9	2.400e-22	1.950e-21	1.227e-20	4.217e-19	4.875e-18	2.855e-17	3.029e-16	2.373e-15	8.094e-15
1	13	1	5	8.539e-23	1.182e-21	9.848e-21	4.365e-19	5.219e-18	2.974e-17	2.884e-16	2.004e-15	6.268e-15
1	13	0	11	2.249e-20	1.394e-19	6.848e-19	1.437e-17	1.172e-16	5.316e-16	3.998e-15	2.315e-14	6.591e-14
1	13	1	7	6.274e-21	9.278e-20	7.319e-19	2.469e-17	2.245e-16	1.018e-15	7.049e-15	3.564e-14	9.133e-14
1	13	2	1	8.572e-26	1.087e-24	9.550e-24	5.721e-22	9.307e-21	6.865e-20	9.758e-19	9.741e-18	3.822e-17
1	13	2	3	8.251e-24	1.148e-22	9.747e-22	4.597e-20	5.808e-19	3.459e-18	3.574e-17	2.634e-16	8.543e-16
1	13	1	9	7.247e-19	9.558e-18	6.367e-17	1.399e-15	8.983e-15	3.109e-14	1.471e-13	5.260e-13	1.090e-12
1	13	0	13	4.522e-18	2.599e-17	1.069e-16	1.349e-15	7.112e-15	2.285e-14	1.050e-13	3.863e-13	8.314e-13
1	13	2	5	6.668e-22	9.380e-21	7.319e-20	2.541e-18	2.417e-17	1.142e-16	8.438e-16	4.547e-15	1.214e-14
1	13	1	11	7.134e-16	5.008e-15	2.056e-14	1.980e-13	7.570e-13	1.837e-12	5.517e-12	1.347e-11	2.237e-11
1	13	2	7	7.913e-20	9.354e-19	5.976e-18	1.316e-16	8.813e-16	3.192e-15	1.630e-14	6.303e-14	1.375e-13
1	13	3	1	3.545e-28	3.976e-26	1.290e-24	3.811e-22	1.180e-20	1.173e-19	2.091e-18	2.224e-17	8.614e-17
1	13	0	15	6.706e-15	3.335e-14	1.025e-13	5.768e-13	1.535e-12	2.880e-12	6.152e-12	1.120e-11	1.562e-11
1	13	3	3	1.511e-26	1.905e-24	6.026e-23	1.396e-20	3.317e-19	2.630e-18	3.340e-17	2.571e-16	8.124e-16
1	13	2	9	4.370e-17	2.508e-16	9.433e-16	8.775e-15	3.503e-14	8.988e-14	2.982e-13	8.101e-13	1.444e-12
3	5	0	1	4.019e-24	9.078e-24	2.525e-23	2.867e-22	1.944e-21	8.425e-21	6.522e-20	4.153e-19	1.285e-18
3	5	0	3	3.767e-23	8.297e-23	2.210e-22	2.239e-21	1.380e-20	5.552e-20	3.868e-19	2.237e-18	6.521e-18
3	5	0	5	3.803e-22	9.066e-22	2.411e-21	2.188e-20	1.185e-19	4.255e-19	2.497e-18	1.224e-17	3.216e-17
3	5	0	7	3.354e-24	2.372e-23	1.445e-22	5.339e-21	6.944e-20	4.536e-19	5.713e-18	5.300e-17	2.015e-16
3	5	1	1	3.627e-24	3.241e-23	2.233e-22	9.226e-21	1.218e-19	7.862e-19	9.522e-18	8.384e-17	3.069e-16
3	5	1	3	3.668e-23	3.684e-22	2.603e-21	1.006e-19	1.196e-18	7.007e-18	7.297e-17	5.537e-16	1.843e-15
3	5	0	9	4.471e-25	1.649e-23	2.453e-22	2.178e-20	3.407e-19	2.183e-18	2.288e-17	1.600e-16	4.907e-16
3	5	1	5	4.215e-22	4.818e-21	3.415e-20	1.122e-18	1.096e-17	5.412e-17	4.340e-16	2.560e-15	7.265e-15
3	5	0	11	3.367e-24	9.495e-23	1.178e-21	7.989e-20	1.080e-18	6.326e-18	5.965e-17	3.850e-16	1.130e-15
3	5	1	7	3.491e-22	1.007e-20	1.153e-19	5.768e-18	5.859e-17	2.715e-16	1.821e-15	8.542e-15	2.057e-14
3	5	2	1	1.961e-21	6.040e-20	6.778e-19	2.901e-17	2.493e-16	1.003e-15	5.440e-15	2.086e-14	4.425e-14
3	5	2	3	5.683e-20	1.075e-18	8.799e-18	2.434e-16	1.684e-15	5.972e-15	2.829e-14	9.875e-14	1.999e-13
3	5	1	9	4.128e-21	1.004e-19	9.747e-19	3.467e-17	2.749e-16	1.061e-15	5.543e-15	2.085e-14	4.396e-14
3	5	0	13	2.711e-25	2.192e-23	4.885e-22	6.131e-20	9.817e-19	5.919e-18	5.271e-17	3.004e-16	7.962e-16
3	5	2	5	1.115e-18	1.760e-17	1.233e-16	2.541e-15	1.437e-14	4.410e-14	1.723e-13	5.089e-13	9.328e-13
3	5	1	11	2.721e-22	1.913e-20	3.631e-19	3.162e-17	3.823e-16	1.862e-15	1.234e-14	5.390e-14	1.215e-13
3	5	2	7	1.176e-17	2.142e-16	1.483e-15	2.427e-14	1.055e-13	2.577e-13	7.141e-13	1.517e-12	2.259e-12
3	5	3	1	2.629e-16	3.493e-15	1.925e-14	2.188e-13	7.670e-13	1.626e-12	3.780e-12	6.966e-12	9.568e-12
3	5	0	15	5.825e-27	7.250e-25	2.338e-23	5.888e-21	1.516e-19	1.285e-18	1.799e-17	1.518e-16	5.078e-16
3	5	3	3	1.773e-14	2.002e-13	9.233e-13	7.063e-12	1.833e-11	3.097e-11	5.265e-11	7.327e-11	8.488e-11
3	5	2	9	3.913e-19	1.340e-17	1.498e-16	5.495e-15	3.945e-14	1.356e-13	5.804e-13	1.772e-12	3.254e-12
3	5	1	13	9.682e-25	1.435e-22	4.571e-21	8.760e-19	1.647e-17	1.063e-16	9.871e-16	5.614e-15	1.465e-14
0	16	0	0	2.975e-32	3.634e-31	4.299e-30	7.499e-28	3.281e-26	5.412e-25	2.476e-23	7.361e-22	5.690e-21
0	16	0	2	4.136e-30	5.910e-29	7.061e-28	1.035e-25	3.644e-24	4.961e-23	1.693e-21	3.792e-20	2.449e-19
0	16	0	4	2.721e-28	4.625e-27	5.638e-26	7.039e-24	2.006e-22	2.262e-21	5.779e-20	9.767e-19	5.275e-18
0	16	0	6	1.895e-26	3.669e-25	4.455e-24	4.624e-22	1.061e-20	9.898e-20	1.900e-18	2.438e-17	1.107e-16
0	16	0	8	1.196e-24	2.581e-23	3.051e-22	2.497e-20	4.430e-19	3.320e-18	4.591e-17	4.309e-16	1.607e-15
0	16	1	0	2.609e-31	3.344e-30	3.782e-29	5.309e-27	1.871e-25	2.577e-24	9.042e-23	2.092e-21	1.383e-20
0	16	1	2	3.696e-29	5.513e-28	6.277e-27	7.371e-25	2.085e-23	2.368e-22	6.193e-21	1.079e-19	5.955e-19
0	16	1	4	2.474e-27	4.091e-26	4.548e-25	4.290e-23	9.568e-22	8.867e-21	1.711e-19	2.229e-18	1.025e-17
0	16	0	10	1.286e-22	2.886e-21	3.146e-20	1.851e-18	2.394e-17	1.384e-16	1.309e-15	8.601e-15	2.568e-14
0	16	1	6	2.041e-25	3.624e-24	3.841e-23	2.802e-21	4.813e-20	3.585e-19	5.005e-18	4.803e-17	1.824e-16
0	16	1	8	2.280e-23	4.164e-22	4.043e-21	2.101e-19	2.621e-18	1.502e-17	1.431e-16	9.601e-16	2.918e-15
0	16	2	0	1.917e-31	3.263e-30	4.233e-29	6.531e-27	2.257e-25	2.974e-24	9.522e-23	1.985e-21	1.222e-20
0	16	0	12	3.511e-20	6.736e-19	5.934e-18	2.071e-16	1.764e-15	7.385e-15	4.444e-14	1.938e-13	4.502e-13
0	16	2	2	3.412e-29	6.335e-28	7.943e-27	9.716e-25	2.630e-23	2.818e-22	6.636e-21	1.033e-19	5.290e-19
0	16	2	4	1.783e-27	3.832e-26	4.836e-25	4.983e-23	1.092e-21	9.722e-21	1.725e-19	2.044e-18	8.804e-18
0	16	1	10	4.734e-21	7.440e-20	5.867e-19	1.824e-17	1.505e-16	6.268e-16	3.815e-15	1.704e-14	4.036e-14
0	16	2	6	1.104e-25	2.660e-24	3.278e-23	2.676e-21	4.546e-20	3.253e-19	4.163e-18	3.609e-17	1.277e-16
0	16	0	14	6.262e-17	7.270e-16	4.105e-15	6.060e-14	2.837e-13	7.703e-13	2.596e-12	6.824e-12	1.172e-11
0	16	2	8	1.059e-23	2.667e-22	3.051e-21	1.820e-19	2.282e-18	1.272e-17	1.128e-16	6.934e-16	1.980e-15
0	16	3	0	8.507e-34	1.170e-31	5.384e-30	4.027e-27	2.699e-25	4.910e-24	2.059e-22	4.795e-21	3.006e-20
0	16	1	12	4.691e-18	3.896e-17	1.833e-16	2.255e-15	1.012e-14	2.749e-14	9.567e-14	2.650e-13	4.740e-13
0	16	3	2	9.356e-32	1.322e-29	5.667e-28	3.199e-25	1.641e-23	2.399e-22	7.307e-21	1.261e-19	6.557e-19
0	16	3	4	2.112e-30	4.063e-28	1.927e-26	1.024e-23	4.432e-22	5.469e-21	1.266e-19	1.658e-18	7.211e-18
2	10	0	0	7.209e-28	2.942e-27	1.585e-26	7.943e-25	1.675e-23	1.711e-22	4.340e-21	8.019e-20	4.737e-19
2	10	0	2	5.726e-26	1.249e-25	4.524e-25	1.334e-23	2.188e-22	1.945e-21	4.278e-20	7.222e-19	4.095e-18
2	10	0	4	1.783e-24	2.726e-24	7.743e-24	1.585e-22	2.128e-21	1.668e-20	3.162e-19	4.761e-18	2.536e-17
2	10	0	6	5.050e-23	6.370e-23	1.545e-22	2.371e-21	2.630e-20	1.801e-19	2.859e-18	3.696e-17	1.799e-16
2	10	0	8	1.031e-21	1.250e-21	2.783e-21	3.350e-20	3.020e-19	1.756e-18	2.207e-17	2.301e-16	9.814e-16
2	10	1	0	2.141e-26	4.792e-25	5.934e-24	5.433e-22	1.053e-20	8.446e-20	1.285e-18	1.314e-17	5.165e-17
2	10	1	2	9.793e-25	2.006e-23	2.233e-22	1.594e-20	2.544e-19	1.760e-18	2.178e-17	1.850e-16	6.493e-16
2	10	1	4	3.285e-23	5.681e-22	5.384e-21	2.770e-19	3.493e-18	2.031e-17	1.987e-16	1.371e-15	4.246e-15
2	10	0	10	2.022e-20	3.362e-20	8.149e-20	8.660e-19	6.194e-18	2.891e-17	2.567e-16	1.895e-15	6.475e-15
2	10	1	6	1.021e-21	1.404e-20	1.102e-19	4.027e-18	4.048e-17	2.006e-16	1.589e-15	9.158e-15	2.550e-14
2	10	1	8	6.680e-20	5.975e-19	3.450e-18	7.762e-17	5.883e-16	2.424e-15	1.531e-14	7.353e-14	1.847e-13
2	10	2	0	8.299e-24	1.563e-22	1.460e-21	6.383e-20	6.717e-19	3.345e-18	2.593e-17	1.432e-16	3.856e-16
2	10	0	12	1.591e-20	1.739e-19	1.131e-18	2.934e-17	2.351e-16	9.924e-16	6.373e-15	3.066e-14	7.675e-14
2	10	2	2	1.102e-21	1.942e-20	1.639e-19	5.537e-18	4.721e-17	1.997e-16	1.229e-15	5.503e-15	1.302e-14
2	10	2	4	7.073e-20	1.187e-18	9.083e-18	2.332e-16	1.577e-15	5.553e-15	2.634e-14	9.285e-14	1.897e-13
2	10	1	10	3.412e-18	3.507e-17	1.967e-16	3.332e-15	1.851e-14	5.845e-14	2.480e-13	8.143e-13	1.610e-12
2	10	2	6	5.926e-18	8.008e-17	5.012e-16	8.610e-15	4.373e-14	1.249e-13	4.467e-13	1.228e-12	2.160e-12
2	10	0	14	8.753e-19	1.121e-17	6.848e-17	1.161e-15	5.948e-15	1.720e-14	6.291e-14	1.773e-13	3.171e-13
2	10	2	8	1.660e-15	1.409e-14	6.119e-14	5.559e-13	1.878e-12	4.043e-12	1.003e-11	2.024e-11	2.972e-11
2	10	3	0	2.190e-26	4.285e-24	1.738e-22	5.278e-20	1.363e-18	1.105e-17	1.390e-16	1.030e-15	3.146e-15
2	10	1	12	1.503e-15	1.254e-14	5.357e-14	4.704e-13	1.550e-12	3.278e-12	7.932e-12	1.566e-11	2.269e-11
2	10	3	2	2.507e-24	4.063e-22	1.352e-20	2.676e-18	5.012e-17	3.195e-16	2.888e-15	1.593e-14	4.068e-14
2	10	3	4	2.634e-22	2.828e-20	6.813e-19	7.674e-17	1.002e-15	4.974e-15	3.255e-14	1.366e-13	2.973e-13
2	10	0	16	6.770e-22	1.884e-20	2.037e-19	8.760e-18	7.856e-17	3.303e-16	1.930e-15	7.986e-15	1.780e-14
3	6	0	0	4.395e-24	2.271e-24	2.929e-24	1.679e-23	1.057e-22	5.012e-22	5.085e-21	4.601e-20	1.833e-19
3	6	0	2	6.274e-23	3.624e-23	4.762e-23	2.512e-22	1.406e-21	5.995e-21	5.158e-20	3.974e-19	1.429e-18
3	6	0	4	4.592e-22	3.094e-22	4.299e-22	2.239e-21	1.170e-20	4.642e-20	3.548e-19	2.423e-18	8.056e-18
3	6	0	6	5.825e-21	3.770e-21	4.885e-21	2.113e-20	9.462e-20	3.328e-19	2.144e-18	1.252e-17	3.781e-17
3	6	0	8	5.759e-23	1.100e-22	3.244e-22	5.623e-21	5.970e-20	3.782e-19	5.158e-18	5.629e-17	2.442e-16
3	6	1	0	2.319e-24	7.491e-24	3.020e-23	7.630e-22	9.393e-21	6.358e-20	9.081e-19	9.985e-18	4.298e-17
3	6	1	2	3.796e-23	1.114e-22	4.169e-22	9.279e-21	1.055e-19	6.761e-19	9.003e-18	9.334e-17	3.883e-16
3	6	1	4	4.378e-22	1.453e-21	5.524e-21	1.103e-19	1.084e-18	6.103e-18	6.655e-17	5.680e-16	2.088e-15
3	6	0	10	2.224e-23	2.003e-22	1.332e-21	4.814e-20	5.608e-19	3.269e-18	3.413e-17	2.615e-16	8.779e-16
3	6	1	6	5.429e-21	1.900e-20	6.954e-20	1.135e-18	9.103e-18	4.321e-17	3.662e-16	2.464e-15	7.803e-15
3	6	1	8	1.494e-20	1.012e-19	5.063e-19	1.006e-17	7.544e-17	3.170e-16	2.117e-15	1.090e-14	2.880e-14
3	6	2	0	1.196e-21	1.417e-20	9.698e-20	2.692e-18	2.224e-17	9.550e-17	6.237e-16	3.031e-15	7.622e-15
3	6	0	12	6.861e-23	6.903e-22	4.738e-21	1.650e-19	1.783e-18	9.673e-18	9.003e-17	6.153e-16	1.919e-15
3	6	2	2	4.974e-20	3.585e-19	1.801e-18	3.350e-17	2.312e-16	9.027e-16	5.386e-15	2.488e-14	6.134e-14
3	6	2	4	9.962e-19	5.143e-18	2.047e-17	2.661e-16	1.500e-15	5.142e-15	2.623e-14	1.071e-13	2.465e-13
3	6	1	10	6.334e-20	6.555e-19	3.790e-18	7.067e-17	4.273e-16	1.444e-15	6.758e-15	2.430e-14	5.082e-14
3	6	2	6	6.979e-18	5.409e-17	2.525e-16	3.311e-15	1.617e-14	4.738e-14	1.851e-13	5.739e-13	1.103e-12
3	6	0	14	7.928e-25	4.575e-23	8.772e-22	1.027e-19	1.752e-18	1.150e-17	1.197e-16	8.063e-16	2.391e-15
3	6	2	8	2.665e-16	1.644e-15	6.113e-15	4.966e-14	1.705e-13	3.845e-13	1.051e-12	2.371e-12	3.760e-12
3	6	3	0	1.235e-17	9.128e-17	4.010e-16	4.550e-15	1.982e-14	5.318e-14	1.839e-13	5.101e-13	9.160e-13
3	6	1	12	5.597e-22	2.759e-20	4.343e-19	3.181e-17	3.746e-16	1.853e-15	1.298e-14	6.113e-14	1.457e-13
3	6	3	2	1.000e-15	6.275e-15	2.319e-14	1.806e-13	5.931e-13	1.287e-12	3.324e-12	7.106e-12	1.090e-11
3	6	3	4	8.291e-14	3.829e-13	1.094e-12	5.278e-12	1.255e-11	2.165e-11	4.127e-11	6.787e-11	8.908e-11
3	6	0	16	1.612e-28	4.008e-26	1.995e-24	8.913e-22	2.992e-20	2.929e-19	4.732e-18	4.354e-17	1.512e-16
3	6	2	10	3.323e-19	1.215e-17	1.423e-16	5.623e-15	4.215e-14	1.491e-13	6.607e-13	2.074e-12	3.870e-12
3	7	0	1	4.231e-24	2.093e-24	2.644e-24	1.496e-23	9.462e-23	4.524e-22	4.664e-21	4.296e-20	1.733e-19
3	7	0	3	5.903e-23	3.128e-23	3.881e-23	1.884e-22	1.009e-21	4.190e-21	3.497e-20	2.634e-19	9.363e-19
3	7	0	5	4.096e-22	2.421e-22	3.162e-22	1.585e-21	8.395e-21	3.415e-20	2.738e-19	1.973e-18	6.802e-18
3	7	0	7	6.579e-21	3.853e-21	4.885e-21	2.239e-20	1.096e-19	4.190e-19	3.073e-18	2.037e-17	6.676e-17
3	7	1	1	1.628e-24	5.157e-24	2.154e-23	6.310e-22	8.954e-21	6.813e-20	1.155e-18	1.491e-17	7.096e-17
3	7	1	3	3.399e-23	8.230e-23	2.855e-22	6.310e-21	7.656e-20	5.275e-19	7.943e-18	9.356e-17	4.232e-16
3	7	0	9	1.969e-23	8.196e-23	3.900e-22	1.245e-20	1.725e-19	1.253e-18	1.933e-17	2.246e-16	9.944e-16
3	7	1	5	5.327e-22	1.427e-21	4.961e-21	9.661e-20	1.006e-18	6.057e-18	7.434e-17	7.189e-16	2.871e-15
3	7	0	11	1.825e-22	1.758e-21	1.178e-20	4.004e-19	4.301e-18	2.332e-17	2.178e-16	1.498e-15	4.695e-15
3	7	1	7	1.269e-20	3.339e-20	1.080e-19	1.679e-18	1.432e-17	7.356e-17	7.182e-16	5.618e-15	1.967e-14
3	7	2	1	1.205e-21	1.299e-20	8.754e-20	2.615e-18	2.394e-17	1.128e-16	8.499e-16	4.750e-15	1.305e-14
3	7	2	3	3.538e-20	2.411e-19	1.202e-18	2.344e-17	1.725e-16	7.134e-16	4.650e-15	2.342e-14	6.100e-14
3	7	1	9	6.431e-20	4.805e-19	2.538e-18	5.339e-17	4.070e-16	1.716e-15	1.140e-14	5.807e-14	1.520e-13
3	7	0	13	6.939e-22	9.652e-21	7.061e-20	1.995e-18	1.579e-17	6.440e-17	3.846e-16	1.701e-15	4.019e-15
3	7	2	5	9.092e-19	4.663e-18	1.886e-17	2.615e-16	1.567e-15	5.652e-15	3.104e-14	1.358e-13	3.263e-13
3	7	1	11	9.325e-19	1.093e-17	6.636e-17	1.240e-15	7.176e-15	2.311e-14	9.963e-14	3.291e-13	6.513e-13
3	7	2	7	1.264e-17	9.278e-17	4.229e-16	5.492e-15	2.713e-14	8.064e-14	3.235e-13	1.032e-12	2.020e-12
3	7	3	1	4.915e-18	4.629e-17	2.393e-16	3.443e-15	1.702e-14	4.933e-14	1.864e-13	5.528e-13	1.028e-12
3	7	0	15	1.002e-22	1.276e-21	9.648e-21	3.428e-19	3.455e-18	1.729e-17	1.400e-16	8.277e-16	2.345e-15
3	7	3	3	3.640e-16	2.867e-15	1.231e-14	1.187e-13	4.354e-13	1.010e-12	2.809e-12	6.340e-12	9.999e-12
3	7	2	9	1.440e-15	9.008e-15	3.382e-14	2.791e-13	9.676e-13	2.195e-12	6.046e-12	1.373e-11	2.185e-11
3	7	1	13	6.179e-20	6.199e-19	3.649e-18	7.542e-17	5.068e-16	1.872e-15	9.986e-15	4.065e-14	9.193e-14
3	7	3	5	3.494e-14	1.878e-13	5.964e-13	3.388e-12	8.839e-12	1.618e-11	3.311e-11	5.761e-11	7.803e-11
3	8	0	0	1.958e-25	7.181e-26	8.360e-26	5.309e-25	4.169e-24	2.448e-23	3.497e-22	4.454e-21	2.213e-20
3	8	0	2	4.488e-24	1.824e-24	2.100e-24	1.122e-23	7.244e-23	3.594e-22	3.981e-21	3.973e-20	1.693e-19
3	8	0	4	6.505e-23	2.958e-23	3.415e-23	1.585e-22	8.630e-22	3.687e-21	3.255e-20	2.609e-19	9.676e-19
3	8	0	6	4.779e-22	2.588e-22	3.244e-22	1.585e-21	8.472e-21	3.503e-20	2.901e-19	2.165e-18	7.650e-18
3	8	0	8	7.808e-21	4.239e-21	5.142e-21	2.239e-20	1.076e-19	4.084e-19	2.985e-18	1.984e-17	6.521e-17
3	8	1	0	6.680e-26	2.302e-25	1.053e-24	3.758e-23	6.194e-22	5.275e-21	1.044e-19	1.549e-18	8.018e-18
3	8	1	2	1.452e-24	4.036e-24	1.585e-23	4.467e-22	6.427e-21	5.012e-20	8.913e-19	1.214e-17	5.992e-17
3	8	1	4	2.864e-23	7.481e-23	2.712e-22	6.310e-21	7.798e-20	5.412e-19	8.175e-18	9.608e-17	4.332e-16
3	8	0	10	1.271e-23	6.866e-23	3.782e-22	1.413e-20	2.051e-19	1.506e-18	2.304e-17	2.609e-16	1.130e-15
3	8	1	6	3.374e-22	1.029e-21	3.881e-21	8.414e-20	9.204e-19	5.696e-18	7.182e-17	7.059e-16	2.838e-15
3	8	1	8	1.369e-20	3.724e-20	1.221e-19	1.905e-18	1.611e-17	8.191e-17	7.852e-16	6.026e-15	2.083e-14
3	8	2	0	2.400e-23	3.551e-22	3.020e-21	1.318e-19	1.516e-18	8.318e-18	7.586e-17	4.957e-16	1.490e-15
3	8	0	12	3.304e-22	3.236e-21	2.177e-20	7.328e-19	7.755e-18	4.147e-17	3.791e-16	2.552e-15	7.891e-15
3	8	2	2	8.887e-22	9.115e-21	6.057e-20	1.841e-18	1.744e-17	8.490e-17	6.741e-16	3.969e-15	1.128e-14
3	8	2	4	2.241e-20	1.647e-19	8.665e-19	1.841e-17	1.424e-16	6.088e-16	4.133e-15	2.151e-14	5.706e-14
3	8	1	10	9.232e-20	6.941e-19	3.631e-18	7.328e-17	5.365e-16	2.188e-15	1.384e-14	6.736e-14	1.713e-13
3	8	2	6	8.267e-19	4.476e-18	1.867e-17	2.676e-16	1.620e-15	5.858e-15	3.213e-14	1.399e-13	3.347e-13
3	8	0	14	2.190e-21	3.210e-20	2.411e-19	6.958e-18	5.506e-17	2.233e-16	1.316e-15	5.733e-15	1.339e-14
3	8	2	8	1.704e-17	1.168e-16	5.089e-16	6.202e-15	2.965e-14	8.643e-14	3.393e-13	1.065e-12	2.069e-12
3	8	3	0	1.473e-20	2.476e-19	1.956e-18	5.592e-17	4.169e-16	1.589e-15	8.451e-15	3.313e-14	7.227e-14
3	8	1	12	1.537e-18	1.856e-17	1.124e-16	2.000e-15	1.094e-14	3.357e-14	1.346e-13	4.146e-13	7.852e-13
3	8	3	2	1.707e-18	2.243e-17	1.423e-16	2.661e-15	1.475e-14	4.536e-14	1.809e-13	5.516e-13	1.036e-12
3	8	3	4	1.087e-16	1.112e-15	5.638e-15	6.800e-14	2.775e-13	6.830e-13	2.021e-12	4.746e-12	7.625e-12
3	8	0	16	1.570e-23	2.606e-22	2.326e-21	1.029e-19	1.148e-18	6.072e-18	5.195e-17	3.174e-16	9.124e-16
3	8	2	10	2.043e-15	1.365e-14	5.221e-14	4.205e-13	1.391e-12	3.016e-12	7.735e-12	1.636e-11	2.488e-11
3	8	3	6	1.485e-14	9.614e-14	3.441e-13	2.304e-12	6.516e-12	1.249e-11	2.688e-11	4.837e-11	6.660e-11
