110416 // magic number - today's date
#
# >>refer	H2	collision	Le Bourlot, J., Pineau des Forets, G., & Flower, D.R. 1999, MNRAS, 305, 802
#
100.	300.	500.	1000.	1500.	2000.	3000.	4500.	6000.
#v'	J'	v	j
0	2	0	0	2.510e-14	9.990e-14	2.722e-13	1.361e-12	3.536e-12	6.651e-12	1.457e-11	2.756e-11	3.960e-11
0	3	0	1	4.984e-14	1.799e-13	4.682e-13	2.279e-12	5.989e-12	1.148e-11	2.612e-11	5.149e-11	7.608e-11
0	4	0	0	4.645e-15	1.222e-14	2.740e-14	1.216e-13	3.305e-13	6.726e-13	1.718e-12	3.854e-12	6.218e-12
0	4	0	2	4.496e-14	1.524e-13	3.851e-13	1.841e-12	4.871e-12	9.453e-12	2.200e-11	4.452e-11	6.694e-11
0	5	0	1	8.426e-16	5.343e-15	2.014e-14	1.654e-13	5.679e-13	1.276e-12	3.464e-12	7.752e-12	1.222e-11
0	5	0	3	1.168e-14	7.425e-14	2.692e-13	1.928e-12	5.834e-12	1.184e-11	2.770e-11	5.397e-11	7.810e-11
0	6	0	0	2.892e-18	5.402e-17	3.981e-16	7.807e-15	3.966e-14	1.096e-13	3.626e-13	9.065e-13	1.492e-12
0	6	0	2	3.899e-16	2.938e-15	1.241e-14	1.199e-13	4.481e-13	1.060e-12	3.044e-12	7.100e-12	1.144e-11
0	6	0	4	4.447e-15	3.708e-14	1.577e-13	1.365e-12	4.438e-12	9.285e-12	2.213e-11	4.307e-11	6.189e-11
0	7	0	1	3.015e-18	7.191e-17	6.182e-16	1.488e-14	8.318e-14	2.424e-13	8.450e-13	2.184e-12	3.648e-12
0	7	0	3	9.499e-17	1.458e-15	9.261e-15	1.413e-13	6.138e-13	1.525e-12	4.403e-12	9.830e-12	1.516e-11
0	7	0	5	7.441e-15	5.145e-14	1.980e-13	1.558e-12	4.980e-12	1.047e-11	2.559e-11	5.164e-11	7.622e-11
0	8	0	0	5.693e-20	2.840e-18	3.782e-17	1.540e-15	1.057e-14	3.371e-14	1.250e-13	3.254e-13	5.365e-13
0	8	0	2	1.338e-18	4.362e-17	4.478e-16	1.311e-14	7.798e-14	2.314e-13	8.047e-13	2.031e-12	3.318e-12
0	8	0	4	2.908e-17	6.457e-16	5.063e-15	9.772e-14	4.588e-13	1.169e-12	3.379e-12	7.367e-12	1.109e-11
0	8	0	6	8.998e-16	1.411e-14	8.599e-14	1.109e-12	4.104e-12	8.935e-12	2.126e-11	3.958e-11	5.449e-11
1	0	0	0	2.226e-18	5.525e-17	5.208e-16	1.631e-14	1.143e-13	3.981e-13	1.791e-12	5.853e-12	1.130e-11
1	0	0	2	1.276e-17	3.235e-16	2.914e-15	7.586e-14	4.455e-13	1.342e-12	4.884e-12	1.308e-11	2.230e-11
1	0	0	4	1.895e-17	3.436e-16	2.512e-15	4.983e-14	2.587e-13	7.300e-13	2.494e-12	6.441e-12	1.083e-11
1	0	0	6	4.862e-18	8.762e-17	6.540e-16	1.404e-14	7.856e-14	2.356e-13	8.798e-13	2.469e-12	4.371e-12
1	0	0	8	6.953e-16	7.027e-16	1.069e-15	4.441e-15	1.623e-14	4.630e-14	2.110e-13	8.663e-13	2.080e-12
1	1	0	1	6.857e-18	1.751e-16	1.638e-15	4.814e-14	3.148e-13	1.034e-12	4.260e-12	1.280e-11	2.344e-11
1	1	0	3	3.951e-17	6.998e-16	5.089e-15	1.023e-13	5.425e-13	1.561e-12	5.495e-12	1.462e-11	2.505e-11
1	1	0	5	7.291e-17	7.719e-16	4.139e-15	5.781e-14	2.662e-13	7.204e-13	2.436e-12	6.464e-12	1.119e-11
1	1	0	7	6.567e-16	1.487e-15	3.397e-15	1.961e-14	7.165e-14	1.881e-13	7.049e-13	2.283e-12	4.642e-12
1	2	0	0	6.062e-19	2.324e-17	2.685e-16	9.495e-15	6.321e-14	2.021e-13	7.707e-13	2.096e-12	3.575e-12
1	2	0	2	6.410e-18	1.764e-16	1.698e-15	4.983e-14	3.165e-13	1.008e-12	3.941e-12	1.122e-11	1.985e-11
1	2	0	4	4.986e-17	8.204e-16	5.623e-15	1.017e-13	5.035e-13	1.380e-12	4.564e-12	1.151e-11	1.911e-11
1	2	0	6	7.574e-17	7.573e-16	3.877e-15	4.980e-14	2.171e-13	5.651e-13	1.817e-12	4.616e-12	7.791e-12
1	2	0	8	1.895e-15	2.491e-15	4.105e-15	1.585e-14	4.911e-14	1.193e-13	4.205e-13	1.334e-12	2.714e-12
1	2	1	0	3.348e-14	1.895e-13	5.964e-13	3.073e-12	7.191e-12	1.199e-11	2.135e-11	3.250e-11	4.047e-11
1	3	0	1	1.681e-18	5.604e-17	5.964e-16	1.916e-14	1.231e-13	3.881e-13	1.469e-12	4.004e-12	6.860e-12
1	3	0	3	1.552e-17	3.575e-16	3.067e-15	7.674e-14	4.504e-13	1.370e-12	5.099e-12	1.404e-11	2.441e-11
1	3	0	5	1.604e-16	2.038e-15	1.187e-14	1.728e-13	7.720e-13	2.000e-12	6.246e-12	1.520e-11	2.483e-11
1	3	0	7	1.697e-16	1.387e-15	6.284e-15	6.942e-14	2.843e-13	7.182e-13	2.254e-12	5.674e-12	9.571e-12
1	3	1	1	8.691e-14	4.007e-13	1.139e-12	5.433e-12	1.279e-11	2.188e-11	4.121e-11	6.704e-11	8.742e-11
0	9	0	1	1.763e-19	7.036e-18	8.318e-17	3.020e-15	2.029e-14	6.506e-14	2.483e-13	6.742e-13	1.147e-12
0	9	0	3	3.465e-18	8.074e-17	6.883e-16	1.660e-14	9.376e-14	2.761e-13	9.801e-13	2.579e-12	4.359e-12
0	9	0	5	7.560e-17	1.081e-15	6.675e-15	1.017e-13	4.537e-13	1.160e-12	3.513e-12	8.239e-12	1.312e-11
0	9	0	7	2.276e-15	2.474e-14	1.230e-13	1.281e-12	4.467e-12	9.624e-12	2.334e-11	4.535e-11	6.469e-11
0	9	1	1	4.843e-17	5.728e-17	9.550e-17	4.416e-16	1.678e-15	4.860e-15	2.232e-14	9.131e-14	2.180e-13
0	9	1	3	2.368e-15	1.864e-15	2.279e-15	6.237e-15	1.709e-14	3.961e-14	1.369e-13	4.414e-13	9.180e-13
1	4	0	0	2.133e-19	6.718e-18	7.061e-17	2.344e-15	1.585e-14	5.235e-14	2.132e-13	6.247e-13	1.121e-12
1	4	0	2	2.859e-18	8.174e-17	7.903e-16	2.239e-14	1.358e-13	4.147e-13	1.522e-12	4.076e-12	6.931e-12
1	4	0	4	2.503e-17	4.882e-16	3.763e-15	8.128e-14	4.438e-13	1.295e-12	4.611e-12	1.231e-11	2.110e-11
1	4	0	6	2.780e-16	2.989e-15	1.557e-14	1.928e-13	7.907e-13	1.945e-12	5.721e-12	1.332e-11	2.125e-11
1	4	0	8	5.618e-16	2.454e-15	7.782e-15	5.788e-14	2.085e-13	5.063e-13	1.592e-12	4.188e-12	7.368e-12
1	4	1	0	2.864e-15	1.649e-14	5.439e-14	3.217e-13	8.488e-13	1.557e-12	3.176e-12	5.483e-12	7.378e-12
1	4	1	2	4.667e-14	2.503e-13	7.802e-13	4.169e-12	1.029e-11	1.801e-11	3.457e-11	5.666e-11	7.396e-11
1	5	0	1	2.695e-19	1.235e-17	1.593e-16	6.494e-15	4.605e-14	1.521e-13	5.982e-13	1.655e-12	2.838e-12
1	5	0	3	2.161e-18	8.550e-17	9.747e-16	3.162e-14	1.923e-13	5.696e-13	1.939e-12	4.734e-12	7.543e-12
1	5	0	5	2.182e-17	5.605e-16	4.974e-15	1.209e-13	6.637e-13	1.891e-12	6.337e-12	1.570e-11	2.551e-11
1	5	0	7	2.687e-16	3.656e-15	2.149e-14	2.951e-13	1.219e-12	2.944e-12	8.246e-12	1.805e-11	2.757e-11
1	5	1	1	4.725e-16	7.804e-15	4.738e-14	5.623e-13	1.891e-12	3.792e-12	7.966e-12	1.316e-11	1.681e-11
1	5	1	3	9.192e-15	1.038e-13	4.948e-13	4.241e-12	1.221e-11	2.244e-11	4.309e-11	6.717e-11	8.349e-11
1	5	0	9	1.961e-15	6.073e-15	1.537e-14	8.318e-14	2.549e-13	5.623e-13	1.589e-12	3.876e-12	6.561e-12
0	10	0	0	1.622e-20	6.484e-19	7.822e-18	3.037e-16	2.168e-15	7.300e-15	2.990e-14	8.667e-14	1.536e-13
0	10	0	2	2.639e-19	8.538e-18	9.027e-17	2.951e-15	1.948e-14	6.293e-14	2.476e-13	7.014e-13	1.231e-12
0	10	0	4	3.199e-18	6.745e-17	5.439e-16	1.237e-14	6.880e-14	2.021e-13	7.213e-13	1.921e-12	3.279e-12
0	10	0	6	5.533e-17	7.400e-16	4.433e-15	6.645e-14	2.992e-13	7.762e-13	2.416e-12	5.840e-12	9.492e-12
0	10	0	8	2.023e-15	2.016e-14	9.574e-14	9.550e-13	3.308e-12	7.152e-12	1.758e-11	3.479e-11	5.028e-11
0	10	1	0	1.123e-20	1.667e-19	1.218e-18	3.150e-17	2.243e-16	8.345e-16	4.336e-15	1.677e-14	3.640e-14
0	10	1	2	1.546e-18	8.030e-18	3.130e-17	3.758e-16	1.966e-15	6.342e-15	2.960e-14	1.112e-13	2.431e-13
0	10	1	4	7.417e-16	8.343e-16	1.272e-15	4.624e-15	1.437e-14	3.557e-14	1.307e-13	4.357e-13	9.172e-13
1	6	0	0	1.323e-20	9.457e-19	1.577e-17	8.610e-16	6.755e-15	2.314e-14	9.199e-14	2.494e-13	4.180e-13
1	6	0	2	1.591e-19	9.626e-18	1.431e-16	6.569e-15	4.682e-14	1.510e-13	5.583e-13	1.431e-12	2.327e-12
1	6	0	4	1.603e-18	7.231e-17	8.754e-16	2.934e-14	1.751e-13	5.038e-13	1.624e-12	3.737e-12	5.722e-12
1	6	0	6	1.615e-17	4.727e-16	4.455e-15	1.122e-13	6.059e-13	1.681e-12	5.355e-12	1.255e-11	1.963e-11
1	6	0	8	2.228e-16	3.349e-15	2.057e-14	2.884e-13	1.169e-12	2.754e-12	7.371e-12	1.536e-11	2.269e-11
1	6	1	0	1.715e-18	9.105e-17	1.100e-15	2.946e-14	1.348e-13	3.079e-13	6.993e-13	1.148e-12	1.421e-12
1	6	1	2	6.885e-17	2.209e-15	1.972e-14	3.648e-13	1.436e-12	3.056e-12	6.575e-12	1.062e-11	1.316e-11
1	6	1	4	2.341e-15	4.187e-14	2.603e-13	3.020e-12	9.656e-12	1.843e-11	3.579e-11	5.466e-11	6.635e-11
1	6	0	10	5.781e-15	1.324e-14	2.726e-14	1.084e-13	2.805e-13	5.566e-13	1.388e-12	3.076e-12	4.939e-12
0	11	0	1	1.358e-20	7.987e-19	1.196e-17	5.855e-16	4.471e-15	1.529e-14	6.175e-14	1.721e-13	2.950e-13
0	11	0	3	1.079e-19	5.074e-18	6.573e-17	2.630e-15	1.816e-14	5.858e-14	2.219e-13	5.919e-13	9.920e-13
0	11	0	5	1.033e-18	3.634e-17	3.881e-16	1.175e-14	7.008e-14	2.068e-13	7.079e-13	1.752e-12	2.822e-12
0	11	0	7	1.257e-17	3.141e-16	2.671e-15	5.821e-14	2.921e-13	7.762e-13	2.358e-12	5.341e-12	8.213e-12
0	11	1	1	1.108e-21	5.373e-20	7.664e-19	4.097e-17	3.644e-16	1.438e-15	7.276e-15	2.535e-14	5.012e-14
0	11	1	3	3.079e-20	8.096e-19	7.862e-18	2.526e-16	1.773e-15	6.150e-15	2.734e-14	8.803e-14	1.682e-13
0	11	0	9	7.990e-16	1.249e-14	7.605e-14	9.829e-13	3.648e-12	7.964e-12	1.903e-11	3.558e-11	4.912e-11
0	11	1	5	1.010e-17	5.999e-17	2.341e-16	2.359e-15	1.000e-14	2.685e-14	9.483e-14	2.723e-13	5.022e-13
1	7	0	1	3.211e-20	2.331e-18	3.920e-17	2.163e-15	1.703e-14	5.843e-14	2.324e-13	6.298e-13	1.055e-12
1	7	0	3	3.342e-19	1.758e-17	2.411e-16	1.012e-14	6.995e-14	2.233e-13	8.246e-13	2.131e-12	3.494e-12
1	7	0	5	3.592e-18	1.324e-16	1.431e-15	4.241e-14	2.439e-13	6.954e-13	2.255e-12	5.288e-12	8.232e-12
1	7	0	7	3.521e-17	8.348e-16	6.972e-15	1.531e-13	7.892e-13	2.154e-12	6.839e-12	1.620e-11	2.564e-11
1	7	1	1	4.399e-18	2.018e-16	2.282e-15	5.916e-14	2.775e-13	6.560e-13	1.589e-12	2.797e-12	3.625e-12
1	7	1	3	5.701e-17	1.908e-15	1.766e-14	3.495e-13	1.441e-12	3.171e-12	7.129e-12	1.196e-11	1.516e-11
1	7	0	9	5.641e-16	7.093e-15	3.890e-14	4.677e-13	1.762e-12	3.981e-12	1.020e-11	2.067e-11	3.014e-11
1	7	1	5	1.666e-15	3.417e-14	2.313e-13	2.996e-12	1.006e-11	1.972e-11	3.925e-11	6.079e-11	7.419e-11
1	7	0	11	2.337e-14	3.719e-14	5.873e-14	1.522e-13	3.054e-13	5.116e-13	1.034e-12	1.929e-12	2.809e-12
1	8	0	0	6.419e-21	3.367e-19	4.811e-18	2.331e-16	1.840e-15	6.540e-15	2.822e-14	8.436e-14	1.514e-13
1	8	0	2	1.019e-19	4.488e-18	5.638e-17	2.213e-15	1.539e-14	5.025e-14	1.950e-13	5.341e-13	9.116e-13
1	8	0	4	9.554e-19	3.184e-17	3.345e-16	1.029e-14	6.356e-14	1.940e-13	7.008e-13	1.830e-12	3.053e-12
1	8	0	6	7.517e-18	2.003e-16	1.792e-15	4.266e-14	2.266e-13	6.261e-13	2.001e-12	4.732e-12	7.462e-12
1	8	0	8	6.241e-17	1.128e-15	8.046e-15	1.471e-13	7.093e-13	1.886e-12	5.914e-12	1.410e-11	2.257e-11
1	8	1	0	1.004e-18	3.040e-17	2.754e-16	5.788e-15	2.616e-14	6.261e-14	1.606e-13	3.066e-13	4.222e-13
1	8	1	2	9.868e-18	2.678e-16	2.279e-15	4.467e-14	1.973e-13	4.689e-13	1.202e-12	2.313e-12	3.207e-12
1	8	1	4	9.849e-17	2.116e-15	1.537e-14	2.385e-13	9.290e-13	2.042e-12	4.779e-12	8.581e-12	1.147e-11
1	8	0	10	1.203e-15	1.149e-14	5.343e-14	5.248e-13	1.821e-12	3.961e-12	9.857e-12	1.979e-11	2.889e-11
1	8	1	6	1.672e-15	2.967e-14	1.860e-13	2.241e-12	7.440e-12	1.465e-11	2.979e-11	4.750e-11	5.924e-11
2	0	0	0	7.943e-20	1.974e-18	2.020e-17	8.375e-16	7.577e-15	3.246e-14	1.970e-13	8.508e-13	1.953e-12
2	0	0	2	4.271e-19	1.205e-17	1.259e-16	4.732e-15	3.733e-14	1.413e-13	7.079e-13	2.536e-12	5.167e-12
2	0	0	4	9.197e-19	2.653e-17	2.617e-16	7.852e-15	5.003e-14	1.589e-13	6.166e-13	1.738e-12	3.050e-12
2	0	0	6	4.806e-19	1.596e-17	1.660e-16	4.955e-15	2.981e-14	8.913e-14	3.126e-13	7.943e-13	1.303e-12
2	0	0	8	6.926e-20	2.744e-18	3.261e-17	1.216e-15	8.395e-15	2.754e-14	1.087e-13	3.047e-13	5.288e-13
2	0	1	0	6.278e-18	9.349e-17	6.620e-16	1.528e-14	9.807e-14	3.351e-13	1.539e-12	5.307e-12	1.072e-11
2	0	1	2	3.744e-17	5.888e-16	4.032e-15	7.718e-14	4.089e-13	1.190e-12	4.309e-12	1.186e-11	2.081e-11
2	0	1	4	7.868e-17	8.726e-16	4.738e-15	6.494e-14	2.889e-13	7.566e-13	2.430e-12	6.125e-12	1.026e-11
2	0	0	10	9.905e-21	2.375e-19	2.350e-18	9.094e-17	7.827e-16	3.232e-15	1.866e-14	7.711e-14	1.724e-13
2	0	1	6	2.092e-17	2.346e-16	1.278e-15	1.748e-14	7.727e-14	2.011e-13	6.392e-13	1.595e-12	2.654e-12
2	0	1	8	1.315e-15	1.204e-15	1.634e-15	5.248e-15	1.573e-14	3.861e-14	1.429e-13	4.863e-13	1.042e-12
2	1	0	1	2.427e-19	6.040e-18	6.044e-17	2.315e-15	1.947e-14	7.858e-14	4.376e-13	1.744e-12	3.809e-12
2	1	0	3	1.029e-18	2.536e-17	2.399e-16	7.674e-15	5.495e-14	1.950e-13	9.016e-13	3.023e-12	5.933e-12
2	1	0	5	1.763e-18	4.612e-17	4.233e-16	1.128e-14	6.693e-14	2.026e-13	7.402e-13	1.985e-12	3.387e-12
2	1	0	7	1.081e-18	2.693e-17	2.374e-16	5.888e-15	3.330e-14	9.747e-14	3.408e-13	8.803e-13	1.469e-12
2	1	1	1	2.920e-17	3.703e-16	2.343e-15	4.550e-14	2.647e-13	8.494e-13	3.616e-12	1.174e-11	2.295e-11
2	1	1	3	1.182e-16	1.393e-15	7.923e-15	1.175e-13	5.490e-13	1.487e-12	4.983e-12	1.302e-11	2.226e-11
2	1	0	9	1.631e-19	3.044e-18	2.424e-17	6.202e-16	4.018e-15	1.352e-14	5.948e-14	1.940e-13	3.766e-13
2	1	1	5	1.678e-16	1.364e-15	6.119e-15	6.569e-14	2.625e-13	6.506e-13	1.987e-12	4.878e-12	8.102e-12
2	1	0	11	1.491e-19	4.415e-19	1.445e-18	2.007e-17	1.478e-16	6.658e-16	5.316e-15	3.421e-14	1.059e-13
2	1	1	7	1.338e-15	2.557e-15	5.063e-15	2.239e-14	6.830e-14	1.577e-13	4.983e-13	1.393e-12	2.596e-12
0	12	0	0	5.347e-21	1.834e-19	2.079e-18	7.989e-17	5.981e-16	2.127e-15	9.564e-15	3.056e-14	5.773e-14
0	12	0	2	4.522e-20	1.355e-18	1.409e-17	4.814e-16	3.404e-15	1.172e-14	5.092e-14	1.590e-13	2.972e-13
0	12	0	4	2.992e-19	7.370e-18	6.709e-17	1.884e-15	1.198e-14	3.861e-14	1.553e-13	4.576e-13	8.286e-13
0	12	0	6	2.599e-18	4.778e-17	3.594e-16	7.718e-15	4.285e-14	1.275e-13	4.698e-13	1.300e-12	2.281e-12
0	12	0	8	3.485e-17	4.562e-16	2.726e-15	4.169e-14	1.927e-13	5.116e-13	1.650e-12	4.129e-12	6.860e-12
0	12	1	0	4.412e-22	1.288e-20	1.402e-19	5.788e-18	4.911e-17	1.965e-16	1.064e-15	4.085e-15	8.685e-15
0	12	1	2	5.693e-21	1.379e-19	1.332e-18	4.677e-17	3.671e-16	1.405e-15	7.265e-15	2.706e-14	5.671e-14
0	12	1	4	1.132e-19	1.676e-18	1.184e-17	2.731e-16	1.754e-15	6.003e-15	2.764e-14	9.557e-14	1.935e-13
0	12	0	10	4.123e-15	2.658e-14	9.898e-14	7.630e-13	2.457e-12	5.235e-12	1.313e-11	2.725e-11	4.101e-11
0	12	1	6	1.087e-18	1.457e-17	9.252e-17	1.692e-15	9.134e-15	2.743e-14	1.055e-13	3.107e-13	5.707e-13
0	12	1	8	3.725e-14	3.250e-14	3.763e-14	7.456e-14	1.464e-13	2.564e-13	5.846e-13	1.271e-12	2.066e-12
0	12	2	0	3.412e-22	1.340e-21	5.552e-21	1.189e-19	1.169e-18	6.473e-18	6.780e-17	5.512e-16	1.958e-15
2	2	0	0	9.627e-21	5.115e-19	7.743e-18	4.493e-16	4.161e-15	1.681e-14	8.722e-14	3.092e-13	6.166e-13
2	2	0	2	8.362e-20	3.895e-18	5.412e-17	2.786e-15	2.430e-14	9.477e-14	4.732e-13	1.633e-12	3.212e-12
2	2	0	4	2.088e-19	1.035e-17	1.423e-16	6.531e-15	5.012e-14	1.751e-13	7.413e-13	2.184e-12	3.890e-12
2	2	0	6	3.668e-19	1.879e-17	2.474e-16	9.333e-15	5.916e-14	1.765e-13	5.922e-13	1.403e-12	2.180e-12
2	2	0	8	1.508e-19	7.594e-18	9.898e-17	3.694e-15	2.333e-14	6.954e-14	2.334e-13	5.535e-13	8.612e-13
2	2	1	0	1.441e-18	3.158e-17	2.671e-16	6.800e-15	4.130e-14	1.298e-13	5.092e-13	1.477e-12	2.655e-12
2	2	1	2	3.908e-18	1.295e-16	1.380e-15	4.493e-14	2.927e-13	9.333e-13	3.594e-12	9.966e-12	1.726e-11
2	2	1	4	3.739e-17	8.573e-16	6.883e-15	1.380e-13	6.631e-13	1.716e-12	5.055e-12	1.120e-11	1.701e-11
2	2	0	10	2.310e-20	7.191e-19	7.743e-18	2.835e-16	2.105e-15	7.509e-15	3.423e-14	1.115e-13	2.137e-13
2	2	1	6	2.981e-17	5.643e-16	3.981e-15	6.607e-14	2.868e-13	6.972e-13	1.911e-12	4.008e-12	5.916e-12
2	2	1	8	2.502e-16	1.008e-15	2.959e-15	1.878e-14	6.037e-14	1.347e-13	3.777e-13	8.982e-13	1.487e-12
2	2	2	0	2.214e-14	2.501e-13	1.112e-12	7.508e-12	1.738e-11	2.676e-11	3.978e-11	4.885e-11	5.236e-11
2	2	0	12	2.773e-21	2.950e-20	2.047e-19	6.879e-18	7.047e-17	3.640e-16	3.140e-15	1.991e-14	5.922e-14
2	3	0	1	1.466e-19	3.624e-18	3.503e-17	1.202e-15	9.171e-15	3.423e-14	1.703e-13	6.113e-13	1.251e-12
2	3	0	3	8.142e-19	1.792e-17	1.601e-16	4.898e-15	3.512e-14	1.262e-13	6.008e-13	2.086e-12	4.194e-12
2	3	0	5	2.199e-18	5.088e-17	4.501e-16	1.245e-14	7.987e-14	2.610e-13	1.078e-12	3.266e-12	6.028e-12
2	3	0	7	3.928e-18	8.596e-17	6.954e-16	1.522e-14	8.061e-14	2.268e-13	7.575e-13	1.892e-12	3.100e-12
2	3	1	1	2.030e-17	2.240e-16	1.273e-15	2.055e-14	1.063e-13	3.147e-13	1.208e-12	3.594e-12	6.676e-12
2	3	1	3	4.486e-17	6.320e-16	4.105e-15	7.586e-14	4.055e-13	1.202e-12	4.519e-12	1.297e-11	2.343e-11
2	3	0	9	5.982e-19	1.457e-17	1.265e-16	3.073e-15	1.719e-14	4.999e-14	1.735e-13	4.459e-13	7.420e-13
2	3	1	5	6.115e-16	5.472e-15	2.531e-14	2.661e-13	1.006e-12	2.362e-12	6.607e-12	1.485e-11	2.330e-11
2	3	0	11	5.206e-19	2.434e-18	9.356e-18	1.230e-16	7.271e-16	2.617e-15	1.445e-14	6.399e-14	1.552e-13
2	3	1	7	2.805e-16	2.240e-15	9.698e-15	9.441e-14	3.474e-13	8.066e-13	2.245e-12	5.064e-12	7.981e-12
2	3	2	1	2.643e-13	1.113e-12	2.891e-12	1.142e-11	2.340e-11	3.612e-11	5.914e-11	8.495e-11	1.028e-10
1	9	0	1	4.880e-20	1.415e-18	1.468e-17	5.188e-16	3.830e-15	1.370e-14	6.310e-14	2.085e-13	4.039e-13
1	9	0	3	4.019e-19	9.639e-18	8.710e-17	2.469e-15	1.600e-14	5.248e-14	2.172e-13	6.582e-13	1.214e-12
1	9	0	5	2.323e-18	4.707e-17	3.763e-16	8.760e-15	5.049e-14	1.533e-13	5.763e-13	1.615e-12	2.848e-12
1	9	0	7	1.497e-17	2.602e-16	1.848e-15	3.508e-14	1.777e-13	4.936e-13	1.655e-12	4.212e-12	7.023e-12
1	9	1	1	3.186e-18	6.387e-17	4.665e-16	8.082e-15	3.571e-14	8.754e-14	2.416e-13	5.081e-13	7.501e-13
1	9	1	3	1.980e-17	3.349e-16	2.210e-15	3.388e-14	1.427e-13	3.423e-13	9.306e-13	1.952e-12	2.888e-12
1	9	0	9	1.474e-16	1.695e-15	9.380e-15	1.311e-13	5.856e-13	1.533e-12	4.905e-12	1.229e-11	2.049e-11
1	9	1	5	2.590e-16	3.254e-15	1.774e-14	2.089e-13	7.727e-13	1.720e-12	4.315e-12	8.568e-12	1.234e-11
1	9	0	11	2.953e-15	2.177e-14	8.533e-14	6.569e-13	2.010e-12	4.053e-12	9.266e-12	1.749e-11	2.473e-11
1	9	1	7	3.454e-15	4.196e-14	2.143e-13	2.113e-12	6.730e-12	1.332e-11	2.827e-11	4.814e-11	6.310e-11
1	9	2	1	1.364e-16	1.326e-16	1.838e-16	5.855e-16	1.703e-15	4.053e-15	1.427e-14	4.616e-14	9.572e-14
1	9	2	3	5.715e-15	3.580e-15	3.631e-15	7.079e-15	1.550e-14	3.067e-14	8.610e-14	2.324e-13	4.353e-13
2	4	0	0	4.601e-21	2.588e-19	3.941e-18	2.163e-16	1.864e-15	7.061e-15	3.321e-14	1.070e-13	2.008e-13
2	4	0	2	6.617e-20	2.592e-18	3.195e-17	1.372e-15	1.082e-14	3.961e-14	1.833e-13	5.962e-13	1.135e-12
2	4	0	4	2.768e-19	1.012e-17	1.184e-16	4.651e-15	3.467e-14	1.221e-13	5.378e-13	1.679e-12	3.121e-12
2	4	0	6	6.731e-19	2.631e-17	3.082e-16	1.116e-14	7.530e-14	2.430e-13	9.373e-13	2.574e-12	4.413e-12
2	4	0	8	1.182e-18	4.650e-17	5.142e-16	1.514e-14	8.441e-14	2.332e-13	7.182e-13	1.598e-12	2.404e-12
2	4	1	0	9.023e-19	1.831e-17	1.431e-16	3.073e-15	1.644e-14	4.701e-14	1.619e-13	4.183e-13	7.013e-13
2	4	1	2	4.112e-18	1.026e-16	9.074e-16	2.265e-14	1.287e-13	3.782e-13	1.330e-12	3.452e-12	5.776e-12
2	4	1	4	1.704e-17	4.181e-16	3.631e-15	8.710e-14	4.804e-13	1.380e-12	4.704e-12	1.188e-11	1.954e-11
2	4	0	10	6.298e-20	3.901e-18	5.725e-17	2.441e-15	1.611e-14	4.873e-14	1.638e-13	3.837e-13	5.894e-13
2	4	1	6	1.856e-16	3.258e-15	2.143e-14	3.090e-13	1.213e-12	2.740e-12	6.800e-12	1.307e-11	1.830e-11
2	4	1	8	3.291e-17	6.040e-16	4.147e-15	6.531e-14	2.734e-13	6.473e-13	1.713e-12	3.485e-12	5.050e-12
2	4	2	0	2.476e-16	5.906e-15	4.201e-14	5.278e-13	1.631e-12	2.940e-12	5.114e-12	6.914e-12	7.728e-12
2	4	0	12	8.989e-20	7.677e-19	4.147e-18	7.898e-17	5.229e-16	1.940e-15	1.058e-14	4.442e-14	1.028e-13
2	4	2	2	1.528e-14	1.978e-13	9.782e-13	7.934e-12	2.064e-11	3.447e-11	5.685e-11	7.623e-11	8.601e-11
0	13	0	1	1.271e-20	3.639e-19	3.744e-18	1.311e-16	9.638e-16	3.441e-15	1.583e-14	5.228e-14	1.013e-13
0	13	0	3	6.492e-20	1.574e-18	1.453e-17	4.365e-16	2.970e-15	1.013e-14	4.428e-14	1.411e-13	2.684e-13
0	13	0	5	3.789e-19	7.491e-18	6.057e-17	1.514e-15	9.393e-15	3.035e-14	1.252e-13	3.829e-13	7.136e-13
0	13	0	7	2.794e-18	4.488e-17	3.146e-16	6.346e-15	3.499e-14	1.050e-13	3.964e-13	1.133e-12	2.034e-12
0	13	1	1	2.026e-21	3.634e-20	3.105e-19	1.067e-17	9.177e-17	3.902e-16	2.417e-15	1.087e-14	2.579e-14
0	13	1	3	1.017e-20	1.751e-19	1.418e-18	4.281e-17	3.325e-16	1.307e-15	7.251e-15	2.952e-14	6.590e-14
0	13	0	9	4.964e-17	5.314e-16	2.858e-15	3.972e-14	1.814e-13	4.868e-13	1.626e-12	4.259e-12	7.315e-12
0	13	1	5	1.055e-19	1.421e-18	9.678e-18	2.230e-16	1.482e-15	5.266e-15	2.583e-14	9.530e-14	2.013e-13
0	13	0	11	6.081e-15	3.378e-14	1.162e-13	8.327e-13	2.652e-12	5.684e-12	1.458e-11	3.124e-11	4.812e-11
0	13	1	7	1.634e-18	1.457e-17	7.493e-17	1.140e-15	6.055e-15	1.871e-14	7.794e-14	2.540e-13	5.018e-13
0	13	2	1	1.707e-21	3.848e-21	1.196e-20	1.995e-19	1.923e-18	1.108e-17	1.296e-16	1.212e-15	4.759e-15
0	13	2	3	2.418e-20	4.575e-20	1.215e-19	1.488e-18	1.155e-17	5.681e-17	5.378e-16	4.180e-15	1.469e-14
0	13	1	9	1.393e-14	1.638e-14	2.244e-14	5.339e-14	1.109e-13	1.970e-13	4.460e-13	9.445e-13	1.499e-12
2	5	0	1	7.278e-20	2.006e-18	2.016e-17	6.839e-16	4.957e-15	1.756e-14	8.012e-14	2.634e-13	5.093e-13
2	5	0	3	4.073e-19	8.967e-18	7.822e-17	2.200e-15	1.462e-14	4.936e-14	2.147e-13	6.855e-13	1.308e-12
2	5	0	5	1.278e-18	3.003e-17	2.685e-16	7.542e-15	4.884e-14	1.605e-13	6.674e-13	2.034e-12	3.765e-12
2	5	0	7	4.378e-18	9.090e-17	7.432e-16	1.809e-14	1.076e-13	3.345e-13	1.298e-12	3.737e-12	6.701e-12
2	5	1	1	7.943e-18	1.018e-16	6.088e-16	9.605e-15	4.605e-14	1.262e-13	4.272e-13	1.120e-12	1.915e-12
2	5	1	3	2.041e-17	3.019e-16	1.955e-15	3.350e-14	1.641e-13	4.513e-13	1.514e-12	3.896e-12	6.567e-12
2	5	0	9	9.924e-18	1.642e-16	1.108e-15	1.884e-14	8.790e-14	2.297e-13	7.079e-13	1.672e-12	2.664e-12
2	5	1	5	1.460e-16	1.819e-15	1.058e-14	1.576e-13	7.244e-13	1.925e-12	6.246e-12	1.577e-11	2.638e-11
2	5	0	11	4.096e-19	8.275e-18	6.473e-17	1.404e-15	7.600e-15	2.193e-14	7.663e-14	2.006e-13	3.392e-13
2	5	1	7	2.722e-15	1.965e-14	7.782e-14	6.383e-13	2.085e-12	4.444e-12	1.103e-11	2.250e-11	3.341e-11
2	5	2	1	1.783e-15	2.114e-14	1.028e-13	8.841e-13	2.507e-12	4.529e-12	8.441e-12	1.276e-11	1.554e-11
2	5	2	3	1.157e-13	5.646e-13	1.638e-12	7.762e-12	1.778e-11	2.959e-11	5.324e-11	8.269e-11	1.046e-10
2	5	1	9	2.129e-15	6.618e-15	1.660e-14	8.660e-14	2.563e-13	5.495e-13	1.490e-12	3.494e-12	5.771e-12
2	5	0	13	1.430e-18	2.180e-18	4.642e-18	3.548e-17	1.941e-16	7.356e-16	4.870e-15	2.752e-14	7.981e-14
1	10	0	0	2.030e-21	1.025e-19	1.460e-18	7.371e-17	6.126e-16	2.279e-15	1.055e-14	3.372e-14	6.316e-14
1	10	0	2	2.659e-20	1.155e-18	1.475e-17	6.237e-16	4.664e-15	1.618e-14	6.859e-14	2.042e-13	3.672e-13
1	10	0	4	1.264e-19	4.998e-18	5.904e-17	2.163e-15	1.470e-14	4.762e-14	1.846e-13	5.089e-13	8.742e-13
1	10	0	6	6.250e-19	2.171e-17	2.326e-16	7.244e-15	4.455e-14	1.349e-13	4.800e-13	1.232e-12	2.032e-12
1	10	0	8	3.452e-18	1.072e-16	1.047e-15	2.754e-14	1.514e-13	4.233e-13	1.357e-12	3.184e-12	4.979e-12
1	10	1	0	6.874e-20	2.585e-18	2.712e-17	7.079e-16	3.597e-15	9.261e-15	2.585e-14	5.266e-14	7.508e-14
1	10	1	2	5.836e-19	2.124e-17	2.188e-16	5.591e-15	2.821e-14	7.244e-14	2.021e-13	4.125e-13	5.891e-13
1	10	1	4	3.044e-18	9.959e-17	9.550e-16	2.200e-14	1.051e-13	2.610e-13	7.008e-13	1.390e-12	1.955e-12
1	10	0	10	3.505e-17	7.461e-16	5.784e-15	1.135e-13	5.495e-13	1.442e-12	4.365e-12	9.966e-12	1.546e-11
1	10	1	6	3.223e-17	8.762e-16	7.394e-15	1.404e-13	6.026e-13	1.398e-12	3.462e-12	6.448e-12	8.763e-12
1	10	1	8	8.101e-16	1.692e-14	1.171e-13	1.600e-12	5.603e-12	1.133e-11	2.358e-11	3.802e-11	4.755e-11
1	10	2	0	3.958e-21	1.111e-19	1.069e-18	3.055e-17	1.881e-16	5.828e-16	2.188e-15	5.989e-15	1.033e-14
1	10	0	12	7.574e-16	1.106e-14	6.310e-14	7.120e-13	2.394e-12	4.860e-12	1.052e-11	1.801e-11	2.359e-11
1	10	2	2	7.883e-19	6.819e-18	3.294e-17	4.205e-16	1.923e-15	5.282e-15	1.861e-14	5.198e-14	9.339e-14
1	10	2	4	1.117e-16	3.719e-16	9.797e-16	5.527e-15	1.712e-14	3.782e-14	1.064e-13	2.570e-13	4.316e-13
2	6	0	0	7.779e-21	2.418e-19	2.617e-18	9.772e-17	7.393e-16	2.678e-15	1.248e-14	4.151e-14	8.060e-14
2	6	0	2	9.756e-20	2.481e-18	2.350e-17	7.244e-16	4.957e-15	1.690e-14	7.349e-14	2.323e-13	4.392e-13
2	6	0	4	5.236e-19	1.130e-17	9.599e-17	2.526e-15	1.591e-14	5.155e-14	2.117e-13	6.411e-13	1.185e-12
2	6	0	6	1.888e-18	3.780e-17	3.051e-16	7.456e-15	4.512e-14	1.427e-13	5.697e-13	1.690e-12	3.087e-12
2	6	0	8	7.545e-18	1.328e-16	9.797e-16	2.089e-14	1.172e-13	3.530e-13	1.330e-12	3.769e-12	6.716e-12
2	6	1	0	1.039e-18	1.457e-17	9.027e-17	1.429e-15	6.644e-15	1.760e-14	5.623e-14	1.388e-13	2.283e-13
2	6	1	2	5.544e-18	8.492e-17	5.580e-16	9.605e-15	4.664e-14	1.269e-13	4.175e-13	1.053e-12	1.752e-12
2	6	1	4	2.418e-17	3.659e-16	2.362e-15	3.890e-14	1.823e-13	4.823e-13	1.527e-12	3.717e-12	6.051e-12
2	6	0	10	1.646e-17	2.533e-16	1.618e-15	2.512e-14	1.109e-13	2.790e-13	8.199e-13	1.861e-12	2.899e-12
2	6	1	6	1.807e-16	2.166e-15	1.215e-14	1.679e-13	7.311e-13	1.867e-12	5.738e-12	1.381e-11	2.244e-11
2	6	1	8	4.164e-15	2.750e-14	1.021e-13	7.542e-13	2.316e-12	4.738e-12	1.117e-11	2.187e-11	3.171e-11
2	6	2	0	8.544e-18	3.064e-16	2.824e-15	5.029e-14	1.835e-13	3.630e-13	6.950e-13	9.997e-13	1.150e-12
2	6	0	12	1.011e-18	1.299e-17	7.903e-17	1.318e-15	6.644e-15	1.896e-14	6.800e-14	1.881e-13	3.327e-13
2	6	2	2	6.323e-16	9.512e-15	5.365e-14	5.598e-13	1.733e-12	3.280e-12	6.396e-12	9.921e-12	1.221e-11
2	6	2	4	2.687e-14	2.080e-13	7.883e-13	5.070e-12	1.293e-11	2.239e-11	4.086e-11	6.232e-11	7.712e-11
2	6	1	10	2.886e-14	3.197e-14	4.388e-14	1.135e-13	2.601e-13	5.038e-13	1.299e-12	3.119e-12	5.358e-12
0	14	0	0	1.077e-21	3.061e-20	3.130e-19	1.084e-17	7.914e-17	2.811e-16	1.285e-15	4.220e-15	8.147e-15
0	14	0	2	8.507e-21	2.177e-19	2.079e-18	6.531e-17	4.537e-16	1.565e-15	6.918e-15	2.220e-14	4.234e-14
0	14	0	4	4.437e-20	9.851e-19	8.533e-18	2.317e-16	1.486e-15	4.873e-15	2.030e-14	6.221e-14	1.157e-13
0	14	0	6	1.917e-19	3.570e-18	2.754e-17	6.346e-16	3.739e-15	1.166e-14	4.591e-14	1.351e-13	2.460e-13
0	14	0	8	1.162e-18	1.794e-17	1.221e-16	2.344e-15	1.254e-14	3.687e-14	1.357e-13	3.796e-13	6.732e-13
0	14	1	0	4.081e-22	4.606e-21	3.067e-20	8.270e-19	6.780e-18	2.906e-17	1.903e-16	9.299e-16	2.349e-15
0	14	1	2	2.455e-21	3.299e-20	2.362e-19	6.494e-18	5.077e-17	2.057e-16	1.221e-15	5.386e-15	1.271e-14
0	14	1	4	1.017e-20	1.396e-19	9.767e-19	2.409e-17	1.692e-16	6.273e-16	3.267e-15	1.274e-14	2.782e-14
0	14	0	10	2.368e-17	2.550e-16	1.366e-15	1.862e-14	8.333e-14	2.199e-13	7.161e-13	1.832e-12	3.100e-12
0	14	1	6	5.683e-20	7.814e-19	5.232e-18	1.107e-16	6.760e-16	2.237e-15	9.881e-15	3.303e-14	6.560e-14
0	14	1	8	8.853e-19	8.286e-18	4.251e-17	6.005e-16	2.926e-15	8.390e-15	3.123e-14	9.137e-14	1.686e-13
0	14	2	0	7.474e-24	6.764e-23	4.571e-22	1.738e-20	2.116e-19	1.278e-18	1.404e-17	1.128e-16	3.900e-16
0	14	0	12	2.964e-15	1.722e-14	5.989e-14	4.190e-13	1.284e-12	2.657e-12	6.446e-12	1.307e-11	1.943e-11
0	14	2	2	2.427e-22	1.250e-21	6.057e-21	1.549e-19	1.620e-18	9.167e-18	9.661e-17	7.755e-16	2.716e-15
0	14	2	4	1.037e-20	2.495e-20	7.394e-20	9.605e-19	7.191e-18	3.354e-17	2.872e-16	2.000e-15	6.530e-15
0	14	1	10	1.694e-15	3.604e-15	6.883e-15	2.331e-14	5.355e-14	9.722e-14	2.147e-13	4.268e-13	6.420e-13
0	14	2	6	1.098e-18	1.179e-18	1.975e-18	1.053e-17	4.725e-17	1.581e-16	9.029e-16	4.554e-15	1.241e-14
1	11	0	1	1.723e-20	3.031e-19	2.357e-18	6.019e-17	3.978e-16	1.369e-15	6.254e-15	2.121e-14	4.225e-14
1	11	0	3	1.346e-19	2.174e-18	1.569e-17	3.467e-16	2.074e-15	6.641e-15	2.754e-14	8.588e-14	1.627e-13
1	11	0	5	6.406e-19	9.973e-18	6.848e-17	1.341e-15	7.285e-15	2.165e-14	8.093e-14	2.296e-13	4.106e-13
1	11	0	7	2.580e-18	3.864e-17	2.538e-16	4.493e-15	2.257e-14	6.326e-14	2.178e-13	5.741e-13	9.818e-13
1	11	1	1	4.689e-19	6.519e-18	3.941e-17	5.788e-16	2.521e-15	6.342e-15	1.881e-14	4.335e-14	6.834e-14
1	11	1	3	2.301e-18	3.015e-17	1.756e-16	2.455e-15	1.045e-14	2.597e-14	7.608e-14	1.740e-13	2.735e-13
1	11	0	9	1.503e-17	1.882e-16	1.096e-15	1.631e-14	7.475e-14	1.980e-13	6.392e-13	1.606e-12	2.676e-12
1	11	1	5	1.283e-17	1.462e-16	7.782e-16	9.605e-15	3.844e-14	9.214e-14	2.596e-13	5.783e-13	8.967e-13
1	11	0	11	2.178e-16	1.814e-15	8.292e-15	9.210e-14	3.763e-13	9.470e-13	2.950e-12	7.368e-12	1.236e-11
1	11	1	7	1.411e-16	1.322e-15	6.150e-15	6.202e-14	2.220e-13	4.961e-13	1.286e-12	2.687e-12	4.022e-12
1	11	2	1	2.022e-20	2.451e-19	1.497e-18	2.729e-17	1.524e-16	4.755e-16	1.951e-15	6.141e-15	1.178e-14
1	11	2	3	3.329e-19	2.942e-18	1.445e-17	1.900e-16	8.855e-16	2.464e-15	8.830e-15	2.502e-14	4.533e-14
1	11	1	9	5.098e-15	3.760e-14	1.445e-13	1.041e-12	2.998e-12	5.754e-12	1.225e-11	2.164e-11	2.936e-11
1	11	0	13	6.992e-15	4.537e-14	1.618e-13	1.065e-12	2.965e-12	5.609e-12	1.183e-11	2.091e-11	2.846e-11
1	11	2	5	7.690e-17	2.240e-16	5.412e-16	2.707e-15	7.900e-15	1.685e-14	4.564e-14	1.074e-13	1.781e-13
2	7	0	1	1.203e-20	4.851e-19	6.088e-18	2.676e-16	2.132e-15	7.842e-15	3.646e-14	1.189e-13	2.266e-13
2	7	0	3	7.264e-20	2.290e-18	2.461e-17	8.810e-16	6.380e-15	2.227e-14	9.829e-14	3.104e-13	5.833e-13
2	7	0	5	4.852e-19	1.050e-17	9.027e-17	2.469e-15	1.608e-14	5.357e-14	2.288e-13	7.187e-13	1.359e-12
2	7	0	7	2.211e-18	4.074e-17	3.162e-16	7.542e-15	4.605e-14	1.479e-13	6.087e-13	1.867e-12	3.492e-12
2	7	1	1	9.214e-19	1.751e-17	1.312e-16	2.661e-15	1.385e-14	3.900e-14	1.322e-13	3.379e-13	5.637e-13
2	7	1	3	3.323e-18	6.636e-17	5.116e-16	1.072e-14	5.639e-14	1.593e-13	5.401e-13	1.376e-12	2.289e-12
2	7	0	9	8.474e-18	1.252e-16	8.360e-16	1.594e-14	8.614e-14	2.564e-13	9.647e-13	2.764e-12	4.979e-12
2	7	1	5	2.190e-17	3.609e-16	2.461e-15	4.365e-14	2.120e-13	5.725e-13	1.851e-12	4.573e-12	7.494e-12
2	7	0	11	2.800e-17	3.232e-16	1.711e-15	2.042e-14	7.885e-14	1.834e-13	4.940e-13	1.054e-12	1.592e-12
2	7	1	7	2.512e-16	2.874e-15	1.573e-14	2.126e-13	9.230e-13	2.362e-12	7.318e-12	1.780e-11	2.914e-11
2	7	2	1	1.991e-17	5.612e-16	4.594e-15	7.499e-14	2.764e-13	5.652e-13	1.161e-12	1.813e-12	2.207e-12
2	7	2	3	2.422e-16	5.023e-15	3.444e-14	4.592e-13	1.578e-12	3.144e-12	6.407e-12	1.013e-11	1.253e-11
2	7	1	9	7.829e-15	4.835e-14	1.694e-13	1.122e-12	3.197e-12	6.198e-12	1.361e-11	2.503e-11	3.498e-11
2	7	0	13	6.783e-18	2.296e-17	6.848e-17	5.788e-16	2.578e-15	7.625e-15	3.269e-14	1.168e-13	2.500e-13
2	7	2	5	9.639e-15	1.119e-13	5.398e-13	4.651e-12	1.332e-11	2.430e-11	4.604e-11	7.077e-11	8.714e-11
2	7	1	11	3.796e-13	1.626e-13	1.184e-13	1.223e-13	1.728e-13	2.493e-13	4.591e-13	8.585e-13	1.292e-12
2	8	0	0	1.691e-21	6.627e-20	8.233e-19	3.631e-17	2.932e-16	1.094e-15	5.203e-15	1.736e-14	3.360e-14
2	8	0	2	1.520e-20	5.736e-19	6.848e-18	2.770e-16	2.097e-15	7.451e-15	3.316e-14	1.043e-13	1.946e-13
2	8	0	4	9.830e-20	2.813e-18	2.826e-17	9.120e-16	6.229e-15	2.095e-14	8.836e-14	2.693e-13	4.963e-13
2	8	0	6	6.005e-19	1.220e-17	1.000e-16	2.526e-15	1.567e-14	5.050e-14	2.068e-13	6.276e-13	1.163e-12
2	8	0	8	2.953e-18	5.136e-17	3.802e-16	8.318e-15	4.795e-14	1.479e-13	5.771e-13	1.691e-12	3.079e-12
2	8	1	0	1.242e-19	2.485e-18	1.905e-17	3.913e-16	2.021e-15	5.623e-15	1.865e-14	4.653e-14	7.639e-14
2	8	1	2	6.926e-19	1.536e-17	1.246e-16	2.707e-15	1.416e-14	3.941e-14	1.294e-13	3.177e-13	5.150e-13
2	8	1	4	2.488e-18	5.934e-17	5.012e-16	1.135e-14	6.003e-14	1.672e-13	5.464e-13	1.329e-12	2.138e-12
2	8	0	10	1.061e-17	1.574e-16	1.036e-15	1.873e-14	9.621e-14	2.747e-13	9.730e-13	2.634e-12	4.582e-12
2	8	1	6	2.174e-17	3.822e-16	2.671e-15	4.732e-14	2.241e-13	5.888e-13	1.820e-12	4.289e-12	6.818e-12
2	8	1	8	2.436e-16	2.891e-15	1.597e-14	2.126e-13	8.978e-13	2.239e-12	6.655e-12	1.554e-11	2.478e-11
2	8	2	0	2.787e-18	6.058e-17	4.301e-16	6.074e-15	2.162e-14	4.411e-14	9.263e-14	1.502e-13	1.883e-13
2	8	0	12	3.406e-17	4.181e-16	2.268e-15	2.707e-14	1.022e-13	2.320e-13	6.000e-13	1.227e-12	1.802e-12
2	8	2	2	2.531e-17	5.300e-16	3.706e-15	5.218e-14	1.878e-13	3.881e-13	8.330e-13	1.382e-12	1.759e-12
2	8	2	4	2.892e-16	4.740e-15	2.869e-14	3.408e-13	1.150e-12	2.314e-12	4.891e-12	8.130e-12	1.042e-11
2	8	1	10	9.127e-15	5.689e-14	1.985e-13	1.281e-12	3.551e-12	6.726e-12	1.427e-11	2.541e-11	3.479e-11
2	8	2	6	4.168e-15	5.864e-14	3.167e-13	3.112e-12	9.350e-12	1.739e-11	3.328e-11	5.095e-11	6.229e-11
2	8	0	14	3.354e-17	5.417e-17	1.010e-16	4.545e-16	1.500e-15	3.754e-15	1.355e-14	4.335e-14	8.821e-14
3	0	0	0	1.369e-20	2.113e-19	1.629e-18	4.806e-17	3.805e-16	1.536e-15	8.947e-15	3.840e-14	8.882e-14
3	0	0	2	8.458e-20	1.207e-18	9.027e-18	2.661e-16	2.168e-15	9.027e-15	5.543e-14	2.512e-13	6.020e-13
3	0	0	4	9.812e-20	2.334e-18	2.154e-17	6.645e-16	4.664e-15	1.634e-14	7.445e-14	2.468e-13	4.813e-13
3	0	0	6	9.868e-20	3.036e-18	3.035e-17	8.760e-16	5.258e-15	1.581e-14	5.632e-14	1.459e-13	2.427e-13
3	0	0	8	1.500e-20	7.300e-19	9.356e-18	3.447e-16	2.180e-15	6.523e-15	2.210e-14	5.298e-14	8.306e-14
3	0	1	0	1.656e-19	1.495e-18	8.890e-18	2.188e-16	1.793e-15	7.862e-15	5.433e-14	2.834e-13	7.494e-13
3	0	1	2	2.049e-19	4.798e-18	4.608e-17	1.662e-15	1.354e-14	5.361e-14	2.919e-13	1.144e-12	2.475e-12
3	0	1	4	4.788e-19	1.404e-17	1.395e-16	4.193e-15	2.659e-14	8.403e-14	3.231e-13	9.020e-13	1.573e-12
3	0	0	10	1.753e-21	6.913e-20	8.533e-19	3.652e-17	2.863e-16	1.042e-15	4.779e-15	1.541e-14	2.919e-14
3	0	1	6	1.323e-19	5.902e-18	7.098e-17	2.358e-15	1.401e-14	4.022e-14	1.294e-13	2.973e-13	4.549e-13
3	0	1	8	8.955e-20	1.841e-18	1.521e-17	3.890e-16	2.430e-15	7.862e-15	3.236e-14	9.856e-14	1.830e-13
3	0	2	0	1.231e-16	1.117e-15	5.439e-15	6.703e-14	2.916e-13	7.654e-13	2.514e-12	6.557e-12	1.128e-11
3	0	0	12	8.853e-23	1.576e-21	1.475e-20	6.998e-19	8.106e-18	4.388e-17	3.857e-16	2.405e-15	6.990e-15
3	0	2	2	1.328e-16	1.770e-15	1.026e-14	1.380e-13	5.639e-13	1.352e-12	3.758e-12	8.176e-12	1.245e-11
3	0	2	4	5.060e-17	6.361e-16	3.557e-15	4.571e-14	1.830e-13	4.343e-13	1.195e-12	2.588e-12	3.933e-12
3	0	1	10	4.167e-20	2.974e-19	1.460e-18	2.541e-17	1.657e-16	6.182e-16	3.457e-15	1.505e-14	3.577e-14
3	0	2	6	2.726e-17	2.599e-16	1.221e-15	1.245e-14	4.471e-14	1.000e-13	2.593e-13	5.408e-13	8.086e-13
3	0	0	14	2.742e-23	7.211e-23	2.783e-22	7.943e-21	1.180e-19	9.501e-19	1.778e-17	2.550e-16	1.301e-15
3	0	2	8	5.069e-16	5.635e-16	8.108e-16	2.455e-15	6.486e-15	1.409e-14	4.290e-14	1.202e-13	2.272e-13
3	1	0	1	1.310e-20	3.512e-19	3.729e-18	1.586e-16	1.427e-15	6.043e-15	3.579e-14	1.503e-13	3.385e-13
3	1	0	3	3.452e-20	9.824e-19	1.047e-17	4.169e-16	3.455e-15	1.359e-14	7.203e-14	2.716e-13	5.711e-13
3	1	0	5	5.781e-20	2.252e-18	2.671e-17	1.012e-15	7.125e-15	2.380e-14	9.661e-14	2.782e-13	4.912e-13
3	1	0	7	4.387e-20	2.159e-18	2.768e-17	1.006e-15	6.252e-15	1.843e-14	6.104e-14	1.432e-13	2.214e-13
3	1	1	1	6.719e-20	1.844e-18	1.979e-17	8.472e-16	7.605e-15	3.205e-14	1.881e-13	7.824e-13	1.750e-12
3	1	1	3	1.621e-19	6.174e-18	7.509e-17	3.199e-15	2.530e-14	9.309e-14	4.353e-13	1.432e-12	2.749e-12
3	1	0	9	9.197e-21	4.452e-19	5.696e-18	2.101e-16	1.333e-15	4.001e-15	1.363e-14	3.284e-14	5.165e-14
3	1	1	5	3.899e-19	1.574e-17	1.820e-16	6.026e-15	3.705e-14	1.105e-13	3.791e-13	9.313e-13	1.489e-12
3	1	0	11	7.291e-22	1.607e-20	1.540e-19	5.981e-18	5.330e-17	2.283e-16	1.402e-15	6.168e-15	1.436e-14
3	1	1	7	2.112e-19	8.163e-18	8.981e-17	2.661e-15	1.502e-14	4.201e-14	1.318e-13	2.989e-13	4.552e-13
3	1	2	1	5.533e-17	9.878e-16	6.954e-15	1.237e-13	5.851e-13	1.533e-12	4.711e-12	1.104e-11	1.747e-11
3	1	2	3	2.886e-17	7.625e-16	6.473e-15	1.303e-13	5.959e-13	1.460e-12	3.924e-12	7.901e-12	1.128e-11
3	1	1	9	4.889e-20	9.495e-19	7.664e-18	1.950e-16	1.238e-15	4.084e-15	1.738e-14	5.481e-14	1.041e-13
3	1	0	13	3.419e-23	5.300e-22	4.786e-21	2.413e-19	3.110e-18	1.862e-17	1.919e-16	1.401e-15	4.505e-15
3	1	2	5	8.803e-18	2.231e-16	1.857e-15	3.694e-14	1.697e-13	4.190e-13	1.143e-12	2.341e-12	3.380e-12
3	1	1	11	4.042e-21	3.483e-20	1.945e-19	4.097e-18	2.965e-17	1.181e-16	7.131e-16	3.291e-15	8.075e-15
3	1	2	7	1.480e-16	7.846e-16	2.564e-15	1.636e-14	4.769e-14	9.562e-14	2.237e-13	4.412e-13	6.461e-13
1	12	0	0	8.019e-22	2.533e-20	2.783e-19	1.072e-17	8.287e-17	3.051e-16	1.454e-15	4.931e-15	9.686e-15
1	12	0	2	1.027e-20	2.741e-19	2.698e-18	8.913e-17	6.380e-16	2.244e-15	1.017e-14	3.332e-14	6.429e-14
1	12	0	4	4.345e-20	1.088e-18	1.010e-17	2.968e-16	1.955e-15	6.473e-15	2.703e-14	8.236e-14	1.522e-13
1	12	0	6	1.753e-19	4.119e-18	3.612e-17	9.495e-16	5.786e-15	1.810e-14	7.008e-14	1.998e-13	3.550e-13
1	12	0	8	6.443e-19	1.385e-17	1.136e-16	2.676e-15	1.525e-14	4.559e-14	1.667e-13	4.533e-13	7.836e-13
1	12	1	0	1.659e-20	3.522e-19	2.754e-18	5.591e-17	2.795e-16	7.528e-16	2.368e-15	5.603e-15	8.887e-15
1	12	1	2	9.499e-20	2.107e-18	1.677e-17	3.408e-16	1.678e-15	4.444e-15	1.359e-14	3.122e-14	4.857e-14
1	12	1	4	4.081e-19	8.786e-18	6.813e-17	1.318e-15	6.275e-15	1.622e-14	4.800e-14	1.072e-13	1.640e-13
1	12	0	10	3.767e-18	6.618e-17	4.762e-16	9.333e-15	4.848e-14	1.373e-13	4.732e-13	1.234e-12	2.089e-12
1	12	1	6	2.293e-18	4.452e-17	3.211e-16	5.559e-15	2.484e-14	6.166e-14	1.738e-13	3.734e-13	5.592e-13
1	12	1	8	2.413e-17	3.976e-16	2.551e-15	3.673e-14	1.475e-13	3.415e-13	8.836e-13	1.773e-12	2.555e-12
1	12	2	0	2.092e-21	2.682e-20	1.710e-19	3.357e-18	1.965e-17	6.332e-17	2.709e-16	8.829e-16	1.729e-15
1	12	0	12	6.214e-17	7.430e-16	4.190e-15	5.922e-14	2.635e-13	6.848e-13	2.160e-12	5.325e-12	8.784e-12
1	12	2	2	1.637e-20	2.067e-19	1.298e-18	2.469e-17	1.411e-16	4.467e-16	1.865e-15	5.948e-15	1.150e-14
1	12	2	4	1.278e-19	1.499e-18	8.781e-18	1.452e-16	7.511e-16	2.209e-15	8.351e-15	2.441e-14	4.477e-14
1	12	1	10	1.520e-15	1.660e-14	7.984e-14	7.371e-13	2.299e-12	4.524e-12	9.619e-12	1.653e-11	2.184e-11
1	12	2	6	1.681e-18	1.879e-17	1.005e-16	1.296e-15	5.435e-15	1.356e-14	4.056e-14	9.564e-14	1.537e-13
1	12	0	14	3.304e-15	3.245e-14	1.416e-13	1.078e-12	2.932e-12	5.221e-12	9.702e-12	1.481e-11	1.823e-11
1	12	2	8	5.554e-15	1.052e-14	1.801e-14	4.898e-14	9.621e-14	1.557e-13	2.943e-13	5.100e-13	7.066e-13
1	12	3	0	1.885e-22	4.581e-22	1.380e-21	1.873e-20	1.453e-19	6.972e-19	6.210e-18	4.485e-17	1.497e-16
3	2	0	0	6.744e-21	9.824e-20	7.547e-19	2.371e-17	2.032e-16	8.799e-16	5.705e-15	2.716e-14	6.707e-14
3	2	0	2	4.889e-20	7.976e-19	6.297e-18	1.871e-16	1.460e-15	5.796e-15	3.277e-14	1.363e-13	3.087e-13
3	2	0	4	1.278e-19	2.165e-18	1.697e-17	4.683e-16	3.369e-15	1.247e-14	6.348e-14	2.388e-13	5.079e-13
3	2	0	6	1.999e-19	4.805e-18	4.277e-17	1.148e-15	7.073e-15	2.227e-14	8.685e-14	2.489e-13	4.433e-13
3	2	0	8	1.790e-19	4.871e-18	4.410e-17	1.065e-15	5.691e-15	1.577e-14	5.048e-14	1.194e-13	1.882e-13
3	2	1	0	6.796e-20	9.534e-19	6.897e-18	1.854e-16	1.397e-15	5.470e-15	3.078e-14	1.287e-13	2.936e-13
3	2	1	2	2.400e-19	4.379e-18	3.631e-17	1.100e-15	8.379e-15	3.224e-14	1.724e-13	6.757e-13	1.471e-12
3	2	1	4	8.267e-19	1.665e-17	1.387e-16	3.758e-15	2.493e-14	8.490e-14	3.769e-13	1.234e-12	2.397e-12
3	2	0	10	2.914e-20	7.868e-19	7.207e-18	1.830e-16	1.026e-15	2.959e-15	1.004e-14	2.510e-14	4.095e-14
3	2	1	6	1.881e-18	3.843e-17	2.959e-16	5.991e-15	3.031e-14	8.275e-14	2.665e-13	6.460e-13	1.041e-12
3	2	1	8	9.886e-19	1.831e-17	1.318e-16	2.413e-15	1.155e-14	3.043e-14	9.400e-14	2.207e-13	3.495e-13
3	2	2	0	7.113e-17	5.122e-16	2.087e-15	1.893e-14	6.790e-14	1.560e-13	4.321e-13	9.766e-13	1.545e-12
3	2	0	12	1.924e-21	2.346e-20	1.601e-19	4.241e-18	3.324e-17	1.363e-16	8.306e-16	3.777e-15	9.107e-15
3	2	2	2	8.604e-17	1.037e-15	5.904e-15	8.511e-14	3.844e-13	1.010e-12	3.236e-12	8.090e-12	1.346e-11
3	2	2	4	1.315e-16	1.767e-15	1.021e-14	1.341e-13	5.346e-13	1.256e-12	3.384e-12	7.149e-12	1.069e-11
3	2	1	10	3.854e-19	2.401e-18	1.026e-17	1.326e-16	6.931e-16	2.193e-15	9.786e-15	3.483e-14	7.330e-14
3	2	2	6	5.781e-17	5.846e-16	2.869e-15	3.144e-14	1.180e-13	2.719e-13	7.318e-13	1.574e-12	2.395e-12
3	2	0	14	3.989e-22	8.411e-22	2.577e-21	4.467e-20	4.571e-19	2.783e-18	3.548e-17	3.613e-16	1.498e-15
3	2	2	8	2.614e-15	3.976e-15	6.213e-15	1.650e-14	3.442e-14	5.980e-14	1.279e-13	2.524e-13	3.811e-13
3	2	3	0	4.099e-13	1.624e-12	3.879e-12	1.242e-11	2.150e-11	2.913e-11	3.971e-11	4.829e-11	5.276e-11
3	2	1	12	2.512e-21	1.692e-20	8.490e-20	1.718e-18	1.313e-17	5.609e-17	3.835e-16	2.020e-15	5.413e-15
0	15	0	1	1.691e-21	4.575e-20	4.642e-19	1.669e-17	1.285e-16	4.786e-16	2.354e-15	8.311e-15	1.680e-14
0	15	0	3	8.955e-21	2.098e-19	1.945e-18	6.202e-17	4.512e-16	1.630e-15	7.774e-15	2.692e-14	5.396e-14
0	15	0	5	3.033e-20	6.250e-19	5.329e-18	1.514e-16	1.039e-15	3.631e-15	1.669e-14	5.635e-14	1.115e-13
0	15	0	7	1.341e-19	2.444e-18	1.905e-17	4.677e-16	2.943e-15	9.698e-15	4.145e-14	1.318e-13	2.521e-13
0	15	1	1	2.413e-22	3.684e-21	3.005e-20	1.090e-18	1.047e-17	4.948e-17	3.626e-16	1.928e-15	5.095e-15
0	15	1	3	1.240e-21	2.119e-20	1.768e-19	5.981e-18	5.166e-17	2.214e-16	1.394e-15	6.385e-15	1.534e-14
0	15	0	9	8.490e-19	1.324e-17	9.309e-17	1.972e-15	1.150e-14	3.621e-14	1.471e-13	4.507e-13	8.456e-13
0	15	1	5	4.239e-21	7.730e-20	6.433e-19	1.977e-17	1.527e-16	5.940e-16	3.228e-15	1.284e-14	2.823e-14
0	15	0	11	1.646e-17	1.877e-16	1.057e-15	1.584e-14	7.569e-14	2.094e-13	7.264e-13	1.963e-12	3.433e-12
0	15	1	7	2.121e-20	3.724e-19	2.920e-18	7.682e-17	5.223e-16	1.839e-15	8.687e-15	3.040e-14	6.175e-14
0	15	2	1	2.237e-23	1.458e-22	8.446e-22	2.917e-20	3.678e-19	2.362e-18	2.926e-17	2.687e-16	1.017e-15
0	15	2	3	2.341e-22	1.199e-21	5.843e-21	1.540e-19	1.660e-18	9.624e-18	1.052e-16	8.736e-16	3.125e-15
0	15	1	9	3.899e-19	4.052e-18	2.293e-17	3.949e-16	2.217e-15	7.054e-15	3.023e-14	1.001e-13	1.989e-13
0	15	0	13	2.859e-15	1.887e-14	7.061e-14	5.370e-13	1.694e-12	3.539e-12	8.610e-12	1.735e-11	2.562e-11
0	15	2	5	5.419e-21	1.877e-20	6.778e-20	1.072e-18	8.379e-18	3.900e-17	3.217e-16	2.112e-15	6.588e-15
0	15	1	11	3.775e-16	1.394e-15	3.736e-15	1.948e-14	5.401e-14	1.079e-13	2.599e-13	5.397e-13	8.231e-13
0	15	2	7	5.759e-19	7.113e-19	1.318e-18	8.270e-18	4.085e-17	1.457e-16	9.003e-16	4.841e-15	1.368e-14
0	15	3	1	4.058e-26	3.570e-25	2.840e-24	1.961e-22	4.161e-21	3.951e-20	8.378e-19	1.244e-17	6.301e-17
3	3	0	1	4.296e-20	5.019e-19	3.311e-18	8.270e-17	6.240e-16	2.493e-15	1.469e-14	6.490e-14	1.539e-13
3	3	0	3	2.053e-19	2.259e-18	1.402e-17	3.073e-16	2.105e-15	7.822e-15	4.175e-14	1.690e-13	3.798e-13
3	3	0	5	4.653e-19	6.057e-18	4.006e-17	8.740e-16	5.600e-15	1.938e-14	9.181e-14	3.288e-13	6.823e-13
3	3	0	7	4.680e-19	8.596e-18	6.540e-17	1.462e-15	8.426e-15	2.584e-14	9.943e-14	2.867e-13	5.158e-13
3	3	1	1	4.288e-19	4.421e-18	2.630e-17	5.433e-16	3.611e-15	1.318e-14	6.898e-14	2.753e-13	6.146e-13
3	3	1	3	1.033e-18	1.333e-17	8.890e-17	2.018e-15	1.345e-14	4.811e-14	2.392e-13	8.965e-13	1.914e-12
3	3	0	9	6.179e-19	1.063e-17	7.319e-17	1.266e-15	5.916e-15	1.541e-14	4.711e-14	1.101e-13	1.742e-13
3	3	1	5	4.042e-18	5.242e-17	3.339e-16	6.431e-15	3.682e-14	1.164e-13	4.837e-13	1.534e-12	2.952e-12
3	3	0	11	9.338e-20	9.652e-19	5.195e-18	7.586e-17	3.671e-16	1.036e-15	3.737e-15	1.054e-14	1.897e-14
3	3	1	7	1.112e-17	1.410e-16	8.149e-16	1.161e-14	5.096e-14	1.301e-13	3.981e-13	9.503e-13	1.534e-12
3	3	2	1	2.558e-16	1.390e-15	4.814e-15	3.632e-14	1.223e-13	2.748e-13	7.565e-13	1.733e-12	2.784e-12
3	3	2	3	1.172e-16	1.248e-15	6.730e-15	9.512e-14	4.419e-13	1.203e-12	4.105e-12	1.098e-11	1.909e-11
3	3	1	9	4.420e-18	4.268e-17	2.100e-16	2.469e-15	1.006e-14	2.486e-14	7.445e-14	1.775e-13	2.881e-13
3	3	0	13	6.542e-21	3.285e-20	1.409e-19	2.455e-18	1.826e-17	7.862e-17	5.591e-16	3.117e-15	8.710e-15
3	3	2	5	9.905e-16	6.932e-15	2.729e-14	2.286e-13	7.701e-13	1.688e-12	4.375e-12	9.317e-12	1.422e-11
3	3	1	11	5.419e-18	7.231e-18	1.265e-17	5.888e-17	2.152e-16	5.964e-16	2.541e-15	9.612e-15	2.180e-14
3	3	2	7	8.173e-16	3.167e-15	8.881e-15	5.082e-14	1.507e-13	3.166e-13	8.156e-13	1.798e-12	2.842e-12
3	3	3	1	1.455e-12	3.440e-12	6.271e-12	1.575e-11	2.649e-11	3.695e-11	5.518e-11	7.565e-11	9.013e-11
3	3	0	15	5.316e-22	6.941e-22	1.668e-21	2.371e-20	2.421e-19	1.545e-18	2.207e-17	2.580e-16	1.179e-15
2	9	0	1	4.042e-22	3.465e-20	6.709e-19	4.814e-17	4.529e-16	1.765e-15	8.306e-15	2.603e-14	4.755e-14
2	9	0	3	3.199e-21	2.012e-19	3.228e-18	1.830e-16	1.559e-15	5.784e-15	2.611e-14	8.041e-14	1.463e-13
2	9	0	5	1.743e-20	7.410e-19	9.501e-18	4.193e-16	3.287e-15	1.187e-14	5.347e-14	1.687e-13	3.146e-13
2	9	0	7	1.087e-19	3.272e-18	3.415e-17	1.175e-15	8.348e-15	2.884e-14	1.259e-13	3.948e-13	7.396e-13
2	9	1	1	2.768e-20	1.010e-18	1.113e-17	3.589e-16	2.237e-15	6.813e-15	2.434e-14	6.250e-14	1.030e-13
2	9	1	3	1.021e-19	4.130e-18	4.811e-17	1.631e-15	1.024e-14	3.106e-14	1.092e-13	2.743e-13	4.446e-13
2	9	0	9	4.034e-19	1.018e-17	9.356e-17	2.630e-15	1.660e-14	5.302e-14	2.101e-13	6.095e-13	1.092e-12
2	9	1	5	3.558e-19	1.431e-17	1.643e-16	5.339e-15	3.233e-14	9.526e-14	3.213e-13	7.770e-13	1.230e-12
2	9	0	11	1.561e-18	3.570e-17	2.929e-16	6.346e-15	3.275e-14	8.981e-14	2.880e-13	6.903e-13	1.102e-12
2	9	1	7	2.981e-18	8.655e-17	8.149e-16	2.065e-14	1.125e-13	3.146e-13	1.014e-12	2.405e-12	3.791e-12
2	9	2	1	6.517e-19	2.573e-17	2.574e-16	5.356e-15	2.173e-14	4.639e-14	9.830e-14	1.544e-13	1.871e-13
2	9	2	3	2.877e-18	1.122e-16	1.120e-15	2.355e-14	9.692e-14	2.096e-13	4.529e-13	7.251e-13	8.895e-13
2	9	1	9	3.565e-17	6.754e-16	4.936e-15	9.226e-14	4.463e-13	1.184e-12	3.683e-12	8.693e-12	1.380e-11
2	9	0	13	7.073e-18	1.611e-16	1.190e-15	1.809e-14	6.767e-14	1.431e-13	3.149e-13	5.316e-13	6.828e-13
2	9	2	5	3.035e-17	9.681e-16	8.586e-15	1.565e-13	6.093e-13	1.286e-12	2.733e-12	4.367e-12	5.377e-12
2	9	1	11	1.576e-15	2.261e-14	1.225e-13	1.187e-12	3.496e-12	6.386e-12	1.188e-11	1.769e-11	2.125e-11
2	9	2	7	8.288e-16	2.058e-14	1.528e-13	2.109e-12	6.989e-12	1.328e-11	2.484e-11	3.583e-11	4.165e-11
2	9	3	1	3.753e-18	1.727e-17	5.168e-17	2.943e-16	8.151e-16	1.591e-15	3.628e-15	7.054e-15	1.027e-14
2	9	0	15	1.385e-18	1.189e-17	5.518e-17	6.198e-16	2.530e-15	6.340e-15	1.958e-14	4.841e-14	8.063e-14
2	9	3	3	1.494e-16	6.199e-16	1.609e-15	6.457e-15	1.350e-14	2.122e-14	3.569e-14	5.262e-14	6.472e-14
3	4	0	0	3.263e-21	5.826e-20	4.803e-19	1.469e-17	1.139e-16	4.454e-16	2.444e-15	9.822e-15	2.173e-14
3	4	0	2	2.843e-20	4.221e-19	3.136e-18	8.570e-17	6.420e-16	2.488e-15	1.371e-14	5.602e-14	1.258e-13
3	4	0	4	1.335e-19	1.856e-18	1.294e-17	3.103e-16	2.114e-15	7.638e-15	3.828e-14	1.438e-13	3.070e-13
3	4	0	6	2.763e-19	4.857e-18	3.744e-17	9.279e-16	5.970e-15	2.011e-14	8.900e-14	2.932e-13	5.736e-13
3	4	0	8	3.753e-19	8.667e-18	7.394e-17	1.809e-15	1.039e-14	3.106e-14	1.127e-13	3.028e-13	5.187e-13
3	4	1	0	6.642e-20	8.096e-19	5.200e-18	1.119e-16	7.260e-16	2.555e-15	1.247e-14	4.615e-14	9.789e-14
3	4	1	2	2.112e-19	3.241e-18	2.355e-17	5.711e-16	3.791e-15	1.327e-14	6.298e-14	2.234e-13	4.590e-13
3	4	1	4	1.130e-18	1.585e-17	1.081e-16	2.373e-15	1.486e-14	5.013e-14	2.272e-13	7.765e-13	1.563e-12
3	4	0	10	4.797e-19	1.047e-17	8.066e-17	1.496e-15	6.817e-15	1.698e-14	4.759e-14	1.009e-13	1.494e-13
3	4	1	6	3.291e-18	5.314e-17	3.744e-16	7.630e-15	4.238e-14	1.278e-13	4.863e-13	1.399e-12	2.521e-12
3	4	1	8	1.290e-17	1.923e-16	1.190e-15	1.728e-14	7.258e-14	1.760e-13	4.919e-13	1.068e-12	1.619e-12
3	4	2	0	2.018e-17	1.765e-16	7.703e-16	6.839e-15	2.237e-14	4.677e-14	1.109e-13	2.142e-13	3.059e-13
3	4	0	12	5.246e-20	7.965e-19	5.221e-18	9.016e-17	4.406e-16	1.205e-15	4.004e-15	1.020e-14	1.706e-14
3	4	2	2	6.298e-17	5.498e-16	2.499e-15	2.556e-14	9.515e-14	2.210e-13	6.104e-13	1.358e-12	2.119e-12
3	4	2	4	3.718e-17	5.573e-16	3.678e-15	6.607e-14	3.364e-13	9.526e-13	3.330e-12	8.902e-12	1.536e-11
3	4	1	10	3.180e-18	4.014e-17	2.268e-16	3.003e-15	1.234e-14	2.989e-14	8.475e-14	1.885e-13	2.914e-13
3	4	2	6	1.117e-15	9.811e-15	4.277e-14	3.758e-13	1.216e-12	2.518e-12	5.888e-12	1.122e-11	1.589e-11
3	4	0	14	8.127e-22	5.122e-21	2.525e-20	5.248e-19	4.215e-18	1.886e-17	1.388e-16	7.871e-16	2.210e-15
3	4	2	8	1.594e-15	5.791e-15	1.510e-14	7.341e-14	1.922e-13	3.671e-13	8.297e-13	1.626e-12	2.392e-12
3	4	3	0	1.256e-15	1.163e-14	4.740e-14	3.080e-13	7.413e-13	1.203e-12	1.963e-12	2.667e-12	3.058e-12
3	4	1	12	5.726e-18	6.672e-18	1.080e-17	4.597e-17	1.629e-16	4.467e-16	1.897e-15	7.222e-15	1.649e-14
3	4	3	2	1.302e-13	7.108e-13	2.095e-12	9.016e-12	1.815e-11	2.688e-11	4.045e-11	5.277e-11	5.976e-11
1	13	0	1	3.342e-21	6.773e-20	5.754e-19	1.650e-17	1.150e-16	4.074e-16	1.914e-15	6.599e-15	1.324e-14
1	13	0	3	1.906e-20	3.267e-19	2.499e-18	6.237e-17	4.078e-16	1.395e-15	6.328e-15	2.137e-14	4.248e-14
1	13	0	5	7.764e-20	1.249e-18	9.092e-18	2.086e-16	1.293e-15	4.263e-15	1.845e-14	5.990e-14	1.164e-13
1	13	0	7	2.141e-19	3.353e-18	2.362e-17	5.012e-16	2.921e-15	9.190e-15	3.726e-14	1.140e-13	2.136e-13
1	13	1	1	3.211e-20	2.843e-19	1.459e-18	2.218e-17	1.180e-16	3.653e-16	1.528e-15	4.998e-15	9.899e-15
1	13	1	3	1.091e-19	9.838e-19	5.038e-18	7.434e-17	3.823e-16	1.150e-15	4.601e-15	1.443e-14	2.784e-14
1	13	0	9	9.110e-19	1.294e-17	8.586e-17	1.689e-15	9.536e-15	2.952e-14	1.180e-13	3.587e-13	6.711e-13
1	13	1	5	4.557e-19	4.291e-18	2.206e-17	3.114e-16	1.512e-15	4.324e-15	1.602e-14	4.662e-14	8.573e-14
1	13	0	11	5.533e-18	6.856e-17	4.084e-16	6.645e-15	3.317e-14	9.429e-14	3.374e-13	9.334e-13	1.653e-12
1	13	1	7	2.199e-18	2.133e-17	1.079e-16	1.384e-15	6.090e-15	1.603e-14	5.251e-14	1.360e-13	2.326e-13
1	13	2	1	2.843e-21	2.299e-20	1.208e-19	2.252e-18	1.491e-17	5.566e-17	3.077e-16	1.314e-15	3.076e-15
1	13	2	3	1.760e-20	1.515e-19	8.025e-19	1.413e-17	8.678e-17	3.028e-16	1.509e-15	5.827e-15	1.280e-14
1	13	1	9	3.840e-17	3.003e-16	1.314e-15	1.366e-14	5.379e-14	1.322e-13	4.005e-13	9.787e-13	1.622e-12
1	13	0	13	1.226e-16	1.138e-15	5.609e-15	6.978e-14	3.037e-13	7.953e-13	2.598e-12	6.734e-12	1.153e-11
1	13	2	5	1.169e-19	1.082e-18	5.743e-18	9.242e-17	5.092e-16	1.615e-15	6.961e-15	2.336e-14	4.696e-14
1	13	1	11	4.983e-15	2.778e-14	9.214e-14	5.788e-13	1.632e-12	3.170e-12	7.049e-12	1.321e-11	1.873e-11
1	13	2	7	1.750e-18	1.227e-17	5.227e-17	5.725e-16	2.462e-15	6.575e-15	2.268e-14	6.303e-14	1.134e-13
1	13	3	1	1.965e-22	6.690e-22	2.424e-21	3.958e-20	3.209e-19	1.541e-18	1.332e-17	9.137e-17	2.932e-16
1	13	0	15	1.469e-14	8.943e-14	2.959e-13	1.641e-12	3.996e-12	6.830e-12	1.252e-11	1.948e-11	2.455e-11
1	13	3	3	6.480e-21	1.521e-20	4.277e-20	4.786e-19	3.156e-18	1.332e-17	9.886e-17	6.037e-16	1.818e-15
1	13	2	9	2.975e-15	6.216e-15	1.172e-14	3.890e-14	8.839e-14	1.593e-13	3.487e-13	6.884e-13	1.031e-12
3	5	0	1	4.354e-21	1.222e-19	1.272e-18	4.759e-17	3.746e-16	1.416e-15	7.090e-15	2.538e-14	5.170e-14
3	5	0	3	1.777e-20	4.910e-19	4.986e-18	1.748e-16	1.304e-15	4.725e-15	2.229e-14	7.557e-14	1.489e-13
3	5	0	5	4.362e-20	1.254e-18	1.278e-17	4.315e-16	3.065e-15	1.063e-14	4.691e-14	1.490e-13	2.817e-13
3	5	0	7	7.928e-20	2.617e-18	2.869e-17	1.035e-15	7.420e-15	2.557e-14	1.103e-13	3.398e-13	6.283e-13
3	5	1	1	4.120e-20	1.033e-18	9.698e-18	2.951e-16	2.006e-15	6.813e-15	2.951e-14	9.302e-14	1.756e-13
3	5	1	3	1.187e-19	3.299e-18	3.244e-17	1.012e-15	6.767e-15	2.244e-14	9.306e-14	2.796e-13	5.112e-13
3	5	0	9	1.259e-19	4.544e-18	4.961e-17	1.567e-15	9.621e-15	2.899e-14	1.020e-13	2.587e-13	4.228e-13
3	5	1	5	5.650e-19	1.457e-17	1.359e-16	3.913e-15	2.503e-14	8.066e-14	3.231e-13	9.452e-13	1.702e-12
3	5	0	11	1.594e-19	3.997e-18	3.294e-17	6.419e-16	2.905e-15	7.098e-15	1.908e-14	3.857e-14	5.526e-14
3	5	1	7	1.508e-18	4.216e-17	4.022e-16	1.122e-14	6.767e-14	2.063e-13	7.564e-13	2.027e-12	3.449e-12
3	5	2	1	7.209e-18	1.303e-16	8.490e-16	1.142e-14	4.161e-14	8.822e-14	1.992e-13	3.501e-13	4.634e-13
3	5	2	3	1.458e-17	2.588e-16	1.756e-15	2.770e-14	1.176e-13	2.826e-13	7.663e-13	1.598e-12	2.354e-12
3	5	1	9	6.419e-18	1.507e-16	1.172e-15	2.042e-14	8.551e-14	1.975e-13	4.926e-13	9.327e-13	1.285e-12
3	5	0	13	1.863e-20	2.195e-19	1.325e-18	2.413e-17	1.360e-16	4.288e-16	1.791e-15	5.743e-15	1.116e-14
3	5	2	5	1.863e-17	4.421e-16	3.763e-15	8.810e-14	4.813e-13	1.377e-12	4.677e-12	1.180e-11	1.943e-11
3	5	1	11	1.041e-18	1.447e-17	8.360e-17	1.053e-15	3.988e-15	8.958e-15	2.255e-14	4.461e-14	6.396e-14
3	5	2	7	6.394e-16	1.001e-14	5.904e-14	6.800e-13	2.270e-12	4.548e-12	9.591e-12	1.596e-11	2.050e-11
3	5	3	1	3.144e-16	6.537e-15	4.233e-14	4.624e-13	1.323e-12	2.273e-12	3.737e-12	4.838e-12	5.280e-12
3	5	0	15	4.420e-22	2.388e-21	1.113e-20	2.344e-19	2.017e-18	9.698e-18	8.035e-17	5.139e-16	1.561e-15
3	5	3	3	1.472e-14	2.107e-13	1.080e-12	8.660e-12	2.148e-11	3.415e-11	5.195e-11	6.419e-11	6.866e-11
3	5	2	9	8.736e-16	5.650e-15	1.915e-14	1.065e-13	2.544e-13	4.255e-13	7.510e-13	1.124e-12	1.380e-12
3	5	1	13	1.913e-18	3.479e-18	7.025e-18	3.548e-17	1.245e-16	3.236e-16	1.220e-15	4.031e-15	8.345e-15
0	16	0	0	1.094e-22	2.613e-21	2.551e-20	9.468e-19	7.856e-18	3.150e-17	1.744e-16	6.931e-16	1.512e-15
0	16	0	2	1.121e-21	2.259e-20	2.005e-19	6.741e-18	5.445e-17	2.174e-16	1.215e-15	4.931e-15	1.094e-14
0	16	0	4	4.207e-21	6.856e-20	5.395e-19	1.587e-17	1.228e-16	4.838e-16	2.708e-15	1.116e-14	2.512e-14
0	16	0	6	1.469e-20	2.048e-19	1.460e-18	3.769e-17	2.744e-16	1.046e-15	5.660e-15	2.284e-14	5.096e-14
0	16	0	8	6.286e-20	8.129e-19	5.479e-18	1.286e-16	8.829e-16	3.233e-15	1.664e-14	6.437e-14	1.402e-13
0	16	1	0	2.081e-23	3.294e-22	2.797e-21	1.109e-19	1.140e-18	5.667e-18	4.454e-17	2.522e-16	6.925e-16
0	16	1	2	1.555e-22	2.733e-21	2.411e-20	9.495e-19	9.324e-18	4.421e-17	3.213e-16	1.679e-15	4.375e-15
0	16	1	4	5.377e-22	9.946e-21	8.754e-20	3.199e-18	2.879e-17	1.265e-16	8.199e-16	3.838e-15	9.328e-15
0	16	0	10	2.987e-19	4.041e-18	2.679e-17	5.601e-16	3.402e-15	1.123e-14	4.950e-14	1.653e-13	3.282e-13
0	16	1	6	2.239e-21	3.925e-20	3.223e-19	9.963e-18	7.852e-17	3.117e-16	1.751e-15	7.205e-15	1.618e-14
0	16	1	8	1.425e-20	2.204e-19	1.631e-18	4.164e-17	2.887e-16	1.047e-15	5.216e-15	1.936e-14	4.091e-14
0	16	2	0	2.502e-24	1.998e-23	1.265e-22	4.545e-21	5.506e-20	3.354e-19	3.775e-18	3.128e-17	1.105e-16
0	16	0	12	7.774e-18	7.091e-17	3.607e-16	5.125e-15	2.534e-14	7.373e-14	2.810e-13	8.416e-13	1.577e-12
0	16	2	2	1.606e-23	1.487e-22	1.005e-21	3.715e-20	4.373e-19	2.564e-18	2.692e-17	2.070e-16	6.957e-16
0	16	2	4	1.127e-22	9.177e-22	5.609e-21	1.738e-19	1.826e-18	9.898e-18	9.386e-17	6.622e-16	2.117e-15
0	16	1	10	2.446e-19	2.418e-18	1.335e-17	2.254e-16	1.267e-15	4.055e-15	1.761e-14	5.924e-14	1.191e-13
0	16	2	6	1.425e-21	7.451e-21	3.415e-20	7.079e-19	6.081e-18	2.929e-17	2.441e-16	1.573e-15	4.804e-15
0	16	0	14	1.594e-15	1.075e-14	4.084e-14	3.181e-13	1.017e-12	2.143e-12	5.271e-12	1.071e-11	1.589e-11
0	16	2	8	1.433e-19	2.207e-19	4.762e-19	3.758e-18	2.109e-17	8.149e-17	5.543e-16	3.211e-15	9.452e-15
0	16	3	0	2.085e-27	3.245e-26	3.521e-25	3.311e-23	7.530e-22	7.134e-21	1.429e-19	1.936e-18	9.137e-18
0	16	1	12	7.330e-17	3.764e-16	1.251e-15	8.830e-15	2.856e-14	6.251e-14	1.665e-13	3.714e-13	5.876e-13
0	16	3	2	3.335e-25	2.107e-24	1.285e-23	5.527e-22	8.614e-21	6.590e-20	1.055e-18	1.232e-17	5.421e-17
0	16	3	4	2.483e-23	6.754e-23	2.411e-22	5.041e-21	5.567e-20	3.512e-19	4.604e-18	4.728e-17	1.959e-16
2	10	0	0	3.097e-22	1.181e-20	1.475e-19	6.879e-18	5.905e-17	2.320e-16	1.194e-15	4.293e-15	8.706e-15
2	10	0	2	2.752e-21	9.705e-20	1.142e-18	4.814e-17	3.880e-16	1.460e-15	7.110e-15	2.442e-14	4.822e-14
2	10	0	4	1.984e-20	5.242e-19	5.142e-18	1.698e-16	1.220e-15	4.310e-15	1.967e-14	6.485e-14	1.257e-13
2	10	0	6	1.021e-19	2.124e-18	1.801e-17	4.955e-16	3.293e-15	1.119e-14	4.940e-14	1.605e-13	3.100e-13
2	10	0	8	4.592e-19	7.522e-18	5.495e-17	1.245e-15	7.572e-15	2.455e-14	1.035e-13	3.275e-13	6.259e-13
2	10	1	0	1.466e-20	2.642e-19	1.975e-18	4.266e-17	2.399e-16	7.226e-16	2.715e-15	7.664e-15	1.362e-14
2	10	1	2	9.214e-20	1.895e-18	1.514e-17	3.447e-16	1.937e-15	5.754e-15	2.092e-14	5.678e-14	9.814e-14
2	10	1	4	3.021e-19	6.838e-18	5.725e-17	1.349e-15	7.544e-15	2.210e-14	7.807e-14	2.049e-13	3.461e-13
2	10	0	10	1.585e-18	2.174e-17	1.402e-16	2.615e-15	1.424e-14	4.299e-14	1.662e-13	4.908e-13	9.026e-13
2	10	1	6	1.549e-18	3.175e-17	2.486e-16	5.309e-15	2.816e-14	7.984e-14	2.715e-13	6.924e-13	1.151e-12
2	10	1	8	1.217e-17	1.864e-16	1.221e-15	2.077e-14	9.982e-14	2.692e-13	8.747e-13	2.181e-12	3.602e-12
2	10	2	0	2.395e-19	4.458e-18	2.944e-17	3.981e-16	1.443e-15	3.035e-15	6.761e-15	1.170e-14	1.534e-14
2	10	0	12	7.734e-18	9.457e-17	5.439e-16	7.989e-15	3.651e-14	9.673e-14	3.131e-13	7.895e-13	1.320e-12
2	10	2	2	1.888e-18	3.609e-17	2.436e-16	3.428e-15	1.275e-14	2.733e-14	6.237e-14	1.102e-13	1.463e-13
2	10	2	4	9.427e-18	1.699e-16	1.113e-15	1.531e-14	5.702e-14	1.230e-13	2.851e-13	5.132e-13	6.896e-13
2	10	1	10	1.615e-16	1.589e-15	7.984e-15	9.829e-14	4.146e-13	1.052e-12	3.269e-12	8.050e-12	1.333e-11
2	10	2	6	9.868e-17	1.523e-15	9.074e-15	1.103e-13	3.887e-13	8.149e-13	1.838e-12	3.260e-12	4.357e-12
2	10	0	14	4.191e-17	3.911e-16	1.747e-15	1.540e-14	4.884e-14	9.898e-14	2.229e-13	4.084e-13	5.637e-13
2	10	2	8	2.129e-15	2.752e-14	1.423e-13	1.349e-12	4.048e-12	7.586e-12	1.479e-11	2.318e-11	2.881e-11
2	10	3	0	2.241e-20	1.821e-19	8.216e-19	9.005e-18	3.668e-17	9.233e-17	2.883e-16	7.229e-16	1.216e-15
2	10	1	12	9.719e-15	7.084e-14	2.603e-13	1.631e-12	4.153e-12	7.226e-12	1.335e-11	2.070e-11	2.590e-11
2	10	3	2	3.811e-18	1.483e-17	4.143e-17	2.329e-16	6.790e-16	1.405e-15	3.543e-15	7.649e-15	1.194e-14
2	10	3	4	5.650e-16	1.033e-15	1.738e-15	4.651e-15	9.120e-15	1.479e-14	2.814e-14	4.919e-14	6.857e-14
2	10	0	16	8.299e-18	1.441e-17	2.811e-17	1.341e-16	4.546e-16	1.154e-15	4.223e-15	1.362e-14	2.780e-14
3	6	0	0	2.875e-21	4.326e-20	3.182e-19	8.251e-18	5.864e-17	2.174e-16	1.123e-15	4.316e-15	9.326e-15
3	6	0	2	3.138e-20	3.954e-19	2.588e-18	5.685e-17	3.711e-16	1.308e-15	6.382e-15	2.354e-14	4.981e-14
3	6	0	4	8.660e-20	1.156e-18	7.698e-18	1.664e-16	1.047e-15	3.561e-15	1.642e-14	5.721e-14	1.167e-13
3	6	0	6	2.451e-19	3.394e-18	2.275e-17	4.781e-16	2.893e-15	9.496e-15	4.144e-14	1.369e-13	2.698e-13
3	6	0	8	4.488e-19	7.360e-18	5.384e-17	1.223e-15	7.461e-15	2.424e-14	1.025e-13	3.250e-13	6.221e-13
3	6	1	0	6.202e-20	5.498e-19	2.849e-18	4.475e-17	2.451e-16	7.768e-16	3.361e-15	1.135e-14	2.292e-14
3	6	1	2	2.455e-19	2.847e-18	1.703e-17	3.064e-16	1.719e-15	5.405e-15	2.253e-14	7.220e-14	1.402e-13
3	6	1	4	8.035e-19	1.007e-17	6.201e-17	1.114e-15	6.066e-15	1.847e-14	7.295e-14	2.211e-13	4.141e-13
3	6	0	10	8.426e-19	1.472e-17	1.052e-16	2.030e-15	1.041e-14	2.921e-14	9.928e-14	2.558e-13	4.298e-13
3	6	1	6	3.854e-18	4.669e-17	2.808e-16	4.867e-15	2.596e-14	7.800e-14	3.033e-13	9.078e-13	1.689e-12
3	6	1	8	1.119e-17	1.447e-16	8.799e-16	1.454e-14	7.244e-14	2.047e-13	7.234e-13	1.973e-12	3.458e-12
3	6	2	0	5.650e-18	5.074e-17	2.199e-16	1.841e-15	5.649e-15	1.119e-14	2.448e-14	4.375e-14	5.952e-14
3	6	0	12	1.609e-18	1.987e-17	1.074e-16	1.259e-15	4.664e-15	1.042e-14	2.630e-14	5.260e-14	7.614e-14
3	6	2	2	2.306e-17	2.262e-16	1.058e-15	1.023e-14	3.467e-14	7.375e-14	1.773e-13	3.441e-13	4.916e-13
3	6	2	4	5.481e-17	4.675e-16	2.111e-15	2.175e-14	8.226e-14	1.940e-13	5.488e-13	1.251e-12	1.981e-12
3	6	1	10	6.226e-17	6.115e-16	2.855e-15	2.738e-14	9.205e-14	1.945e-13	4.630e-13	8.904e-13	1.265e-12
3	6	2	6	1.777e-16	1.561e-15	7.512e-15	9.268e-14	4.086e-13	1.088e-12	3.656e-12	9.767e-12	1.706e-11
3	6	0	14	8.189e-20	4.350e-19	1.643e-18	1.718e-17	7.856e-17	2.268e-16	8.990e-16	2.897e-15	5.754e-15
3	6	2	8	8.853e-15	5.101e-14	1.685e-13	1.000e-12	2.645e-12	4.860e-12	9.943e-12	1.721e-11	2.319e-11
3	6	3	0	1.507e-17	2.446e-16	1.413e-15	1.445e-14	4.274e-14	7.733e-14	1.402e-13	2.023e-13	2.376e-13
3	6	1	12	1.730e-17	6.960e-17	2.018e-16	1.231e-15	3.817e-15	8.277e-15	2.226e-14	5.093e-14	8.232e-14
3	6	3	2	8.688e-16	8.426e-15	3.618e-14	2.649e-13	6.989e-13	1.216e-12	2.186e-12	3.239e-12	3.916e-12
3	6	3	4	5.748e-14	3.536e-13	1.148e-12	5.888e-12	1.330e-11	2.138e-11	3.579e-11	5.116e-11	6.114e-11
3	6	0	16	2.432e-20	1.090e-20	1.325e-20	7.499e-20	4.920e-19	2.448e-18	2.699e-17	2.665e-16	1.125e-15
3	6	2	10	3.531e-14	3.755e-14	4.618e-14	8.660e-14	1.502e-13	2.332e-13	4.384e-13	7.859e-13	1.127e-12
3	7	0	1	4.548e-21	8.750e-20	7.463e-19	2.323e-17	1.779e-16	6.837e-16	3.633e-15	1.410e-14	3.048e-14
3	7	0	3	1.860e-20	3.098e-19	2.416e-18	6.691e-17	4.861e-16	1.816e-15	9.389e-15	3.587e-14	7.705e-14
3	7	0	5	4.215e-20	6.847e-19	5.248e-18	1.417e-16	1.015e-15	3.758e-15	1.923e-14	7.291e-14	1.559e-13
3	7	0	7	1.684e-19	2.265e-18	1.540e-17	3.542e-16	2.352e-15	8.354e-15	4.096e-14	1.511e-13	3.192e-13
3	7	1	1	5.196e-20	8.152e-19	5.849e-18	1.319e-16	8.124e-16	2.672e-15	1.155e-14	3.750e-14	7.293e-14
3	7	1	3	1.730e-19	2.711e-18	1.957e-17	4.508e-16	2.832e-15	9.467e-15	4.190e-14	1.391e-13	2.742e-13
3	7	0	9	3.425e-19	4.631e-18	3.079e-17	6.509e-16	3.994e-15	1.330e-14	5.934e-14	2.005e-13	4.010e-13
3	7	1	5	5.858e-19	7.965e-18	5.297e-17	1.112e-15	6.765e-15	2.235e-14	9.863e-14	3.296e-13	6.546e-13
3	7	0	11	9.445e-19	1.025e-17	5.603e-17	8.100e-16	3.815e-15	1.048e-14	3.617e-14	9.762e-14	1.707e-13
3	7	1	7	2.742e-18	2.801e-17	1.591e-16	2.841e-15	1.659e-14	5.459e-14	2.460e-13	8.545e-13	1.750e-12
3	7	2	1	4.081e-18	4.656e-17	2.399e-16	2.645e-15	9.550e-15	2.105e-14	5.256e-14	1.046e-13	1.511e-13
3	7	2	3	1.333e-17	1.503e-16	7.943e-16	9.716e-15	3.873e-14	9.261e-14	2.604e-13	5.792e-13	8.976e-13
3	7	1	9	1.089e-17	1.232e-16	6.954e-16	1.062e-14	5.181e-14	1.458e-13	5.192e-13	1.438e-12	2.554e-12
3	7	0	13	2.837e-18	1.460e-17	4.905e-17	3.577e-16	1.191e-15	2.667e-15	7.343e-15	1.689e-14	2.723e-14
3	7	2	5	3.936e-17	3.541e-16	1.717e-15	2.105e-14	9.147e-14	2.401e-13	7.890e-13	2.061e-12	3.547e-12
3	7	1	11	1.100e-16	7.055e-16	2.564e-15	1.830e-14	5.506e-14	1.111e-13	2.574e-13	4.968e-13	7.146e-13
3	7	2	7	1.574e-16	1.657e-15	8.867e-15	1.241e-13	5.739e-13	1.559e-12	5.305e-12	1.416e-11	2.462e-11
3	7	3	1	1.764e-17	3.163e-16	1.957e-15	2.223e-14	6.969e-14	1.309e-13	2.482e-13	3.707e-13	4.437e-13
3	7	0	15	3.606e-19	8.219e-19	2.005e-18	1.437e-17	6.380e-17	1.960e-16	9.212e-16	3.684e-15	8.535e-15
3	7	3	3	2.654e-16	3.997e-15	2.233e-14	2.252e-13	6.755e-13	1.246e-12	2.341e-12	3.507e-12	4.224e-12
3	7	2	9	1.675e-14	7.943e-14	2.326e-13	1.182e-12	2.916e-12	5.168e-12	1.022e-11	1.736e-11	2.323e-11
3	7	1	13	1.387e-16	1.568e-16	2.268e-16	6.839e-16	1.790e-15	3.851e-15	1.155e-14	3.185e-14	5.961e-14
3	7	3	5	2.004e-14	1.821e-13	7.466e-13	5.087e-12	1.288e-11	2.182e-11	3.798e-11	5.484e-11	6.533e-11
3	8	0	0	2.864e-22	7.900e-21	8.275e-20	3.236e-18	2.669e-17	1.050e-16	5.575e-16	2.111e-15	4.454e-15
3	8	0	2	3.767e-21	8.052e-20	7.230e-19	2.335e-17	1.779e-16	6.731e-16	3.464e-15	1.296e-14	2.730e-14
3	8	0	4	1.999e-20	3.308e-19	2.543e-18	6.769e-17	4.755e-16	1.730e-15	8.612e-15	3.178e-14	6.682e-14
3	8	0	6	4.752e-20	7.584e-19	5.690e-18	1.461e-16	1.007e-15	3.621e-15	1.778e-14	6.494e-14	1.358e-13
3	8	0	8	1.626e-19	2.137e-18	1.415e-17	3.062e-16	1.940e-15	6.648e-15	3.101e-14	1.094e-13	2.249e-13
3	8	1	0	8.050e-21	1.171e-19	8.033e-19	1.714e-17	1.032e-16	3.359e-16	1.440e-15	4.666e-15	9.076e-15
3	8	1	2	4.636e-20	7.430e-19	5.368e-18	1.204e-16	7.317e-16	2.376e-15	1.006e-14	3.200e-14	6.141e-14
3	8	1	4	1.534e-19	2.421e-18	1.732e-17	3.839e-16	2.322e-15	7.522e-15	3.179e-14	1.010e-13	1.939e-13
3	8	0	10	4.271e-19	5.918e-18	3.920e-17	7.920e-16	4.622e-15	1.473e-14	6.162e-14	1.956e-13	3.762e-13
3	8	1	6	6.719e-19	9.329e-18	6.188e-17	1.252e-15	7.314e-15	2.333e-14	9.760e-14	3.099e-13	5.961e-13
3	8	1	8	3.085e-18	3.263e-17	1.863e-16	3.232e-15	1.815e-14	5.766e-14	2.461e-13	8.110e-13	1.606e-12
3	8	2	0	3.217e-19	4.688e-18	2.754e-17	3.447e-16	1.275e-15	2.797e-15	6.771e-15	1.288e-14	1.799e-14
3	8	0	12	1.083e-18	1.306e-17	7.432e-17	1.072e-15	4.839e-15	1.272e-14	4.074e-14	1.018e-13	1.694e-13
3	8	2	2	1.950e-18	2.914e-17	1.765e-16	2.371e-15	9.273e-15	2.122e-14	5.448e-14	1.093e-13	1.577e-13
3	8	2	4	5.246e-18	7.181e-17	4.255e-16	5.957e-15	2.498e-14	6.103e-14	1.738e-13	3.860e-13	5.950e-13
3	8	1	10	1.419e-17	1.576e-16	8.665e-16	1.237e-14	5.712e-14	1.541e-13	5.166e-13	1.355e-12	2.327e-12
3	8	2	6	2.382e-17	2.631e-16	1.416e-15	1.895e-14	8.257e-14	2.127e-13	6.674e-13	1.646e-12	2.722e-12
3	8	0	14	3.419e-18	1.387e-17	4.105e-17	2.661e-16	8.694e-16	1.965e-15	5.607e-15	1.355e-14	2.265e-14
3	8	2	8	1.492e-16	1.694e-15	9.333e-15	1.303e-13	5.845e-13	1.537e-12	4.954e-12	1.251e-11	2.097e-11
3	8	3	0	5.509e-19	1.056e-17	6.816e-17	8.194e-16	2.638e-15	5.026e-15	9.672e-15	1.458e-14	1.752e-14
3	8	1	12	1.398e-16	1.003e-15	3.821e-15	2.770e-14	8.106e-14	1.581e-13	3.452e-13	6.257e-13	8.632e-13
3	8	3	2	7.674e-18	1.527e-16	1.009e-15	1.250e-14	4.081e-14	7.836e-14	1.519e-13	2.300e-13	2.770e-13
3	8	3	4	1.243e-16	2.065e-15	1.235e-14	1.382e-13	4.393e-13	8.410e-13	1.651e-12	2.560e-12	3.143e-12
3	8	0	16	1.008e-19	1.417e-19	2.840e-19	1.961e-18	1.007e-17	3.659e-17	2.294e-16	1.239e-15	3.502e-15
3	8	2	10	2.507e-14	1.256e-13	3.725e-13	1.841e-12	4.341e-12	7.375e-12	1.365e-11	2.171e-11	2.787e-11
3	8	3	6	3.692e-15	5.294e-14	2.828e-13	2.612e-12	7.365e-12	1.299e-11	2.296e-11	3.262e-11	3.805e-11
