110416 // magic number - today's date
#
# >>refer	H2	collision	Le Bourlot, J., Pineau des Forets, G., & Flower, D.R. 1999, MNRAS, 305, 802
#
#v_upper	j_upper	v_lower	j_lower	
100.	300.	500.	1000.	1500.	2000.	3000.	4500.	6000.
0	2	0	0	9.800e-13	2.706e-12	5.329e-12	1.421e-11	2.381e-11	3.261e-11	4.671e-11	6.095e-11	7.017e-11
0	3	0	1	5.792e-13	1.864e-12	4.126e-12	1.341e-11	2.544e-11	3.792e-11	6.052e-11	8.644e-11	1.049e-10
0	4	0	0	3.374e-15	1.968e-14	6.607e-14	4.074e-13	1.111e-12	2.089e-12	4.416e-12	7.871e-12	1.080e-11
0	4	0	2	1.674e-13	7.597e-13	2.084e-12	8.964e-12	1.932e-11	3.082e-11	5.256e-11	7.801e-11	9.613e-11
0	5	0	1	1.231e-15	9.457e-15	3.841e-14	3.162e-13	1.013e-12	2.111e-12	5.041e-12	9.883e-12	1.429e-11
0	5	0	3	5.647e-14	3.207e-13	1.023e-12	5.495e-12	1.334e-11	2.291e-11	4.254e-11	6.733e-11	8.588e-11
0	6	0	0	9.075e-18	1.173e-16	6.954e-16	1.053e-14	4.848e-14	1.285e-13	4.139e-13	1.035e-12	1.720e-12
0	6	0	2	2.853e-16	3.162e-15	1.626e-14	1.851e-13	6.957e-13	1.589e-12	4.187e-12	8.776e-12	1.311e-11
0	6	0	4	1.586e-14	1.228e-13	4.774e-13	3.350e-12	9.247e-12	1.707e-11	3.418e-11	5.684e-11	7.420e-11
0	7	0	1	4.263e-18	6.327e-17	4.233e-16	8.082e-15	4.365e-14	1.298e-13	4.877e-13	1.395e-12	2.510e-12
0	7	0	3	9.849e-17	1.257e-15	7.207e-15	9.886e-14	4.176e-13	1.034e-12	3.020e-12	6.903e-12	1.085e-11
0	7	0	5	7.862e-15	6.348e-14	2.590e-13	2.030e-12	6.104e-12	1.202e-11	2.634e-11	4.750e-11	6.514e-11
0	8	0	0	5.450e-20	9.851e-19	8.025e-18	2.317e-16	1.697e-15	6.326e-15	3.236e-14	1.217e-13	2.585e-13
0	8	0	2	1.433e-18	2.441e-17	1.820e-16	4.193e-15	2.554e-14	8.254e-14	3.452e-13	1.081e-12	2.051e-12
0	8	0	4	4.420e-17	6.216e-16	3.881e-15	6.273e-14	2.970e-13	7.984e-13	2.604e-12	6.552e-12	1.090e-11
0	8	0	6	4.125e-15	3.504e-14	1.502e-13	1.303e-12	4.219e-12	8.777e-12	2.071e-11	3.989e-11	5.693e-11
1	0	0	0	1.546e-19	2.207e-18	1.477e-17	2.970e-16	1.707e-15	5.358e-15	2.185e-14	6.763e-14	1.279e-13
1	0	0	2	6.757e-19	6.754e-18	3.736e-17	6.266e-16	3.484e-15	1.104e-14	4.723e-14	1.565e-13	3.116e-13
1	0	0	4	1.338e-19	3.276e-18	3.035e-17	9.120e-16	6.183e-15	2.100e-14	9.120e-14	2.886e-13	5.465e-13
1	0	0	6	3.913e-20	9.483e-19	9.433e-18	3.669e-16	3.160e-15	1.304e-14	7.518e-14	3.100e-13	6.918e-13
1	0	0	8	4.636e-20	3.245e-19	1.792e-18	4.786e-17	4.647e-16	2.399e-15	2.150e-14	1.454e-13	4.545e-13
1	1	0	1	1.969e-19	3.073e-18	2.203e-17	4.989e-16	3.090e-15	1.021e-14	4.449e-14	1.456e-13	2.844e-13
1	1	0	3	8.220e-19	1.004e-17	6.100e-17	1.082e-15	5.877e-15	1.791e-14	7.097e-14	2.162e-13	4.064e-13
1	1	0	5	4.065e-19	5.822e-18	4.059e-17	9.354e-16	6.079e-15	2.108e-14	9.920e-14	3.508e-13	7.208e-13
1	1	0	7	2.372e-19	1.913e-18	1.052e-17	2.304e-16	1.770e-15	7.451e-15	4.905e-14	2.465e-13	6.384e-13
1	2	0	0	8.096e-21	2.237e-19	2.279e-18	8.082e-17	6.093e-16	2.227e-15	1.064e-14	3.649e-14	7.241e-14
1	2	0	2	1.717e-19	3.493e-18	2.899e-17	7.630e-16	4.911e-15	1.630e-14	6.968e-14	2.200e-13	4.179e-13
1	2	0	4	1.059e-18	1.509e-17	9.898e-17	1.862e-15	1.007e-14	3.012e-14	1.145e-13	3.319e-13	6.028e-13
1	2	0	6	1.472e-18	1.377e-17	7.470e-17	1.277e-15	7.406e-15	2.445e-14	1.116e-13	3.949e-13	8.199e-13
1	2	0	8	2.936e-18	7.055e-18	1.965e-17	2.065e-16	1.275e-15	5.089e-15	3.477e-14	1.963e-13	5.626e-13
1	2	1	0	6.503e-13	2.339e-12	5.321e-12	1.639e-11	2.839e-11	3.887e-11	5.429e-11	6.798e-11	7.580e-11
1	3	0	1	2.245e-20	6.115e-19	6.213e-18	2.226e-16	1.703e-15	6.310e-15	3.077e-14	1.077e-13	2.165e-13
1	3	0	3	2.100e-19	4.250e-18	3.521e-17	9.279e-16	5.992e-15	1.995e-14	8.573e-14	2.721e-13	5.184e-13
1	3	0	5	2.081e-18	3.027e-17	1.975e-16	3.548e-15	1.826e-14	5.235e-14	1.867e-13	5.097e-13	8.913e-13
1	3	0	7	9.756e-18	5.620e-17	2.233e-16	2.497e-15	1.178e-14	3.459e-14	1.394e-13	4.540e-13	9.056e-13
1	3	1	1	3.989e-13	1.642e-12	4.137e-12	1.514e-11	2.919e-11	4.299e-11	6.588e-11	8.913e-11	1.039e-10
0	9	0	1	2.104e-20	4.446e-19	4.118e-18	1.503e-16	1.286e-15	5.354e-15	3.166e-14	1.349e-13	3.083e-13
0	9	0	3	4.231e-19	8.400e-18	7.061e-17	2.007e-15	1.398e-14	4.961e-14	2.341e-13	8.117e-13	1.635e-12
0	9	0	5	1.672e-17	2.624e-16	1.792e-15	3.408e-14	1.796e-13	5.208e-13	1.876e-12	5.137e-12	8.988e-12
0	9	0	7	2.099e-15	1.911e-14	8.687e-14	8.414e-13	2.935e-12	6.440e-12	1.631e-11	3.340e-11	4.942e-11
0	9	1	1	1.763e-20	7.330e-20	3.020e-19	5.888e-18	5.210e-17	2.630e-16	2.399e-15	1.708e-14	5.579e-14
0	9	1	3	3.393e-18	4.844e-18	1.000e-17	7.499e-17	4.130e-16	1.585e-15	1.075e-14	6.238e-14	1.842e-13
1	4	0	0	2.711e-21	7.471e-20	7.903e-19	3.199e-17	2.724e-16	1.099e-15	6.060e-15	2.376e-14	5.124e-14
1	4	0	2	3.079e-20	7.709e-19	7.547e-18	2.661e-16	2.070e-15	7.842e-15	3.981e-14	1.455e-13	3.010e-13
1	4	0	4	3.323e-19	5.967e-18	4.618e-17	1.128e-15	7.112e-15	2.350e-14	1.010e-13	3.233e-13	6.210e-13
1	4	0	6	5.715e-18	7.231e-17	4.277e-16	6.607e-15	3.122e-14	8.468e-14	2.827e-13	7.319e-13	1.243e-12
1	4	0	8	8.604e-17	2.828e-16	7.782e-16	5.188e-15	1.881e-14	4.725e-14	1.603e-13	4.616e-13	8.648e-13
1	4	1	0	4.993e-15	2.797e-14	9.074e-14	5.248e-13	1.370e-12	2.499e-12	5.070e-12	8.723e-12	1.172e-11
1	4	1	2	2.346e-13	9.892e-13	2.590e-12	1.047e-11	2.192e-11	3.441e-11	5.771e-11	8.477e-11	1.040e-10
1	5	0	1	2.483e-21	8.870e-20	1.108e-18	5.623e-17	5.346e-16	2.297e-15	1.353e-14	5.544e-14	1.221e-13
1	5	0	3	2.053e-20	6.431e-19	7.207e-18	3.003e-16	2.503e-15	9.797e-15	5.107e-14	1.884e-13	3.900e-13
1	5	0	5	2.517e-19	5.822e-18	5.168e-17	1.445e-15	9.376e-15	3.090e-14	1.292e-13	3.961e-13	7.364e-13
1	5	0	7	5.377e-18	8.726e-17	5.814e-16	9.716e-15	4.496e-14	1.169e-13	3.584e-13	8.432e-13	1.341e-12
1	5	1	1	1.200e-15	1.115e-14	4.986e-14	4.441e-13	1.424e-12	2.914e-12	6.655e-12	1.236e-11	1.720e-11
1	5	1	3	4.532e-14	3.162e-13	1.122e-12	6.607e-12	1.616e-11	2.733e-11	4.870e-11	7.315e-11	8.988e-11
1	5	0	9	2.465e-16	7.825e-16	2.005e-15	1.096e-14	3.360e-14	7.394e-14	2.077e-13	5.029e-13	8.468e-13
0	10	0	0	3.079e-22	7.007e-21	7.394e-20	3.824e-18	4.373e-17	2.285e-16	1.865e-15	1.067e-14	2.924e-14
0	10	0	2	9.320e-21	2.101e-19	2.087e-18	8.882e-17	8.532e-16	3.875e-15	2.583e-14	1.225e-13	2.988e-13
0	10	0	4	2.153e-19	4.531e-18	4.051e-17	1.316e-15	1.014e-14	3.878e-14	2.029e-13	7.718e-13	1.644e-12
0	10	0	6	7.705e-18	1.222e-16	8.621e-16	1.809e-14	1.039e-13	3.228e-13	1.283e-12	3.848e-12	7.123e-12
0	10	0	8	1.268e-15	1.148e-14	5.302e-14	5.464e-13	2.021e-12	4.653e-12	1.264e-11	2.765e-11	4.262e-11
0	10	1	0	1.059e-22	1.313e-21	1.053e-20	4.732e-19	5.970e-18	3.594e-17	3.813e-16	2.903e-15	9.631e-15
0	10	1	2	2.826e-21	2.990e-20	2.068e-19	6.918e-18	7.073e-17	3.649e-16	3.144e-15	1.993e-14	5.925e-14
0	10	1	4	5.031e-19	2.237e-18	8.533e-18	1.168e-16	7.298e-16	2.761e-15	1.648e-14	7.865e-14	2.002e-13
1	6	0	0	1.678e-22	7.451e-21	1.096e-19	7.328e-18	8.257e-17	3.981e-16	2.715e-15	1.257e-14	2.969e-14
1	6	0	2	1.517e-21	6.353e-20	8.890e-19	5.401e-17	5.702e-16	2.624e-15	1.681e-14	7.372e-14	1.687e-13
1	6	0	4	1.351e-20	4.897e-19	5.995e-18	2.786e-16	2.430e-15	9.722e-15	5.158e-14	1.916e-13	3.968e-13
1	6	0	6	2.816e-19	7.677e-18	7.432e-17	2.252e-15	1.478e-14	4.836e-14	1.970e-13	5.829e-13	1.056e-12
1	6	0	8	9.214e-18	1.578e-16	1.069e-15	1.758e-14	7.856e-14	1.975e-13	5.738e-13	1.279e-12	1.965e-12
1	6	1	0	9.830e-18	1.458e-16	9.167e-16	1.413e-14	6.275e-14	1.593e-13	4.759e-13	1.099e-12	1.733e-12
1	6	1	2	3.241e-16	4.158e-15	2.291e-14	2.723e-13	1.007e-12	2.239e-12	5.591e-12	1.104e-11	1.584e-11
1	6	1	4	1.339e-14	1.279e-13	5.524e-13	4.217e-12	1.163e-11	2.100e-11	3.993e-11	6.238e-11	7.795e-11
1	6	0	10	6.480e-16	1.816e-15	4.190e-15	1.884e-14	5.058e-14	1.013e-13	2.512e-13	5.460e-13	8.624e-13
0	11	0	1	6.770e-23	2.627e-21	3.888e-20	3.166e-18	4.491e-17	2.645e-16	2.441e-15	1.511e-14	4.292e-14
0	11	0	3	1.198e-21	4.682e-20	6.540e-19	4.328e-17	5.068e-16	2.554e-15	1.880e-14	9.420e-14	2.346e-13
0	11	0	5	2.546e-20	9.029e-19	1.113e-17	5.464e-16	5.049e-15	2.122e-14	1.211e-13	4.821e-13	1.043e-12
0	11	0	7	1.247e-18	3.408e-17	3.345e-16	1.059e-14	7.231e-14	2.442e-13	1.041e-12	3.214e-12	5.978e-12
0	11	1	1	7.989e-23	1.257e-21	1.166e-20	6.310e-19	8.630e-18	5.412e-17	5.957e-16	4.618e-15	1.541e-14
0	11	1	3	2.207e-21	2.950e-20	2.314e-19	8.760e-18	9.188e-17	4.725e-16	3.964e-15	2.413e-14	6.954e-14
0	11	0	9	2.374e-16	3.804e-15	2.455e-14	3.737e-13	1.595e-12	3.890e-12	1.089e-11	2.354e-11	3.555e-11
0	11	1	5	1.400e-19	1.249e-18	6.954e-18	1.388e-16	9.445e-16	3.566e-15	1.987e-14	8.487e-14	1.983e-13
1	7	0	1	1.688e-22	7.584e-21	1.160e-19	8.710e-18	1.086e-16	5.681e-16	4.353e-15	2.243e-14	5.666e-14
1	7	0	3	1.196e-21	4.910e-20	6.918e-19	4.416e-17	4.911e-16	2.362e-15	1.617e-14	7.551e-14	1.798e-13
1	7	0	5	1.400e-20	4.917e-19	5.964e-18	2.802e-16	2.498e-15	1.021e-14	5.599e-14	2.150e-13	4.549e-13
1	7	0	7	4.034e-19	9.986e-18	9.167e-17	2.630e-15	1.703e-14	5.566e-14	2.284e-13	6.853e-13	1.255e-12
1	7	1	1	5.439e-18	8.992e-17	6.245e-16	1.175e-14	6.015e-14	1.694e-13	5.821e-13	1.521e-12	2.581e-12
1	7	1	3	1.305e-16	1.851e-15	1.108e-14	1.531e-13	6.263e-13	1.494e-12	4.097e-12	8.766e-12	1.319e-11
1	7	0	9	3.186e-17	4.618e-16	2.797e-15	3.913e-14	1.605e-13	3.831e-13	1.049e-12	2.237e-12	3.357e-12
1	7	1	5	7.883e-15	7.481e-14	3.294e-13	2.707e-12	8.002e-12	1.529e-11	3.158e-11	5.331e-11	6.990e-11
1	7	0	11	1.477e-15	3.154e-15	6.213e-15	2.331e-14	5.872e-14	1.148e-13	2.822e-13	6.198e-13	9.916e-13
1	8	0	0	1.305e-23	5.767e-22	9.195e-21	8.142e-19	1.188e-17	7.067e-17	6.534e-16	4.017e-15	1.132e-14
1	8	0	2	1.409e-22	5.736e-21	8.542e-20	6.668e-18	8.940e-17	5.007e-16	4.276e-15	2.454e-14	6.643e-14
1	8	0	4	1.217e-21	4.507e-20	6.075e-19	3.819e-17	4.354e-16	2.159e-15	1.560e-14	7.710e-14	1.906e-13
1	8	0	6	1.770e-20	5.446e-19	6.182e-18	2.754e-16	2.457e-15	1.018e-14	5.771e-14	2.305e-13	5.014e-13
1	8	0	8	7.779e-19	1.546e-17	1.253e-16	3.126e-15	1.934e-14	6.229e-14	2.556e-13	7.779e-13	1.445e-12
1	8	1	0	9.774e-20	1.678e-18	1.294e-17	3.315e-16	2.218e-15	7.727e-15	3.601e-14	1.246e-13	2.516e-13
1	8	1	2	2.821e-18	4.494e-17	3.162e-16	6.531e-15	3.691e-14	1.131e-13	4.403e-13	1.296e-12	2.370e-12
1	8	1	4	6.861e-17	9.190e-16	5.467e-15	7.989e-14	3.512e-13	8.935e-13	2.703e-12	6.363e-12	1.017e-11
1	8	0	10	1.079e-16	1.118e-15	5.524e-15	5.991e-14	2.208e-13	4.999e-13	1.309e-12	2.740e-12	4.097e-12
1	8	1	6	6.537e-15	5.310e-14	2.188e-13	1.758e-12	5.395e-12	1.080e-11	2.420e-11	4.454e-11	6.186e-11
2	0	0	0	1.385e-22	1.566e-21	1.102e-20	3.589e-19	3.493e-18	1.720e-17	1.376e-16	8.108e-16	2.299e-15
2	0	0	2	4.548e-22	7.451e-21	6.310e-20	2.371e-18	2.291e-17	1.080e-16	7.830e-16	4.104e-15	1.073e-14
2	0	0	4	2.104e-22	4.176e-21	4.169e-20	2.138e-18	2.554e-17	1.402e-16	1.245e-15	7.776e-15	2.257e-14
2	0	0	6	7.898e-23	3.081e-21	4.437e-20	3.266e-18	4.217e-17	2.300e-16	1.899e-15	1.059e-14	2.819e-14
2	0	0	8	1.219e-23	7.410e-22	1.448e-20	1.690e-18	2.818e-17	1.807e-16	1.807e-15	1.170e-14	3.379e-14
2	0	1	0	6.848e-19	8.411e-18	5.032e-17	8.409e-16	4.316e-15	1.255e-14	4.650e-14	1.329e-13	2.402e-13
2	0	1	2	3.260e-18	2.922e-17	1.483e-16	2.138e-15	1.078e-14	3.195e-14	1.252e-13	3.851e-13	7.340e-13
2	0	1	4	7.250e-19	1.553e-17	1.298e-16	3.273e-15	1.988e-14	6.261e-14	2.469e-13	7.206e-13	1.302e-12
2	0	0	10	3.241e-23	5.074e-22	5.089e-21	3.631e-19	6.403e-18	4.936e-17	7.328e-16	7.511e-15	2.980e-14
2	0	1	6	1.517e-19	3.858e-18	3.841e-17	1.404e-15	1.123e-14	4.343e-14	2.268e-13	8.500e-13	1.786e-12
2	0	1	8	1.377e-19	1.088e-18	6.245e-18	1.622e-16	1.467e-15	7.061e-15	5.656e-14	3.416e-13	9.925e-13
2	1	0	1	1.047e-22	1.993e-21	1.886e-20	8.511e-19	9.188e-18	4.665e-17	3.715e-16	2.104e-15	5.749e-15
2	1	0	3	2.731e-22	5.736e-21	5.696e-20	2.661e-18	2.858e-17	1.431e-16	1.106e-15	6.051e-15	1.615e-14
2	1	0	5	4.680e-22	8.714e-21	8.191e-20	3.715e-18	4.063e-17	2.089e-16	1.698e-15	9.815e-15	2.718e-14
2	1	0	7	3.675e-22	8.726e-21	9.424e-20	4.989e-18	5.737e-17	2.998e-16	2.438e-15	1.386e-14	3.779e-14
2	1	1	1	7.823e-19	1.154e-17	7.782e-17	1.540e-15	8.614e-15	2.637e-14	1.034e-13	3.077e-13	5.677e-13
2	1	1	3	3.525e-18	4.091e-17	2.357e-16	3.732e-15	1.862e-14	5.327e-14	1.935e-13	5.455e-13	9.785e-13
2	1	0	9	1.508e-22	2.574e-21	2.512e-20	1.454e-18	2.051e-17	1.308e-16	1.464e-15	1.147e-14	3.843e-14
2	1	1	5	2.022e-18	2.756e-17	1.814e-16	3.666e-15	2.153e-14	6.913e-14	2.925e-13	9.396e-13	1.821e-12
2	1	0	11	7.431e-23	4.332e-22	2.698e-21	1.388e-19	2.625e-18	2.368e-17	4.849e-16	7.165e-15	3.653e-14
2	1	1	7	1.094e-18	8.643e-18	4.571e-17	8.964e-16	6.275e-15	2.455e-14	1.456e-13	6.647e-13	1.623e-12
0	12	0	0	1.091e-24	4.262e-23	6.918e-22	7.674e-20	1.440e-18	1.063e-17	1.361e-16	1.142e-15	3.914e-15
0	12	0	2	2.629e-23	1.115e-21	1.799e-20	1.752e-18	2.830e-17	1.836e-16	1.931e-15	1.343e-14	4.090e-14
0	12	0	4	4.050e-22	1.676e-20	2.504e-19	1.935e-17	2.556e-16	1.411e-15	1.179e-14	6.628e-14	1.770e-13
0	12	0	6	1.293e-20	4.682e-19	6.026e-18	3.330e-16	3.404e-15	1.549e-14	9.900e-14	4.373e-13	1.009e-12
0	12	0	8	7.168e-19	1.942e-17	1.935e-16	6.531e-15	4.742e-14	1.685e-13	7.740e-13	2.563e-12	4.979e-12
0	12	1	0	5.316e-24	5.814e-23	4.786e-22	2.786e-20	4.664e-19	3.575e-18	5.448e-17	5.860e-16	2.417e-15
0	12	1	2	1.856e-22	1.859e-21	1.366e-20	6.060e-19	8.181e-18	5.316e-17	6.429e-16	5.610e-15	2.036e-14
0	12	1	4	4.834e-21	4.250e-20	2.671e-19	8.222e-18	8.348e-17	4.365e-16	3.902e-15	2.592e-14	7.966e-14
0	12	0	10	2.292e-16	3.091e-15	1.838e-14	2.661e-13	1.157e-12	2.914e-12	8.685e-12	2.015e-11	3.192e-11
0	12	1	6	4.089e-19	2.296e-18	1.000e-17	1.585e-16	1.038e-15	3.981e-15	2.371e-14	1.112e-13	2.785e-13
0	12	1	8	3.103e-15	3.624e-15	5.221e-15	1.488e-14	3.651e-14	7.432e-14	2.051e-13	5.222e-13	9.293e-13
0	12	2	0	2.182e-26	3.599e-25	4.501e-24	6.383e-22	2.066e-20	2.590e-19	7.740e-18	1.516e-16	8.984e-16
2	2	0	0	2.125e-24	1.331e-22	2.486e-21	2.385e-19	3.287e-18	1.801e-17	1.431e-16	7.460e-16	1.882e-15
2	2	0	2	4.329e-23	1.674e-21	2.372e-20	1.673e-18	2.085e-17	1.106e-16	8.778e-16	4.723e-15	1.229e-14
2	2	0	4	9.075e-23	3.796e-21	5.495e-20	3.758e-18	4.422e-17	2.222e-16	1.617e-15	7.986e-15	1.967e-14
2	2	0	6	2.045e-22	7.211e-21	9.385e-20	5.585e-18	6.167e-17	2.995e-16	2.110e-15	1.022e-14	2.499e-14
2	2	0	8	3.400e-22	9.879e-21	1.174e-19	6.615e-18	7.467e-17	3.765e-16	2.852e-15	1.498e-14	3.867e-14
2	2	1	0	1.486e-20	5.783e-19	6.848e-18	2.585e-16	1.816e-15	6.057e-15	2.451e-14	7.040e-14	1.241e-13
2	2	1	2	1.811e-19	6.224e-18	6.709e-17	2.163e-15	1.378e-14	4.299e-14	1.599e-13	4.280e-13	7.244e-13
2	2	1	4	1.069e-18	2.606e-17	2.256e-16	5.401e-15	2.981e-14	8.577e-14	2.930e-13	7.417e-13	1.223e-12
2	2	0	10	1.425e-22	2.277e-21	2.154e-20	1.223e-18	1.738e-17	1.122e-16	1.286e-15	1.035e-14	3.532e-14
2	2	1	6	1.387e-18	2.451e-17	1.848e-16	4.217e-15	2.512e-14	7.943e-14	3.208e-13	9.700e-13	1.799e-12
2	2	1	8	8.686e-19	6.866e-18	3.631e-17	7.120e-16	4.984e-15	1.950e-14	1.156e-13	5.280e-13	1.289e-12
2	2	2	0	9.285e-14	8.207e-13	3.067e-12	1.576e-11	3.116e-11	4.332e-11	5.680e-11	6.312e-11	6.396e-11
2	2	0	12	7.019e-24	6.791e-23	5.934e-22	4.983e-20	1.220e-18	1.288e-17	3.158e-16	5.333e-15	2.918e-14
2	3	0	1	2.363e-23	7.740e-22	1.023e-20	7.067e-19	9.194e-18	5.138e-17	4.465e-16	2.644e-15	7.332e-15
2	3	0	3	1.379e-22	3.367e-21	3.725e-20	2.065e-18	2.452e-17	1.312e-16	1.100e-15	6.423e-15	1.779e-14
2	3	0	5	4.439e-22	1.170e-20	1.290e-19	6.398e-18	6.666e-17	3.182e-16	2.247e-15	1.112e-14	2.776e-14
2	3	0	7	2.283e-21	4.610e-20	4.197e-19	1.533e-17	1.334e-16	5.655e-16	3.448e-15	1.517e-14	3.538e-14
2	3	1	1	1.537e-19	3.335e-18	2.869e-17	7.852e-16	5.114e-15	1.703e-14	7.265e-14	2.280e-13	4.308e-13
2	3	1	3	1.169e-18	2.133e-17	1.618e-16	3.610e-15	2.082e-14	6.391e-14	2.465e-13	7.127e-13	1.285e-12
2	3	0	9	7.140e-21	6.988e-20	4.388e-19	1.168e-17	9.982e-17	4.490e-16	3.194e-15	1.703e-14	4.556e-14
2	3	1	5	1.063e-17	1.299e-16	7.509e-16	1.122e-14	5.210e-14	1.398e-13	4.611e-13	1.183e-12	2.000e-12
2	3	0	11	2.964e-21	1.225e-20	5.495e-20	1.445e-18	1.684e-17	1.063e-16	1.341e-15	1.292e-14	5.093e-14
2	3	1	7	4.463e-17	2.240e-16	8.066e-16	7.718e-15	3.324e-14	9.190e-14	3.443e-13	1.056e-12	2.038e-12
2	3	2	1	6.384e-13	2.283e-12	5.275e-12	1.728e-11	3.174e-11	4.559e-11	6.829e-11	9.131e-11	1.060e-10
1	9	0	1	1.049e-23	5.150e-22	9.018e-21	9.572e-19	1.584e-17	1.032e-16	1.078e-15	7.375e-15	2.215e-14
1	9	0	3	5.429e-23	2.671e-21	4.524e-20	4.278e-18	6.368e-17	3.807e-16	3.510e-15	2.137e-14	5.971e-14
1	9	0	5	5.914e-22	2.610e-20	3.941e-19	2.901e-17	3.578e-16	1.857e-15	1.411e-14	7.220e-14	1.816e-13
1	9	0	7	1.523e-20	5.081e-19	6.088e-18	2.934e-16	2.729e-15	1.160e-14	6.771e-14	2.764e-13	6.082e-13
1	9	1	1	5.246e-20	1.055e-18	9.223e-18	2.953e-16	2.283e-15	8.801e-15	4.678e-14	1.811e-13	3.903e-13
1	9	1	3	1.059e-18	1.971e-17	1.553e-16	3.846e-15	2.421e-14	7.964e-14	3.388e-13	1.072e-12	2.042e-12
1	9	0	9	1.031e-18	1.897e-17	1.475e-16	3.548e-15	2.184e-14	7.061e-14	2.934e-13	9.085e-13	1.709e-12
1	9	1	5	2.914e-17	4.227e-16	2.698e-15	4.519e-14	2.184e-13	5.949e-13	1.972e-12	5.029e-12	8.432e-12
1	9	0	11	3.640e-16	3.019e-15	1.298e-14	1.175e-13	3.988e-13	8.643e-13	2.169e-12	4.430e-12	6.561e-12
1	9	1	7	3.988e-15	3.176e-14	1.322e-13	1.128e-12	3.688e-12	7.782e-12	1.886e-11	3.741e-11	5.444e-11
1	9	2	1	5.892e-20	2.588e-19	1.085e-18	2.089e-17	1.790e-16	8.754e-16	7.586e-15	5.130e-14	1.621e-13
1	9	2	3	1.398e-17	1.882e-17	3.706e-17	2.556e-16	1.333e-15	4.923e-15	3.176e-14	1.767e-13	5.090e-13
2	4	0	0	2.232e-24	1.100e-22	1.878e-21	1.821e-19	2.771e-18	1.686e-17	1.594e-16	9.936e-16	2.817e-15
2	4	0	2	1.254e-23	6.250e-22	1.060e-20	9.897e-19	1.449e-17	8.538e-17	7.698e-16	4.586e-15	1.264e-14
2	4	0	4	7.319e-23	2.966e-21	4.330e-20	3.175e-18	4.028e-17	2.158e-16	1.730e-15	9.361e-15	2.443e-14
2	4	0	6	2.199e-22	1.014e-20	1.506e-19	9.886e-18	1.080e-16	5.063e-16	3.302e-15	1.462e-14	3.358e-14
2	4	0	8	1.576e-21	5.483e-20	6.540e-19	2.934e-17	2.517e-16	9.974e-16	5.241e-15	1.934e-14	3.994e-14
2	4	1	0	5.597e-21	2.375e-19	3.067e-18	1.388e-16	1.115e-15	4.105e-15	1.903e-14	6.165e-14	1.169e-13
2	4	1	2	5.586e-20	2.186e-18	2.644e-17	1.065e-15	7.929e-15	2.768e-14	1.197e-13	3.656e-13	6.694e-13
2	4	1	4	4.073e-19	1.328e-17	1.387e-16	4.315e-15	2.714e-14	8.425e-14	3.126e-13	8.381e-13	1.422e-12
2	4	0	10	7.823e-21	1.012e-19	7.171e-19	1.995e-17	1.600e-16	6.641e-16	4.097e-15	1.877e-14	4.541e-14
2	4	1	6	5.147e-18	1.151e-16	9.167e-16	1.851e-14	9.036e-14	2.374e-13	7.172e-13	1.628e-12	2.514e-12
2	4	1	8	5.216e-17	3.609e-16	1.481e-15	1.453e-14	5.679e-14	1.405e-13	4.346e-13	1.092e-12	1.846e-12
2	4	2	0	1.247e-15	1.457e-14	7.061e-14	6.131e-13	1.764e-12	3.228e-12	6.139e-12	9.467e-12	1.168e-11
2	4	0	12	2.649e-21	1.207e-20	5.754e-20	1.641e-18	1.984e-17	1.278e-16	1.645e-15	1.604e-14	6.357e-14
2	4	2	2	4.742e-14	4.575e-13	1.881e-12	1.195e-11	2.777e-11	4.360e-11	6.761e-11	8.731e-11	9.692e-11
0	13	0	1	1.100e-24	3.317e-23	4.885e-22	5.464e-20	1.138e-18	9.380e-18	1.443e-16	1.463e-15	5.677e-15
0	13	0	3	1.688e-23	5.759e-22	8.533e-21	8.270e-19	1.443e-17	1.018e-16	1.236e-15	9.958e-15	3.341e-14
0	13	0	5	3.647e-22	1.210e-20	1.651e-19	1.252e-17	1.764e-16	1.050e-15	9.986e-15	6.426e-14	1.876e-13
0	13	0	7	1.108e-20	3.210e-19	3.744e-18	1.984e-16	2.120e-15	1.023e-14	7.276e-14	3.603e-13	8.971e-13
0	13	1	1	7.417e-24	6.618e-23	5.063e-22	3.003e-20	5.516e-19	4.653e-18	8.306e-17	1.050e-15	4.807e-15
0	13	1	3	1.662e-22	1.412e-21	9.747e-21	4.340e-19	6.252e-18	4.354e-17	5.914e-16	5.814e-15	2.281e-14
0	13	0	9	7.113e-19	1.491e-17	1.317e-16	4.130e-15	3.086e-14	1.152e-13	5.824e-13	2.146e-12	4.480e-12
0	13	1	5	5.041e-21	3.599e-20	2.068e-19	6.166e-18	6.571e-17	3.649e-16	3.631e-15	2.702e-14	8.959e-14
0	13	0	11	2.588e-16	2.761e-15	1.464e-14	1.950e-13	8.574e-13	2.233e-12	7.141e-12	1.797e-11	3.011e-11
0	13	1	7	4.601e-19	2.228e-18	9.120e-18	1.421e-16	9.674e-16	3.890e-15	2.516e-14	1.287e-13	3.411e-13
0	13	2	1	4.096e-25	3.137e-24	2.424e-23	1.820e-21	4.389e-20	4.689e-19	1.195e-17	2.127e-16	1.209e-15
0	13	2	3	4.191e-23	1.400e-22	6.150e-22	1.995e-20	3.048e-19	2.448e-18	4.467e-17	6.155e-16	3.046e-15
0	13	1	9	1.140e-15	1.676e-15	2.855e-15	1.065e-14	3.070e-14	6.954e-14	2.191e-13	6.217e-13	1.177e-12
2	5	0	1	8.426e-24	3.040e-22	4.446e-21	3.830e-19	5.879e-18	3.718e-17	3.831e-16	2.641e-15	8.031e-15
2	5	0	3	2.037e-23	8.798e-22	1.387e-20	1.220e-18	1.783e-17	1.065e-16	9.921e-16	6.153e-15	1.745e-14
2	5	0	5	2.474e-22	6.681e-21	7.743e-20	4.403e-18	5.152e-17	2.695e-16	2.167e-15	1.210e-14	3.249e-14
2	5	0	7	8.637e-22	2.813e-20	3.397e-19	1.738e-17	1.722e-16	7.723e-16	4.884e-15	2.151e-14	4.967e-14
2	5	1	1	1.305e-20	4.600e-19	5.467e-18	2.385e-16	1.984e-15	7.664e-15	3.874e-14	1.378e-13	2.780e-13
2	5	1	3	1.158e-19	3.294e-18	3.363e-17	1.155e-15	8.364e-15	2.951e-14	1.335e-13	4.347e-13	8.345e-13
2	5	0	9	8.904e-21	1.979e-19	1.801e-18	5.788e-17	4.325e-16	1.605e-15	8.001e-15	2.897e-14	5.978e-14
2	5	1	5	1.564e-18	3.145e-17	2.499e-16	5.754e-15	3.293e-14	9.949e-14	3.715e-13	1.035e-12	1.820e-12
2	5	0	11	6.144e-20	4.216e-19	2.068e-18	3.780e-17	2.616e-16	1.029e-15	6.228e-15	2.927e-14	7.302e-14
2	5	1	7	3.354e-17	4.181e-16	2.362e-15	3.181e-14	1.333e-13	3.286e-13	9.564e-13	2.182e-12	3.427e-12
2	5	2	1	2.903e-15	2.009e-14	7.509e-14	5.339e-13	1.556e-12	3.035e-12	6.655e-12	1.213e-11	1.682e-11
2	5	2	3	1.235e-13	6.117e-13	1.774e-12	8.222e-12	1.837e-11	2.989e-11	5.203e-11	7.826e-11	9.704e-11
2	5	1	9	1.783e-15	3.679e-15	7.432e-15	3.181e-14	9.154e-14	2.000e-13	5.796e-13	1.487e-12	2.622e-12
2	5	0	13	1.242e-20	2.546e-20	7.207e-20	9.886e-19	8.257e-18	4.277e-17	4.328e-16	3.560e-15	1.294e-14
1	10	0	0	2.742e-25	1.797e-23	3.941e-22	6.184e-20	1.313e-18	1.017e-17	1.327e-16	1.095e-15	3.669e-15
1	10	0	2	3.043e-24	1.978e-22	4.202e-21	5.966e-19	1.160e-17	8.366e-17	9.861e-16	7.405e-15	2.341e-14
1	10	0	4	2.073e-23	1.355e-21	2.763e-20	3.385e-18	5.740e-17	3.704e-16	3.714e-15	2.398e-14	6.905e-14
1	10	0	6	2.947e-22	1.660e-20	2.929e-19	2.661e-17	3.631e-16	1.995e-15	1.608e-14	8.555e-14	2.192e-13
1	10	0	8	6.039e-21	2.722e-19	3.920e-18	2.385e-16	2.452e-15	1.096e-14	6.693e-14	2.791e-13	6.180e-13
1	10	1	0	2.599e-22	9.495e-21	1.258e-19	7.581e-18	8.361e-17	4.042e-16	2.818e-15	1.349e-14	3.271e-14
1	10	1	2	6.770e-21	2.448e-19	3.067e-18	1.549e-16	1.459e-15	6.213e-15	3.610e-14	1.459e-13	3.186e-13
1	10	1	4	1.409e-19	4.740e-18	5.357e-17	2.089e-15	1.597e-14	5.784e-14	2.676e-13	8.793e-13	1.691e-12
1	10	0	10	4.387e-19	1.249e-17	1.246e-16	3.958e-15	2.669e-14	8.890e-14	3.699e-13	1.114e-12	2.037e-12
1	10	1	6	4.404e-18	1.166e-16	1.069e-15	2.786e-14	1.611e-13	4.774e-13	1.688e-12	4.390e-12	7.344e-12
1	10	1	8	5.771e-16	9.089e-15	5.623e-14	7.586e-13	2.919e-12	6.556e-12	1.631e-11	3.165e-11	4.471e-11
1	10	2	0	5.781e-23	1.767e-21	2.314e-20	1.698e-18	2.394e-17	1.438e-16	1.396e-15	9.211e-15	2.736e-14
1	10	0	12	2.073e-16	2.805e-15	1.561e-14	1.789e-13	6.275e-13	1.328e-12	3.077e-12	5.644e-12	7.726e-12
1	10	2	2	1.615e-21	4.047e-20	4.474e-19	2.391e-17	2.718e-16	1.400e-15	1.108e-14	6.127e-14	1.639e-13
1	10	2	4	2.011e-19	2.318e-18	1.498e-17	3.548e-16	2.563e-15	9.898e-15	5.559e-14	2.352e-13	5.429e-13
2	6	0	0	1.313e-24	4.221e-23	6.026e-22	5.559e-20	9.480e-19	6.607e-18	7.920e-17	6.336e-16	2.119e-15
2	6	0	2	8.410e-24	2.859e-22	4.126e-21	3.673e-19	5.937e-18	3.941e-17	4.378e-16	3.250e-15	1.036e-14
2	6	0	4	3.452e-23	1.242e-21	1.783e-20	1.445e-18	2.101e-17	1.272e-16	1.230e-15	7.998e-15	2.345e-14
2	6	0	6	2.763e-22	8.063e-21	9.678e-20	5.601e-18	6.470e-17	3.322e-16	2.583e-15	1.389e-14	3.640e-14
2	6	0	8	1.906e-21	5.666e-20	6.407e-19	2.951e-17	2.749e-16	1.184e-15	7.120e-15	3.012e-14	6.796e-14
2	6	1	0	1.382e-21	4.727e-20	5.754e-19	2.835e-17	2.664e-16	1.139e-15	6.693e-15	2.744e-14	6.051e-14
2	6	1	2	1.366e-20	4.262e-19	4.836e-18	2.113e-16	1.843e-15	7.489e-15	4.121e-14	1.599e-13	3.417e-13
2	6	1	4	1.427e-19	3.555e-18	3.397e-17	1.109e-15	8.061e-15	2.891e-14	1.357e-13	4.609e-13	9.116e-13
2	6	0	10	4.081e-20	7.440e-19	5.904e-18	1.540e-16	1.024e-15	3.530e-15	1.610e-14	5.441e-14	1.081e-13
2	6	1	6	2.502e-18	4.525e-17	3.380e-16	7.244e-15	4.040e-14	1.208e-13	4.493e-13	1.256e-12	2.217e-12
2	6	1	8	9.144e-17	9.560e-16	4.811e-15	5.495e-14	2.116e-13	4.961e-13	1.365e-12	2.989e-12	4.597e-12
2	6	2	0	4.725e-17	4.379e-16	2.089e-15	2.331e-14	9.188e-14	2.222e-13	6.466e-13	1.505e-12	2.410e-12
2	6	0	12	1.860e-19	9.265e-19	3.782e-18	5.623e-17	3.631e-16	1.395e-15	8.414e-15	4.027e-14	1.024e-13
2	6	2	2	1.353e-15	1.049e-14	4.299e-14	3.610e-13	1.174e-12	2.474e-12	6.000e-12	1.193e-11	1.739e-11
2	6	2	4	6.761e-14	3.515e-13	1.072e-12	5.527e-12	1.337e-11	2.309e-11	4.359e-11	7.050e-11	9.133e-11
2	6	1	10	9.092e-15	1.076e-14	1.553e-14	4.365e-14	1.053e-13	2.111e-13	5.689e-13	1.416e-12	2.484e-12
0	14	0	0	1.881e-26	5.402e-25	8.403e-24	1.209e-21	3.227e-20	3.269e-19	6.810e-18	9.183e-17	4.258e-16
0	14	0	2	4.011e-25	1.368e-23	2.222e-22	2.951e-20	6.868e-19	6.119e-18	1.041e-16	1.149e-15	4.688e-15
0	14	0	4	5.914e-24	2.222e-22	3.557e-21	3.958e-19	7.558e-18	5.681e-17	7.488e-16	6.475e-15	2.264e-14
0	14	0	6	1.205e-22	4.600e-21	6.947e-20	6.198e-18	9.617e-17	6.102e-16	6.281e-15	4.310e-14	1.305e-13
0	14	0	8	4.312e-21	1.449e-19	1.867e-18	1.145e-16	1.323e-15	6.701e-15	5.037e-14	2.601e-13	6.624e-13
0	14	1	0	1.856e-25	1.455e-24	1.113e-23	7.852e-22	1.773e-20	1.792e-19	4.205e-18	6.916e-17	3.742e-16
0	14	1	2	4.698e-24	3.634e-23	2.630e-22	1.558e-20	3.014e-19	2.692e-18	5.286e-17	7.372e-16	3.602e-15
0	14	1	4	9.041e-23	6.582e-22	4.299e-21	1.939e-19	2.992e-18	2.239e-17	3.423e-16	3.796e-15	1.611e-14
0	14	0	10	3.015e-19	7.231e-18	6.989e-17	2.497e-15	1.999e-14	7.782e-14	4.127e-13	1.575e-12	3.352e-12
0	14	1	6	3.199e-21	2.001e-20	1.102e-19	3.388e-18	3.901e-17	2.338e-16	2.630e-15	2.215e-14	7.951e-14
0	14	1	8	1.681e-19	8.118e-19	3.467e-18	6.273e-17	4.902e-16	2.205e-15	1.676e-14	9.973e-14	2.904e-13
0	14	2	0	2.112e-26	9.303e-26	6.150e-25	5.623e-23	1.995e-21	3.082e-20	1.413e-18	4.505e-17	3.728e-16
0	14	0	12	1.335e-16	1.627e-15	9.380e-15	1.396e-13	6.468e-13	1.733e-12	5.705e-12	1.462e-11	2.469e-11
0	14	2	2	7.375e-25	2.595e-24	1.431e-23	9.441e-22	2.704e-20	3.594e-19	1.353e-17	3.647e-16	2.734e-15
0	14	2	4	4.042e-23	8.218e-23	3.082e-22	1.122e-20	2.291e-19	2.448e-18	7.079e-17	1.549e-15	1.033e-14
0	14	1	10	1.750e-16	3.938e-16	9.027e-16	5.309e-15	1.977e-14	5.275e-14	2.024e-13	6.706e-13	1.383e-12
0	14	2	6	1.069e-20	1.108e-20	2.448e-20	3.548e-19	4.018e-18	2.855e-17	4.870e-16	6.822e-15	3.507e-14
1	11	0	1	3.498e-25	1.638e-23	3.082e-22	4.467e-20	1.000e-18	8.360e-18	1.259e-16	1.214e-15	4.520e-15
1	11	0	3	2.599e-24	1.274e-22	2.362e-21	3.055e-19	6.059e-18	4.571e-17	5.905e-16	4.923e-15	1.672e-14
1	11	0	5	2.203e-23	1.078e-21	1.896e-20	2.054e-18	3.467e-17	2.297e-16	2.458e-15	1.720e-14	5.241e-14
1	11	0	7	3.186e-22	1.301e-20	1.947e-19	1.541e-17	2.090e-16	1.181e-15	1.022e-14	5.937e-14	1.619e-13
1	11	1	1	3.682e-22	1.029e-20	1.206e-19	6.812e-18	7.821e-17	4.015e-16	3.132e-15	1.695e-14	4.463e-14
1	11	1	3	5.693e-21	1.559e-19	1.710e-18	7.893e-17	7.597e-16	3.388e-15	2.159e-14	9.696e-14	2.275e-13
1	11	0	9	1.098e-20	3.330e-19	3.881e-18	1.928e-16	1.909e-15	8.621e-15	5.543e-14	2.492e-13	5.836e-13
1	11	1	5	1.308e-19	3.162e-18	3.035e-17	1.047e-15	8.091e-15	3.059e-14	1.553e-13	5.691e-13	1.180e-12
1	11	0	11	1.293e-18	2.124e-17	1.561e-16	3.589e-15	2.212e-14	7.244e-14	3.099e-13	9.936e-13	1.914e-12
1	11	1	7	6.086e-18	1.040e-16	7.625e-16	1.650e-14	9.480e-14	2.921e-13	1.140e-12	3.346e-12	6.097e-12
1	11	2	1	8.736e-22	7.123e-21	4.618e-20	1.748e-18	2.204e-17	1.384e-16	1.624e-15	1.397e-14	5.052e-14
1	11	2	3	2.149e-20	1.402e-19	7.432e-19	1.895e-17	1.810e-16	9.285e-16	8.306e-15	5.633e-14	1.767e-13
1	11	1	9	1.178e-15	1.089e-14	5.076e-14	5.248e-13	1.932e-12	4.421e-12	1.189e-11	2.569e-11	3.931e-11
1	11	0	13	1.811e-15	1.140e-14	4.063e-14	2.786e-13	8.136e-13	1.605e-12	3.610e-12	6.783e-12	9.599e-12
1	11	2	5	1.924e-18	7.889e-18	2.869e-17	3.715e-16	2.274e-15	8.533e-15	5.070e-14	2.424e-13	6.186e-13
2	7	0	1	1.804e-24	5.878e-23	8.844e-22	9.605e-20	1.891e-18	1.479e-17	2.092e-16	1.951e-15	7.173e-15
2	7	0	3	6.731e-24	2.385e-22	3.631e-21	3.673e-19	6.571e-18	4.713e-17	5.838e-16	4.783e-15	1.620e-14
2	7	0	5	3.241e-23	1.213e-21	1.810e-20	1.589e-18	2.448e-17	1.547e-16	1.586e-15	1.086e-14	3.284e-14
2	7	0	7	2.794e-22	9.367e-21	1.235e-19	8.204e-18	1.021e-16	5.490e-16	4.503e-15	2.523e-14	6.756e-14
2	7	1	1	1.532e-21	5.506e-20	7.193e-19	4.224e-17	4.576e-16	2.184e-15	1.497e-14	7.061e-14	1.697e-13
2	7	1	3	1.169e-20	3.780e-19	4.501e-18	2.213e-16	2.120e-15	9.261e-15	5.640e-14	2.400e-13	5.424e-13
2	7	0	9	2.742e-21	8.822e-20	1.042e-18	5.012e-17	4.716e-16	2.031e-15	1.213e-14	5.067e-14	1.133e-13
2	7	1	5	1.233e-19	3.193e-18	3.178e-17	1.135e-15	8.823e-15	3.328e-14	1.674e-13	6.051e-13	1.242e-12
2	7	0	11	8.490e-20	1.692e-18	1.346e-17	3.144e-16	1.830e-15	5.609e-15	2.141e-14	6.092e-14	1.085e-13
2	7	1	7	3.091e-18	5.513e-17	4.126e-16	9.068e-15	5.200e-14	1.593e-13	6.139e-13	1.776e-12	3.204e-12
2	7	2	1	2.133e-17	2.418e-16	1.346e-15	1.950e-14	9.053e-14	2.448e-13	8.222e-13	2.157e-12	3.703e-12
2	7	2	3	4.488e-16	4.268e-15	2.016e-14	2.101e-13	7.713e-13	1.756e-12	4.671e-12	9.981e-12	1.515e-11
2	7	1	9	2.284e-16	2.210e-15	1.053e-14	1.103e-13	4.040e-13	9.167e-13	2.423e-12	5.141e-12	7.766e-12
2	7	0	13	2.546e-19	8.141e-19	2.525e-18	2.630e-17	1.448e-16	5.116e-16	2.851e-15	1.306e-14	3.265e-14
2	7	2	5	2.904e-14	1.750e-13	5.919e-13	3.589e-12	9.524e-12	1.747e-11	3.548e-11	6.082e-11	8.140e-11
2	7	1	11	1.818e-14	1.674e-14	2.111e-14	5.218e-14	1.229e-13	2.480e-13	6.908e-13	1.804e-12	3.279e-12
2	8	0	0	2.007e-25	5.751e-24	8.490e-23	1.023e-20	2.325e-19	2.068e-18	3.569e-17	4.039e-16	1.680e-15
2	8	0	2	1.678e-24	4.978e-23	7.282e-22	8.128e-20	1.700e-18	1.409e-17	2.188e-16	2.239e-15	8.742e-15
2	8	0	4	8.490e-24	2.653e-22	3.821e-21	3.780e-19	6.944e-18	5.155e-17	6.790e-16	5.941e-15	2.102e-14
2	8	0	6	3.825e-23	1.435e-21	2.165e-20	1.972e-18	3.139e-17	2.037e-16	2.169e-15	1.538e-14	4.755e-14
2	8	0	8	3.887e-22	1.352e-20	1.824e-19	1.250e-17	1.578e-16	8.550e-16	7.067e-15	3.977e-14	1.067e-13
2	8	1	0	5.618e-23	2.693e-21	4.352e-20	3.625e-18	4.852e-17	2.669e-16	2.187e-15	1.195e-14	3.123e-14
2	8	1	2	6.382e-22	2.910e-20	4.455e-19	3.292e-17	4.025e-16	2.068e-15	1.542e-14	7.743e-14	1.923e-13
2	8	1	4	5.429e-21	2.225e-19	3.067e-18	1.820e-16	1.895e-15	8.643e-15	5.480e-14	2.382e-13	5.426e-13
2	8	0	10	3.399e-21	1.176e-19	1.453e-18	7.413e-17	7.165e-16	3.130e-15	1.895e-14	7.980e-14	1.789e-13
2	8	1	6	7.431e-20	2.372e-18	2.671e-17	1.103e-15	9.053e-15	3.494e-14	1.781e-13	6.426e-13	1.311e-12
2	8	1	8	2.726e-18	5.380e-17	4.255e-16	9.886e-15	5.744e-14	1.760e-13	6.722e-13	1.915e-12	3.414e-12
2	8	2	0	2.141e-19	3.719e-18	2.852e-17	7.055e-16	4.552e-15	1.539e-14	6.853e-14	2.272e-13	4.466e-13
2	8	0	12	2.245e-19	3.997e-18	2.974e-17	6.419e-16	3.624e-15	1.096e-14	4.151e-14	1.181e-13	2.109e-13
2	8	2	2	5.491e-18	8.834e-17	6.150e-16	1.209e-14	6.510e-14	1.915e-13	7.029e-13	1.956e-12	3.454e-12
2	8	2	4	1.300e-16	1.660e-15	9.501e-15	1.296e-13	5.445e-13	1.342e-12	3.896e-12	8.853e-12	1.386e-11
2	8	1	10	4.263e-16	4.080e-15	1.905e-14	1.895e-13	6.644e-13	1.457e-12	3.668e-12	7.443e-12	1.094e-11
2	8	2	6	1.083e-14	8.186e-14	3.203e-13	2.371e-12	6.937e-12	1.346e-11	2.901e-11	5.176e-11	7.063e-11
2	8	0	14	7.705e-20	5.620e-19	3.035e-18	7.120e-17	6.048e-16	2.790e-15	2.117e-14	1.222e-13	3.459e-13
3	0	0	0	1.178e-22	2.372e-22	6.778e-22	9.829e-21	8.694e-20	4.725e-19	5.136e-18	4.521e-17	1.714e-16
3	0	0	2	1.210e-23	9.599e-23	6.119e-22	2.265e-20	2.826e-19	1.765e-18	2.059e-17	1.766e-16	6.375e-16
3	0	0	4	3.538e-23	2.048e-22	1.108e-21	3.548e-20	4.365e-19	2.783e-18	3.447e-17	3.193e-16	1.218e-15
3	0	0	6	1.976e-23	1.230e-22	7.282e-22	2.884e-20	4.192e-19	3.035e-18	4.493e-17	4.886e-16	2.056e-15
3	0	0	8	2.100e-24	3.503e-23	3.744e-22	3.055e-20	5.948e-19	4.936e-18	8.105e-17	9.085e-16	3.805e-15
3	0	1	0	1.890e-22	3.814e-21	3.466e-20	1.259e-18	1.090e-17	4.606e-17	2.794e-16	1.223e-15	2.845e-15
3	0	1	2	1.067e-21	2.204e-20	2.018e-19	7.290e-18	6.231e-17	2.597e-16	1.542e-15	6.607e-15	1.516e-14
3	0	1	4	1.207e-21	1.979e-20	1.660e-19	6.026e-18	5.639e-17	2.590e-16	1.809e-15	9.158e-15	2.343e-14
3	0	0	10	3.027e-25	4.058e-24	4.594e-23	6.095e-21	2.006e-19	2.603e-18	8.342e-17	1.768e-15	1.106e-14
3	0	1	6	2.350e-22	8.980e-21	1.221e-19	7.586e-18	8.457e-17	4.105e-16	2.867e-15	1.371e-14	3.318e-14
3	0	1	8	7.913e-23	2.828e-21	4.126e-20	3.569e-18	5.516e-17	3.512e-16	3.657e-15	2.548e-14	7.799e-14
3	0	2	0	7.943e-19	1.132e-17	7.319e-17	1.311e-15	6.780e-15	1.955e-14	7.049e-14	1.946e-13	3.428e-13
3	0	0	12	9.409e-26	1.729e-24	2.512e-23	5.158e-21	2.249e-19	3.548e-18	1.464e-16	3.847e-15	2.727e-14
3	0	2	2	3.062e-18	3.474e-17	1.973e-16	3.062e-15	1.513e-14	4.303e-14	1.554e-13	4.363e-13	7.812e-13
3	0	2	4	4.927e-19	1.379e-17	1.305e-16	3.528e-15	2.066e-14	6.150e-14	2.178e-13	5.650e-13	9.425e-13
3	0	1	10	1.228e-22	1.777e-21	1.774e-20	1.380e-18	2.714e-17	2.303e-16	3.958e-15	4.675e-14	2.029e-13
3	0	2	6	2.049e-19	6.387e-18	6.744e-17	2.304e-15	1.605e-14	5.439e-14	2.301e-13	6.990e-13	1.283e-12
3	0	0	14	1.303e-27	2.744e-26	5.012e-25	1.884e-22	1.355e-20	3.162e-19	2.271e-17	9.905e-16	9.586e-15
3	0	2	8	6.706e-20	1.292e-18	1.171e-17	4.477e-16	4.137e-15	1.850e-14	1.224e-13	5.827e-13	1.429e-12
3	1	0	1	1.035e-23	7.740e-23	4.738e-22	1.650e-20	1.992e-19	1.218e-18	1.386e-17	1.166e-16	4.167e-16
3	1	0	3	6.028e-24	6.609e-23	5.248e-22	2.692e-20	4.011e-19	2.797e-18	3.715e-17	3.517e-16	1.339e-15
3	1	0	5	6.668e-24	8.882e-23	7.943e-22	4.732e-20	7.516e-19	5.412e-18	7.392e-17	7.086e-16	2.708e-15
3	1	0	7	6.005e-24	6.627e-23	5.638e-22	3.631e-20	6.644e-19	5.467e-18	9.226e-17	1.091e-15	4.768e-15
3	1	1	1	8.686e-23	3.436e-21	4.689e-20	2.818e-18	3.009e-17	1.405e-16	9.252e-16	4.177e-15	9.745e-15
3	1	1	3	3.132e-22	1.118e-20	1.431e-19	7.898e-18	8.106e-17	3.706e-16	2.388e-15	1.064e-14	2.470e-14
3	1	0	9	1.811e-24	2.385e-23	2.512e-22	2.661e-20	7.178e-19	7.943e-18	2.024e-16	3.471e-15	1.904e-14
3	1	1	5	1.127e-21	2.571e-20	2.572e-19	1.105e-17	1.066e-16	4.852e-16	3.242e-15	1.540e-14	3.758e-14
3	1	0	11	1.773e-25	7.709e-24	1.593e-22	3.508e-20	1.182e-18	1.387e-17	3.438e-16	5.298e-15	2.643e-14
3	1	1	7	4.927e-22	1.149e-20	1.278e-19	7.674e-18	9.963e-17	5.754e-16	5.417e-15	3.535e-14	1.050e-13
3	1	2	1	3.033e-19	7.604e-18	6.813e-17	1.768e-15	1.039e-14	3.138e-14	1.147e-13	3.084e-13	5.275e-13
3	1	2	3	1.333e-18	2.813e-17	2.210e-16	4.597e-15	2.355e-14	6.473e-14	2.098e-13	5.108e-13	8.248e-13
3	1	1	9	1.089e-22	3.575e-21	5.275e-20	5.309e-18	9.727e-17	7.171e-16	9.306e-15	8.004e-14	2.799e-13
3	1	0	13	2.153e-26	6.709e-25	1.285e-23	3.388e-21	1.525e-19	2.338e-18	8.810e-17	2.052e-15	1.333e-14
3	1	2	5	5.814e-19	1.566e-17	1.468e-16	4.050e-15	2.452e-14	7.528e-14	2.798e-13	7.612e-13	1.309e-12
3	1	1	11	2.456e-23	4.164e-22	4.848e-21	5.188e-19	1.286e-17	1.295e-16	2.810e-15	4.080e-14	2.006e-13
3	1	2	7	2.675e-19	5.409e-18	4.742e-17	1.519e-15	1.172e-14	4.508e-14	2.387e-13	9.204e-13	1.979e-12
1	12	0	0	1.210e-26	6.828e-25	1.491e-23	2.802e-21	7.420e-20	6.972e-19	1.221e-17	1.339e-16	5.375e-16
1	12	0	2	1.203e-25	7.142e-24	1.561e-22	2.754e-20	6.755e-19	5.934e-18	9.386e-17	9.327e-16	3.517e-15
1	12	0	4	8.142e-25	4.871e-23	1.023e-21	1.560e-19	3.338e-18	2.625e-17	3.534e-16	3.020e-15	1.037e-14
1	12	0	6	6.876e-24	4.042e-22	8.060e-21	1.053e-18	1.969e-17	1.391e-16	1.605e-15	1.190e-14	3.743e-14
1	12	0	8	1.039e-22	5.461e-21	9.579e-20	9.349e-18	1.397e-16	8.324e-16	7.589e-15	4.551e-14	1.258e-13
1	12	1	0	3.016e-24	1.278e-22	1.985e-21	1.698e-19	2.439e-18	1.438e-17	1.318e-16	8.062e-16	2.267e-15
1	12	1	2	6.655e-23	2.894e-21	4.356e-20	3.232e-18	4.037e-17	2.121e-16	1.640e-15	8.547e-15	2.175e-14
1	12	1	4	1.223e-21	5.074e-20	7.061e-19	4.266e-17	4.496e-16	2.068e-15	1.326e-14	5.820e-14	1.333e-13
1	12	0	10	4.716e-21	1.884e-19	2.577e-18	1.540e-16	1.629e-15	7.547e-15	4.905e-14	2.186e-13	5.059e-13
1	12	1	6	3.015e-20	1.076e-18	1.292e-17	5.721e-16	4.804e-15	1.867e-14	9.509e-14	3.403e-13	6.892e-13
1	12	1	8	1.123e-18	2.938e-17	2.740e-16	7.718e-15	4.813e-14	1.517e-13	5.880e-13	1.666e-12	2.940e-12
1	12	2	0	2.763e-23	2.444e-22	1.792e-21	9.279e-20	1.511e-18	1.157e-17	1.796e-16	1.995e-15	8.432e-15
1	12	0	12	7.460e-19	1.739e-17	1.553e-16	4.390e-15	2.868e-14	9.501e-14	3.998e-13	1.233e-12	2.299e-12
1	12	2	2	6.214e-22	4.924e-21	3.211e-20	1.288e-18	1.731e-17	1.148e-16	1.462e-15	1.360e-14	5.165e-14
1	12	2	4	1.529e-20	1.023e-19	5.609e-19	1.549e-17	1.576e-16	8.490e-16	8.128e-15	5.863e-14	1.909e-13
1	12	1	10	2.368e-16	3.422e-15	2.057e-14	2.818e-13	1.136e-12	2.671e-12	7.161e-12	1.499e-11	2.223e-11
1	12	2	6	1.089e-18	5.307e-18	2.165e-17	3.311e-16	2.212e-15	8.754e-15	5.527e-14	2.764e-13	7.224e-13
1	12	0	14	1.842e-15	1.667e-14	7.244e-14	6.060e-13	1.854e-12	3.659e-12	7.955e-12	1.413e-11	1.915e-11
1	12	2	8	1.790e-15	3.446e-15	6.778e-15	2.901e-14	8.566e-14	1.925e-13	5.846e-13	1.574e-12	2.865e-12
1	12	3	0	1.558e-25	1.889e-24	2.100e-23	2.985e-21	1.086e-19	1.545e-18	5.705e-17	1.390e-15	9.496e-15
3	2	0	0	1.369e-24	1.170e-23	8.025e-23	3.467e-21	4.848e-20	3.294e-19	4.315e-18	4.099e-17	1.575e-16
3	2	0	2	6.016e-23	2.318e-22	9.949e-22	2.469e-20	2.800e-19	1.742e-18	2.166e-17	2.068e-16	8.121e-16
3	2	0	4	2.614e-23	1.809e-22	1.091e-21	4.004e-20	5.219e-19	3.423e-18	4.346e-17	4.068e-16	1.556e-15
3	2	0	6	1.534e-23	1.713e-22	1.339e-21	6.346e-20	8.742e-19	5.710e-18	6.889e-17	5.953e-16	2.142e-15
3	2	0	8	2.441e-23	2.363e-22	1.747e-21	8.270e-20	1.200e-18	8.296e-18	1.101e-16	1.050e-15	4.032e-15
3	2	1	0	3.132e-23	1.088e-21	1.373e-20	7.499e-19	7.698e-18	3.530e-17	2.291e-16	1.029e-15	2.402e-15
3	2	1	2	2.512e-22	6.903e-21	7.743e-20	3.846e-18	3.952e-17	1.857e-16	1.277e-15	6.153e-15	1.508e-14
3	2	1	4	7.474e-22	2.113e-20	2.331e-19	1.054e-17	9.843e-17	4.268e-16	2.605e-15	1.121e-14	2.559e-14
3	2	0	10	2.315e-23	1.242e-22	7.547e-22	3.981e-20	7.943e-19	7.547e-18	1.679e-16	2.695e-15	1.450e-14
3	2	1	6	4.505e-21	8.052e-20	6.730e-19	2.154e-17	1.740e-16	7.031e-16	4.046e-15	1.700e-14	3.867e-14
3	2	1	8	5.836e-21	5.983e-20	4.001e-19	1.245e-17	1.204e-16	5.964e-16	4.856e-15	2.926e-14	8.436e-14
3	2	2	0	7.618e-20	1.549e-18	1.259e-17	3.090e-16	1.867e-15	5.888e-15	2.337e-14	6.889e-14	1.254e-13
3	2	0	12	2.092e-24	2.151e-23	2.089e-22	2.331e-20	7.231e-19	9.190e-18	2.930e-16	6.295e-15	3.994e-14
3	2	2	2	1.059e-18	1.826e-17	1.318e-16	2.676e-15	1.445e-14	4.233e-14	1.533e-13	4.196e-13	7.320e-13
3	2	2	4	5.982e-18	8.129e-17	4.936e-16	7.586e-15	3.474e-14	9.120e-14	2.884e-13	7.067e-13	1.158e-12
3	2	1	10	2.536e-21	1.751e-20	1.091e-19	4.493e-18	6.510e-17	4.653e-16	6.693e-15	7.038e-14	2.894e-13
3	2	2	6	8.190e-18	7.361e-17	3.680e-16	5.021e-15	2.406e-14	6.836e-14	2.520e-13	7.326e-13	1.348e-12
3	2	0	14	3.505e-26	4.130e-25	5.012e-24	1.000e-21	5.012e-20	9.261e-19	5.012e-17	1.746e-15	1.491e-14
3	2	2	8	1.205e-17	3.917e-17	1.227e-16	1.296e-15	7.178e-15	2.544e-14	1.423e-13	6.529e-13	1.634e-12
3	2	3	0	6.227e-13	2.531e-12	6.083e-12	1.923e-11	3.259e-11	4.330e-11	5.722e-11	6.749e-11	7.231e-11
3	2	1	12	8.219e-23	4.380e-22	2.936e-21	2.188e-19	5.998e-18	7.375e-17	2.385e-15	5.428e-14	3.626e-13
0	15	0	1	9.849e-27	3.308e-25	5.696e-24	9.441e-22	2.704e-20	2.855e-19	6.219e-18	8.653e-17	4.076e-16
0	15	0	3	1.348e-25	5.439e-24	9.747e-23	1.454e-20	3.532e-19	3.203e-18	5.503e-17	6.062e-16	2.459e-15
0	15	0	5	2.363e-24	1.039e-22	1.829e-21	2.291e-19	4.596e-18	3.539e-17	4.759e-16	4.148e-15	1.452e-14
0	15	0	7	4.592e-23	2.001e-21	3.261e-20	3.171e-18	5.068e-17	3.248e-16	3.352e-15	2.285e-14	6.868e-14
0	15	1	1	1.477e-25	8.434e-25	5.552e-24	3.548e-22	8.241e-21	8.799e-20	2.304e-18	4.288e-17	2.524e-16
0	15	1	3	2.853e-24	1.653e-23	1.036e-22	5.495e-21	1.071e-19	9.898e-19	2.101e-17	3.213e-16	1.674e-15
0	15	0	9	1.710e-21	6.310e-20	8.595e-19	5.630e-17	6.673e-16	3.416e-15	2.586e-14	1.336e-13	3.394e-13
0	15	1	5	4.288e-23	2.441e-22	1.423e-21	6.026e-20	9.621e-19	7.586e-18	1.281e-16	1.584e-15	7.238e-15
0	15	0	11	1.203e-19	3.250e-18	3.363e-17	1.296e-15	1.063e-14	4.169e-14	2.210e-13	8.365e-13	1.766e-12
0	15	1	7	1.098e-21	6.049e-21	3.195e-20	1.006e-18	1.241e-17	7.964e-17	1.001e-15	9.434e-15	3.643e-14
0	15	2	1	1.043e-26	2.110e-25	3.051e-24	5.433e-22	2.006e-20	2.740e-19	9.094e-18	1.938e-16	1.203e-15
0	15	2	3	2.041e-25	6.082e-24	9.848e-23	1.549e-20	4.422e-19	4.713e-18	1.053e-16	1.512e-15	7.285e-15
0	15	1	9	5.586e-20	3.081e-19	1.475e-18	3.311e-17	2.998e-16	1.498e-15	1.311e-14	8.806e-14	2.757e-13
0	15	0	13	6.900e-17	9.534e-16	5.904e-15	9.495e-14	4.504e-13	1.215e-12	3.987e-12	1.010e-11	1.689e-11
0	15	2	5	7.632e-24	2.302e-22	3.380e-21	3.737e-19	7.698e-18	6.293e-17	9.564e-16	9.583e-15	3.691e-14
0	15	1	11	3.565e-17	1.247e-16	3.900e-16	3.715e-15	1.823e-14	5.814e-14	2.770e-13	1.090e-12	2.474e-12
0	15	2	7	1.238e-21	1.971e-20	1.810e-19	9.333e-18	1.216e-16	7.319e-16	7.586e-15	5.556e-14	1.789e-13
0	15	3	1	1.503e-29	3.531e-27	2.244e-25	2.497e-22	1.970e-20	3.871e-19	1.725e-17	4.101e-16	2.570e-15
3	3	0	1	2.373e-23	6.609e-23	2.512e-22	6.310e-21	8.166e-20	5.843e-19	9.173e-18	1.112e-16	5.107e-16
3	3	0	3	2.182e-22	4.069e-22	1.227e-21	2.371e-20	2.805e-19	1.945e-18	3.029e-17	3.746e-16	1.758e-15
3	3	0	5	1.025e-22	3.303e-22	1.380e-21	3.958e-20	5.475e-19	4.074e-18	6.674e-17	8.340e-16	3.887e-15
3	3	0	7	5.408e-23	3.197e-22	1.915e-21	8.463e-20	1.385e-18	1.111e-17	1.914e-16	2.406e-15	1.109e-14
3	3	1	1	1.226e-22	3.214e-21	3.583e-20	1.854e-18	2.011e-17	9.929e-17	7.362e-16	3.817e-15	9.801e-15
3	3	1	3	9.645e-22	1.544e-20	1.312e-19	5.129e-18	5.181e-17	2.538e-16	1.950e-15	1.080e-14	2.925e-14
3	3	0	9	4.843e-23	4.544e-22	3.503e-21	1.995e-19	3.467e-18	2.783e-17	4.597e-16	5.388e-15	2.352e-14
3	3	1	5	1.497e-21	3.308e-20	3.278e-19	1.421e-17	1.398e-16	6.490e-16	4.473e-15	2.192e-14	5.457e-14
3	3	0	11	3.498e-23	5.658e-22	5.754e-21	4.121e-19	7.204e-18	5.495e-17	8.012e-16	8.056e-15	3.156e-14
3	3	1	7	1.403e-20	1.660e-19	1.166e-18	3.548e-17	3.192e-16	1.468e-15	1.059e-14	5.650e-14	1.505e-13
3	3	2	1	2.970e-19	5.060e-18	3.706e-17	8.035e-16	4.630e-15	1.431e-14	5.607e-14	1.653e-13	3.020e-13
3	3	2	3	2.211e-18	3.294e-17	2.188e-16	4.050e-15	2.124e-14	6.166e-14	2.235e-13	6.184e-13	1.090e-12
3	3	1	9	2.981e-20	2.653e-19	1.651e-18	4.842e-17	4.682e-16	2.350e-15	1.978e-14	1.241e-13	3.682e-13
3	3	0	13	2.541e-24	4.857e-23	5.995e-22	6.683e-20	1.644e-18	1.626e-17	3.398e-16	4.725e-15	2.255e-14
3	3	2	5	1.935e-17	1.968e-16	1.015e-15	1.311e-14	5.702e-14	1.479e-13	4.725e-13	1.192e-12	2.002e-12
3	3	1	11	1.029e-20	4.555e-20	2.199e-19	6.800e-18	8.954e-17	6.198e-16	8.874e-15	9.575e-14	4.043e-13
3	3	2	7	1.203e-16	4.519e-16	1.380e-15	1.103e-14	4.487e-14	1.221e-13	4.591e-13	1.442e-12	2.841e-12
3	3	3	1	1.275e-12	3.700e-12	7.547e-12	2.126e-11	3.678e-11	5.142e-11	7.553e-11	1.006e-10	1.171e-10
3	3	0	15	1.341e-26	1.324e-24	4.642e-23	2.113e-20	1.019e-18	1.468e-17	4.532e-16	8.111e-15	4.353e-14
2	9	0	1	2.483e-26	1.729e-24	4.365e-23	1.023e-20	3.065e-19	3.114e-18	5.991e-17	7.067e-16	2.953e-15
2	9	0	3	1.643e-25	1.012e-23	2.303e-22	4.441e-20	1.165e-18	1.077e-17	1.828e-16	1.934e-15	7.575e-15
2	9	0	5	1.194e-24	6.988e-23	1.468e-21	2.304e-19	5.105e-18	4.137e-17	5.829e-16	5.206e-15	1.838e-14
2	9	0	7	1.153e-23	6.597e-22	1.285e-20	1.603e-18	2.905e-17	2.005e-16	2.245e-15	1.621e-14	5.017e-14
2	9	1	1	1.881e-23	1.328e-21	2.754e-20	3.236e-18	5.133e-17	3.114e-16	2.835e-15	1.664e-14	4.507e-14
2	9	1	3	1.121e-22	7.512e-21	1.460e-19	1.471e-17	2.066e-16	1.142e-15	9.133e-15	4.768e-14	1.202e-13
2	9	0	9	1.477e-22	7.879e-21	1.352e-19	1.202e-17	1.641e-16	9.074e-16	7.413e-15	4.010e-14	1.039e-13
2	9	1	5	1.158e-21	7.007e-20	1.221e-18	9.661e-17	1.131e-15	5.453e-15	3.610e-14	1.592e-13	3.622e-13
2	9	0	11	3.458e-21	1.692e-19	2.486e-18	1.454e-16	1.398e-15	5.873e-15	3.250e-14	1.230e-13	2.560e-13
2	9	1	7	2.129e-20	1.043e-18	1.498e-17	8.082e-16	7.218e-15	2.855e-14	1.448e-13	5.050e-13	9.991e-13
2	9	2	1	2.483e-20	9.265e-19	1.108e-17	4.571e-16	3.538e-15	1.282e-14	5.872e-14	1.898e-13	3.605e-13
2	9	2	3	4.974e-19	1.653e-17	1.747e-16	5.495e-15	3.467e-14	1.077e-13	3.993e-13	1.068e-12	1.809e-12
2	9	1	9	1.127e-18	3.785e-17	4.001e-16	1.245e-14	7.741e-14	2.374e-13	8.635e-13	2.267e-12	3.795e-12
2	9	0	13	2.773e-19	7.677e-18	7.134e-17	1.841e-15	1.038e-14	2.997e-14	1.017e-13	2.539e-13	4.136e-13
2	9	2	5	1.223e-17	3.281e-16	2.869e-15	6.273e-14	3.076e-13	7.964e-13	2.314e-12	5.006e-12	7.469e-12
2	9	1	11	3.266e-16	5.862e-15	3.821e-14	5.188e-13	1.912e-12	4.095e-12	9.386e-12	1.673e-11	2.235e-11
2	9	2	7	9.179e-16	1.609e-14	1.015e-13	1.274e-12	4.406e-12	8.981e-12	1.922e-11	3.218e-11	4.137e-11
2	9	3	1	7.154e-21	1.254e-19	1.154e-18	5.278e-17	5.948e-16	3.154e-15	2.695e-14	1.639e-13	4.691e-13
2	9	0	15	2.249e-20	9.784e-19	1.332e-17	6.998e-16	6.380e-15	2.597e-14	1.388e-13	5.130e-13	1.055e-12
2	9	3	3	5.429e-19	4.303e-18	2.374e-17	5.370e-16	4.278e-15	1.857e-14	1.281e-13	6.729e-13	1.793e-12
3	4	0	0	3.297e-24	1.166e-23	5.063e-23	1.462e-21	1.966e-20	1.416e-19	2.194e-18	2.587e-17	1.160e-16
3	4	0	2	1.290e-23	5.767e-23	2.840e-22	9.279e-21	1.280e-19	9.190e-19	1.386e-17	1.569e-16	6.825e-16
3	4	0	4	6.298e-23	2.305e-22	9.949e-22	2.692e-20	3.367e-19	2.279e-18	3.217e-17	3.470e-16	1.471e-15
3	4	0	6	2.736e-23	2.006e-22	1.285e-21	5.370e-20	7.713e-19	5.439e-18	7.630e-17	7.805e-16	3.150e-15
3	4	0	8	1.678e-23	2.321e-22	2.132e-21	1.326e-19	2.160e-18	1.581e-17	2.204e-16	2.147e-15	8.283e-15
3	4	1	0	5.327e-24	2.564e-22	4.126e-21	3.369e-19	4.422e-18	2.393e-17	1.914e-16	1.022e-15	2.634e-15
3	4	1	2	5.286e-23	2.268e-21	3.363e-20	2.413e-18	2.938e-17	1.514e-16	1.140e-15	5.801e-15	1.455e-14
3	4	1	4	3.217e-22	1.014e-20	1.237e-19	6.851e-18	7.387e-17	3.560e-16	2.506e-15	1.222e-14	3.009e-14
3	4	0	10	8.081e-23	8.750e-22	7.061e-21	3.890e-19	6.217e-18	4.594e-17	6.645e-16	6.814e-15	2.728e-14
3	4	1	6	1.503e-21	4.714e-20	5.524e-19	2.676e-17	2.559e-16	1.119e-15	6.849e-15	2.934e-14	6.663e-14
3	4	1	8	2.355e-20	3.801e-19	2.989e-18	8.887e-17	6.969e-16	2.779e-15	1.584e-14	6.640e-14	1.512e-13
3	4	2	0	2.182e-20	5.476e-19	5.089e-18	1.496e-16	9.854e-16	3.261e-15	1.361e-14	4.142e-14	7.650e-14
3	4	0	12	1.081e-22	1.144e-21	9.261e-21	5.309e-19	8.872e-18	6.813e-17	1.044e-15	1.132e-14	4.693e-14
3	4	2	2	2.022e-19	4.792e-18	4.233e-17	1.128e-15	6.944e-15	2.188e-14	8.548e-14	2.457e-13	4.386e-13
3	4	2	4	1.906e-18	3.507e-17	2.603e-16	5.339e-15	2.842e-14	8.170e-14	2.863e-13	7.566e-13	1.289e-12
3	4	1	10	8.637e-20	6.098e-19	3.228e-18	7.371e-17	6.183e-16	2.833e-15	2.135e-14	1.228e-13	3.469e-13
3	4	2	6	2.488e-17	3.285e-16	1.915e-15	2.661e-14	1.123e-13	2.768e-13	8.012e-13	1.811e-12	2.825e-12
3	4	0	14	5.639e-24	4.303e-23	3.503e-22	3.162e-20	9.036e-19	1.108e-17	3.447e-16	7.389e-15	4.715e-14
3	4	2	8	3.235e-16	1.144e-15	3.195e-15	2.030e-14	6.855e-14	1.614e-13	4.947e-13	1.290e-12	2.268e-12
3	4	3	0	5.031e-15	3.704e-14	1.366e-13	8.561e-13	2.172e-12	3.763e-12	6.908e-12	1.063e-11	1.324e-11
3	4	1	12	1.561e-20	4.838e-20	2.000e-19	5.821e-18	8.279e-17	6.326e-16	1.081e-14	1.408e-13	6.742e-13
3	4	3	2	2.199e-13	1.212e-12	3.609e-12	1.587e-11	3.245e-11	4.864e-11	7.439e-11	9.847e-11	1.125e-10
1	13	0	1	5.167e-27	3.259e-25	7.943e-24	1.884e-21	5.916e-20	6.310e-19	1.314e-17	1.681e-16	7.403e-16
1	13	0	3	3.989e-26	2.752e-24	6.744e-23	1.445e-20	4.003e-19	3.821e-18	6.722e-17	7.300e-16	2.898e-15
1	13	0	5	2.931e-25	2.101e-23	5.012e-22	9.306e-20	2.228e-18	1.884e-17	2.768e-16	2.536e-15	9.050e-15
1	13	0	7	2.721e-24	1.877e-22	4.122e-21	6.074e-19	1.195e-17	8.652e-17	1.019e-15	7.623e-15	2.400e-14
1	13	1	1	1.138e-24	5.736e-23	1.074e-21	1.388e-19	2.724e-18	2.031e-17	2.574e-16	2.104e-15	7.053e-15
1	13	1	3	1.606e-23	8.931e-22	1.639e-20	1.736e-18	2.737e-17	1.693e-16	1.621e-15	1.014e-14	2.873e-14
1	13	0	9	4.993e-23	3.250e-21	6.407e-20	7.039e-18	1.082e-16	6.457e-16	5.779e-15	3.358e-14	9.056e-14
1	13	1	5	2.773e-22	1.530e-20	2.590e-19	2.101e-17	2.606e-16	1.328e-15	9.619e-15	4.639e-14	1.119e-13
1	13	0	11	2.211e-21	1.114e-19	1.729e-18	1.175e-16	1.282e-15	5.949e-15	3.791e-14	1.633e-13	3.681e-13
1	13	1	7	7.676e-21	3.604e-19	5.168e-18	2.934e-16	2.790e-15	1.166e-14	6.429e-14	2.432e-13	5.064e-13
1	13	2	1	9.481e-24	3.791e-22	6.057e-21	6.166e-19	1.061e-17	7.282e-17	8.366e-16	6.338e-15	2.039e-14
1	13	2	3	2.199e-22	8.894e-21	1.310e-19	9.937e-18	1.301e-16	7.150e-16	5.947e-15	3.333e-14	8.887e-14
1	13	1	9	4.993e-19	1.618e-17	1.729e-16	5.855e-15	3.988e-14	1.322e-13	5.394e-13	1.581e-12	2.834e-12
1	13	0	13	7.032e-19	1.755e-17	1.626e-16	4.759e-15	3.128e-14	1.034e-13	4.309e-13	1.311e-12	2.420e-12
1	13	2	5	7.661e-21	2.660e-19	3.278e-18	1.650e-16	1.573e-15	6.796e-15	4.045e-14	1.677e-13	3.722e-13
1	13	1	11	1.954e-16	3.254e-15	2.132e-14	3.255e-13	1.373e-12	3.303e-12	9.029e-12	1.905e-11	2.832e-11
1	13	2	7	6.939e-19	1.464e-17	1.227e-16	3.181e-15	1.992e-14	6.440e-14	2.642e-13	8.007e-13	1.481e-12
1	13	3	1	1.567e-24	8.085e-23	1.618e-21	2.541e-19	5.905e-18	5.038e-17	7.740e-16	7.557e-15	2.828e-14
1	13	0	15	4.514e-15	3.408e-14	1.332e-13	9.829e-13	2.868e-12	5.552e-12	1.194e-11	2.125e-11	2.895e-11
1	13	3	3	7.958e-23	2.296e-21	3.082e-20	2.661e-18	4.446e-17	3.082e-16	3.705e-15	2.992e-14	1.009e-13
1	13	2	9	1.269e-15	6.913e-15	2.341e-14	1.627e-13	5.079e-13	1.073e-12	2.702e-12	5.694e-12	8.683e-12
3	5	0	1	1.252e-24	9.367e-24	6.709e-23	4.004e-21	7.900e-20	7.189e-19	1.456e-17	2.094e-16	1.044e-15
3	5	0	3	2.800e-24	3.052e-23	2.630e-22	1.799e-20	3.493e-19	3.020e-18	5.480e-17	6.937e-16	3.165e-15
3	5	0	5	1.472e-23	1.583e-22	1.298e-21	7.630e-20	1.297e-18	1.008e-17	1.569e-16	1.724e-15	7.207e-15
3	5	0	7	3.803e-24	1.460e-22	2.362e-21	2.645e-19	5.040e-18	3.773e-17	4.933e-16	4.228e-15	1.469e-14
3	5	1	1	3.304e-24	2.638e-22	5.995e-21	8.175e-19	1.419e-17	9.143e-17	8.977e-16	5.607e-15	1.574e-14
3	5	1	3	1.212e-23	1.040e-21	2.399e-20	3.126e-18	5.068e-17	3.067e-16	2.731e-15	1.550e-14	4.091e-14
3	5	0	9	5.012e-24	3.479e-22	7.440e-21	9.920e-19	1.777e-17	1.192e-16	1.256e-15	8.465e-15	2.498e-14
3	5	1	5	9.868e-23	6.856e-21	1.352e-19	1.365e-17	1.895e-16	1.034e-15	8.082e-15	4.121e-14	1.023e-13
3	5	0	11	2.310e-23	1.387e-21	2.590e-20	2.630e-18	3.880e-17	2.256e-16	1.961e-15	1.115e-14	2.972e-14
3	5	1	7	7.488e-22	4.663e-20	8.233e-19	6.569e-17	7.670e-16	3.678e-15	2.409e-14	1.050e-13	2.371e-13
3	5	2	1	8.955e-21	4.091e-19	5.524e-18	2.645e-16	2.176e-15	8.108e-15	3.796e-14	1.236e-13	2.345e-13
3	5	2	3	6.346e-20	2.578e-18	3.162e-17	1.274e-15	9.341e-15	3.211e-14	1.353e-13	4.022e-13	7.238e-13
3	5	1	9	1.049e-20	4.052e-19	5.168e-18	2.541e-16	2.278e-15	9.261e-15	4.997e-14	1.877e-13	3.911e-13
3	5	0	13	6.796e-23	1.470e-21	1.677e-20	1.209e-18	1.909e-17	1.302e-16	1.569e-15	1.296e-14	4.463e-14
3	5	2	5	6.505e-19	2.064e-17	2.111e-16	6.310e-15	3.865e-14	1.178e-13	4.266e-13	1.120e-12	1.877e-12
3	5	1	11	8.346e-20	9.932e-19	6.954e-18	2.077e-16	1.833e-15	8.296e-15	5.846e-14	3.049e-13	8.007e-13
3	5	2	7	1.310e-17	2.926e-16	2.291e-15	4.365e-14	2.021e-13	5.089e-13	1.445e-12	3.099e-12	4.618e-12
3	5	3	1	8.237e-16	1.384e-14	8.373e-14	9.616e-13	3.119e-12	6.061e-12	1.215e-11	1.920e-11	2.384e-11
3	5	0	15	3.943e-24	2.421e-22	5.329e-21	9.226e-19	2.196e-17	1.876e-16	2.843e-15	2.707e-14	9.934e-14
3	5	3	3	2.215e-14	2.818e-13	1.369e-12	1.069e-11	2.704e-11	4.420e-11	7.081e-11	9.252e-11	1.028e-10
3	5	2	9	3.229e-16	1.615e-15	5.638e-15	4.870e-14	1.912e-13	4.910e-13	1.652e-12	4.590e-12	8.325e-12
3	5	1	13	8.394e-21	1.971e-19	2.106e-18	1.092e-16	1.237e-15	6.396e-15	5.123e-14	2.876e-13	7.778e-13
0	16	0	0	1.037e-28	3.704e-27	7.547e-26	2.054e-23	9.036e-22	1.342e-20	4.766e-19	1.041e-17	6.475e-17
0	16	0	2	2.721e-27	1.137e-25	2.362e-24	5.591e-22	2.044e-20	2.570e-19	7.069e-18	1.204e-16	6.396e-16
0	16	0	4	4.761e-26	2.204e-24	4.501e-23	8.760e-21	2.578e-19	2.692e-18	5.599e-17	7.302e-16	3.279e-15
0	16	0	6	7.140e-25	3.585e-23	7.098e-22	1.116e-19	2.621e-18	2.262e-17	3.543e-16	3.529e-15	1.338e-14
0	16	0	8	1.804e-23	8.703e-22	1.543e-20	1.752e-18	3.103e-17	2.140e-16	2.432e-15	1.800e-14	5.683e-14
0	16	1	0	9.463e-28	2.930e-26	5.221e-25	1.084e-22	3.930e-21	5.063e-20	1.483e-18	2.734e-17	1.536e-16
0	16	1	2	2.089e-26	7.440e-25	1.339e-23	2.385e-21	7.138e-20	7.762e-19	1.755e-17	2.519e-16	1.207e-15
0	16	1	4	3.789e-25	1.505e-23	2.644e-22	3.758e-20	8.790e-19	7.743e-18	1.277e-16	1.356e-15	5.378e-15
0	16	0	10	6.120e-22	2.610e-20	3.932e-19	3.008e-17	3.891e-16	2.107e-15	1.706e-14	9.294e-14	2.432e-13
0	16	1	6	9.499e-24	3.734e-22	5.964e-21	6.202e-19	1.094e-17	7.683e-17	9.133e-16	7.151e-15	2.349e-14
0	16	1	8	4.936e-22	1.604e-20	2.074e-19	1.344e-17	1.652e-16	8.829e-16	7.196e-15	4.015e-14	1.074e-13
0	16	2	0	1.681e-27	4.279e-26	6.883e-25	1.303e-22	4.673e-21	6.088e-20	1.846e-18	3.561e-17	2.068e-16
0	16	0	12	7.794e-20	2.331e-18	2.577e-17	1.090e-15	9.376e-15	3.782e-14	2.068e-13	8.004e-13	1.709e-12
0	16	2	2	3.438e-26	9.744e-25	1.561e-23	2.526e-21	7.544e-20	8.382e-19	1.998e-17	3.058e-16	1.534e-15
0	16	2	4	9.302e-25	2.624e-23	3.821e-22	4.493e-20	1.004e-18	8.822e-18	1.498e-16	1.673e-15	6.902e-15
0	16	1	10	7.823e-20	1.704e-18	1.554e-17	5.176e-16	4.027e-15	1.547e-14	8.124e-14	3.092e-13	6.584e-13
0	16	2	6	3.538e-23	8.679e-22	1.052e-20	7.943e-19	1.247e-17	8.360e-17	9.716e-16	7.690e-15	2.572e-14
0	16	0	14	5.453e-17	8.215e-16	5.370e-15	9.279e-14	4.550e-13	1.249e-12	4.175e-12	1.069e-11	1.797e-11
0	16	2	8	5.836e-21	8.526e-20	6.813e-19	2.441e-17	2.355e-16	1.122e-15	8.354e-15	4.522e-14	1.210e-13
0	16	3	0	4.797e-29	2.444e-27	6.374e-26	2.526e-23	1.373e-21	2.332e-20	9.730e-19	2.411e-17	1.608e-16
0	16	1	12	4.862e-17	4.606e-16	2.256e-15	2.676e-14	1.107e-13	2.775e-13	8.499e-13	2.071e-12	3.411e-12
0	16	3	2	1.041e-27	4.851e-26	1.148e-24	3.673e-22	1.697e-20	2.551e-19	8.990e-18	1.915e-16	1.166e-15
0	16	3	4	8.050e-26	2.042e-24	3.179e-23	5.401e-21	1.757e-19	2.116e-18	5.730e-17	9.947e-16	5.411e-15
2	10	0	0	3.393e-27	1.585e-25	3.345e-24	7.203e-22	2.316e-20	2.597e-19	5.982e-18	8.575e-17	4.081e-16
2	10	0	2	5.236e-26	2.116e-24	4.022e-23	7.328e-21	2.136e-19	2.244e-18	4.773e-17	6.411e-16	2.942e-15
2	10	0	4	4.437e-25	1.561e-23	2.630e-22	3.802e-20	9.445e-19	8.844e-18	1.613e-16	1.895e-15	8.026e-15
2	10	0	6	3.478e-24	1.138e-22	1.747e-21	2.018e-19	4.200e-18	3.432e-17	5.173e-16	5.116e-15	1.951e-14
2	10	0	8	2.826e-23	9.140e-22	1.305e-20	1.195e-18	2.021e-17	1.398e-16	1.657e-15	1.311e-14	4.355e-14
2	10	1	0	2.207e-24	1.121e-22	2.026e-21	2.291e-19	3.966e-18	2.671e-17	2.917e-16	2.075e-15	6.381e-15
2	10	1	2	2.306e-23	1.151e-21	2.008e-20	2.061e-18	3.288e-17	2.077e-16	2.070e-15	1.354e-14	3.954e-14
2	10	1	4	1.939e-22	9.165e-21	1.478e-19	1.246e-17	1.695e-16	9.458e-16	7.923e-15	4.423e-14	1.172e-13
2	10	0	10	5.398e-22	1.611e-20	2.022e-19	1.324e-17	1.699e-16	9.472e-16	8.279e-15	4.960e-14	1.389e-13
2	10	1	6	1.917e-21	7.761e-20	1.085e-18	6.879e-17	7.642e-16	3.678e-15	2.523e-14	1.181e-13	2.818e-13
2	10	1	8	4.889e-20	1.521e-18	1.703e-17	7.120e-16	5.970e-15	2.350e-14	1.236e-13	4.597e-13	9.568e-13
2	10	2	0	1.205e-21	3.228e-20	3.464e-19	1.530e-17	1.426e-16	6.212e-16	3.834e-15	1.673e-14	3.859e-14
2	10	0	12	2.153e-20	6.032e-19	6.540e-18	2.818e-16	2.526e-15	1.061e-14	6.184e-14	2.551e-13	5.677e-13
2	10	2	2	2.634e-20	6.856e-19	6.883e-18	2.512e-16	1.988e-15	7.605e-15	3.902e-14	1.436e-13	2.982e-13
2	10	2	4	6.005e-19	1.372e-17	1.202e-16	3.273e-15	2.082e-14	6.761e-14	2.770e-13	8.343e-13	1.534e-12
2	10	1	10	4.104e-18	7.998e-17	6.245e-16	1.413e-14	8.046e-14	2.430e-13	9.094e-13	2.545e-12	4.488e-12
2	10	2	6	1.828e-17	3.188e-16	2.233e-15	4.027e-14	1.944e-13	5.195e-13	1.645e-12	3.970e-12	6.405e-12
2	10	0	14	4.255e-18	6.422e-17	4.299e-16	8.035e-15	4.231e-14	1.230e-13	4.467e-13	1.236e-12	2.179e-12
2	10	2	8	1.997e-15	2.038e-14	9.648e-14	9.226e-13	3.048e-12	6.326e-12	1.462e-11	2.728e-11	3.800e-11
2	10	3	0	4.395e-22	9.495e-21	1.021e-19	6.026e-18	7.929e-17	4.665e-16	4.545e-15	3.078e-14	9.372e-14
2	10	1	12	2.619e-15	2.308e-14	1.010e-13	8.964e-13	2.921e-12	6.088e-12	1.435e-11	2.754e-11	3.918e-11
2	10	3	2	1.198e-20	1.936e-19	1.694e-18	7.244e-17	7.914e-16	4.126e-15	3.467e-14	2.087e-13	5.947e-13
2	10	3	4	1.035e-18	7.330e-18	3.706e-17	7.203e-16	5.210e-15	2.116e-14	1.339e-13	6.544e-13	1.671e-12
2	10	0	16	1.508e-18	1.152e-17	5.638e-17	8.861e-16	5.133e-15	1.729e-14	8.282e-14	3.106e-13	6.720e-13
3	6	0	0	2.293e-24	5.157e-24	1.945e-23	6.310e-22	1.117e-20	1.053e-19	2.512e-18	4.566e-17	2.708e-16
3	6	0	2	1.313e-23	3.441e-23	1.395e-22	4.732e-21	8.241e-20	7.547e-19	1.703e-17	2.908e-16	1.653e-15
3	6	0	4	2.875e-23	1.093e-22	5.275e-22	1.995e-20	3.342e-19	2.855e-18	5.623e-17	8.251e-16	4.232e-15
3	6	0	6	1.597e-22	5.991e-22	2.726e-21	8.561e-20	1.216e-18	9.097e-18	1.481e-16	1.822e-15	8.376e-15
3	6	0	8	3.348e-23	5.307e-22	5.221e-21	3.428e-19	5.577e-18	4.022e-17	5.417e-16	5.066e-15	1.898e-14
3	6	1	0	4.296e-24	1.137e-22	1.445e-21	1.161e-19	1.878e-18	1.278e-17	1.509e-16	1.206e-15	4.049e-15
3	6	1	2	1.740e-23	5.951e-22	8.533e-21	7.371e-19	1.157e-17	7.489e-17	8.024e-16	5.757e-15	1.797e-14
3	6	1	4	6.406e-23	2.741e-21	4.268e-20	3.637e-18	5.187e-17	3.038e-16	2.755e-15	1.668e-14	4.658e-14
3	6	0	10	3.406e-23	1.171e-21	1.685e-20	1.462e-18	2.299e-17	1.491e-16	1.599e-15	1.148e-14	3.583e-14
3	6	1	6	7.127e-22	2.392e-20	3.101e-19	1.945e-17	2.296e-16	1.183e-15	9.115e-15	4.818e-14	1.245e-13
3	6	1	8	4.199e-21	1.555e-19	2.005e-18	1.084e-16	1.076e-15	4.774e-15	2.934e-14	1.248e-13	2.810e-13
3	6	2	0	2.186e-21	7.420e-20	8.710e-19	3.824e-17	3.245e-16	1.278e-15	6.674e-15	2.452e-14	5.054e-14
3	6	0	12	1.790e-22	5.019e-21	6.245e-20	4.315e-18	5.948e-17	3.539e-16	3.418e-15	2.256e-14	6.720e-14
3	6	2	2	2.363e-20	7.532e-19	8.403e-18	3.369e-16	2.694e-15	1.018e-14	5.034e-14	1.766e-13	3.541e-13
3	6	2	4	1.892e-19	4.917e-18	4.713e-17	1.471e-15	1.009e-14	3.441e-14	1.494e-13	4.709e-13	8.879e-13
3	6	1	10	9.127e-20	1.826e-18	1.562e-17	4.667e-16	3.393e-15	1.245e-14	6.162e-14	2.233e-13	4.622e-13
3	6	2	6	3.310e-18	5.951e-17	4.388e-16	9.068e-15	4.902e-14	1.431e-13	5.136e-13	1.390e-12	2.406e-12
3	6	0	14	1.341e-21	9.678e-21	6.057e-20	2.385e-18	3.263e-17	2.216e-16	2.947e-15	2.872e-14	1.125e-13
3	6	2	8	1.330e-16	1.472e-15	7.586e-15	8.710e-14	3.299e-13	7.586e-13	2.018e-12	4.270e-12	6.417e-12
3	6	3	0	5.661e-17	6.819e-16	3.687e-15	4.467e-14	1.722e-13	3.981e-13	1.059e-12	2.228e-12	3.330e-12
3	6	1	12	9.568e-19	4.570e-18	1.945e-17	3.528e-16	2.775e-15	1.256e-14	9.647e-14	5.798e-13	1.700e-12
3	6	3	2	1.995e-15	1.854e-14	8.275e-14	7.328e-13	2.338e-12	4.762e-12	1.081e-11	1.995e-11	2.767e-11
3	6	3	4	8.007e-14	4.655e-13	1.491e-12	7.852e-12	1.857e-11	3.114e-11	5.575e-11	8.516e-11	1.062e-10
3	6	0	16	2.034e-22	1.519e-21	1.026e-20	5.012e-19	8.241e-18	6.473e-17	1.059e-15	1.249e-14	5.506e-14
3	6	2	10	1.705e-14	1.798e-14	2.544e-14	7.807e-14	2.130e-13	4.774e-13	1.529e-12	4.504e-12	8.796e-12
3	7	0	1	5.377e-24	8.798e-24	2.929e-23	9.441e-22	1.871e-20	1.995e-19	5.872e-18	1.325e-16	9.060e-16
3	7	0	3	1.427e-23	3.241e-23	1.259e-22	4.467e-21	8.551e-20	8.577e-19	2.239e-17	4.420e-16	2.759e-15
3	7	0	5	2.832e-23	1.075e-22	5.275e-22	2.113e-20	3.732e-19	3.328e-18	6.978e-17	1.085e-15	5.771e-15
3	7	0	7	3.067e-22	1.195e-21	5.552e-21	1.778e-19	2.535e-18	1.896e-17	3.073e-16	3.753e-15	1.717e-14
3	7	1	1	5.246e-24	1.423e-22	1.896e-21	1.728e-19	3.105e-18	2.297e-17	3.051e-16	2.716e-15	9.745e-15
3	7	1	3	2.241e-23	7.783e-22	1.142e-20	1.047e-18	1.725e-17	1.160e-16	1.311e-15	9.871e-15	3.174e-14
3	7	0	9	4.993e-23	1.186e-21	1.409e-20	1.035e-18	1.605e-17	1.069e-16	1.234e-15	9.726e-15	3.247e-14
3	7	1	5	1.045e-22	4.556e-21	7.156e-20	6.124e-18	8.703e-17	5.074e-16	4.563e-15	2.736e-14	7.596e-14
3	7	0	11	2.619e-22	9.973e-21	1.405e-19	9.897e-18	1.239e-16	6.610e-16	5.295e-15	2.877e-14	7.537e-14
3	7	1	7	2.716e-21	8.207e-20	9.787e-19	5.291e-17	5.668e-16	2.729e-15	1.926e-14	9.444e-14	2.335e-13
3	7	2	1	4.058e-21	1.299e-19	1.521e-18	7.161e-17	6.619e-16	2.811e-15	1.645e-14	6.752e-14	1.492e-13
3	7	2	3	3.162e-20	9.253e-19	9.949e-18	3.936e-16	3.209e-15	1.243e-14	6.419e-14	2.359e-13	4.879e-13
3	7	1	9	4.167e-20	1.194e-18	1.278e-17	5.129e-16	4.270e-15	1.685e-14	8.964e-14	3.390e-13	7.143e-13
3	7	0	13	5.060e-21	1.220e-19	1.210e-18	4.680e-17	4.019e-16	1.656e-15	9.524e-15	3.920e-14	8.739e-14
3	7	2	5	3.432e-19	8.085e-18	7.282e-17	2.089e-15	1.378e-14	4.594e-14	1.950e-13	6.055e-13	1.134e-12
3	7	1	11	2.531e-18	4.550e-17	3.415e-16	7.499e-15	4.285e-14	1.308e-13	5.012e-13	1.441e-12	2.590e-12
3	7	2	7	1.223e-17	2.025e-16	1.402e-15	2.600e-14	1.313e-13	3.659e-13	1.237e-12	3.185e-12	5.355e-12
3	7	3	1	3.928e-17	5.067e-16	2.944e-15	4.169e-14	1.806e-13	4.559e-13	1.369e-12	3.206e-12	5.114e-12
3	7	0	15	1.017e-20	1.570e-19	1.285e-18	4.650e-17	4.438e-16	2.084e-15	1.511e-14	7.955e-14	2.088e-13
3	7	3	3	8.283e-16	8.052e-15	3.763e-14	3.673e-13	1.259e-12	2.705e-12	6.607e-12	1.302e-11	1.878e-11
3	7	2	9	1.358e-15	1.240e-14	5.652e-14	5.495e-13	1.921e-12	4.222e-12	1.072e-11	2.197e-11	3.254e-11
3	7	1	13	6.783e-18	6.008e-17	3.051e-16	4.480e-15	2.308e-14	6.963e-14	2.804e-13	8.860e-13	1.717e-12
3	7	3	5	4.844e-14	2.801e-13	9.097e-13	5.070e-12	1.265e-11	2.216e-11	4.229e-11	6.859e-11	8.879e-11
3	8	0	0	7.488e-25	1.073e-24	3.415e-24	1.122e-22	2.377e-21	2.712e-20	8.913e-19	2.249e-17	1.653e-16
3	8	0	2	5.002e-24	7.656e-24	2.512e-23	8.414e-22	1.770e-20	1.995e-19	6.401e-18	1.573e-16	1.135e-15
3	8	0	4	1.298e-23	2.642e-23	9.747e-23	3.350e-21	6.486e-20	6.641e-19	1.804e-17	3.725e-16	2.397e-15
3	8	0	6	2.675e-23	9.508e-23	4.524e-22	1.778e-20	3.162e-19	2.855e-18	6.131e-17	9.793e-16	5.303e-15
3	8	0	8	3.304e-22	1.149e-21	4.986e-21	1.471e-19	2.029e-18	1.494e-17	2.395e-16	2.918e-15	1.336e-14
3	8	1	0	7.474e-25	1.532e-23	1.838e-22	1.698e-20	3.429e-19	2.869e-18	4.677e-17	5.135e-16	2.113e-15
3	8	1	2	5.575e-24	1.362e-22	1.747e-21	1.603e-19	3.014e-18	2.338e-17	3.359e-16	3.240e-15	1.225e-14
3	8	1	4	1.999e-23	6.431e-22	9.120e-21	8.222e-19	1.373e-17	9.404e-17	1.100e-15	8.594e-15	2.833e-14
3	8	0	10	4.128e-23	1.154e-21	1.498e-20	1.202e-18	1.902e-17	1.265e-16	1.437e-15	1.104e-14	3.610e-14
3	8	1	6	7.705e-23	3.339e-21	5.243e-20	4.516e-18	6.472e-17	3.801e-16	3.457e-15	2.096e-14	5.858e-14
3	8	1	8	2.310e-21	7.491e-20	9.233e-19	5.090e-17	5.409e-16	2.568e-15	1.765e-14	8.402e-14	2.036e-13
3	8	2	0	1.800e-22	7.709e-21	1.102e-19	6.998e-18	7.628e-17	3.594e-16	2.378e-15	1.073e-14	2.498e-14
3	8	0	12	3.847e-22	1.538e-20	2.226e-19	1.614e-17	2.038e-16	1.089e-15	8.700e-15	4.700e-14	1.226e-13
3	8	2	2	1.697e-21	6.998e-20	9.599e-19	5.559e-17	5.649e-16	2.525e-15	1.553e-14	6.564e-14	1.469e-13
3	8	2	4	1.506e-20	5.250e-19	6.277e-18	2.835e-16	2.443e-15	9.722e-15	5.136e-14	1.905e-13	3.946e-13
3	8	1	10	4.843e-20	1.519e-18	1.694e-17	6.918e-16	5.660e-15	2.182e-14	1.112e-13	4.019e-13	8.213e-13
3	8	2	6	2.580e-19	7.152e-18	7.061e-17	2.239e-15	1.522e-14	5.116e-14	2.163e-13	6.620e-13	1.224e-12
3	8	0	14	1.763e-20	4.513e-19	4.594e-18	1.799e-16	1.528e-15	6.198e-15	3.467e-14	1.385e-13	3.027e-13
3	8	2	8	1.008e-17	1.887e-16	1.387e-15	2.692e-14	1.353e-13	3.706e-13	1.209e-12	2.986e-12	4.877e-12
3	8	3	0	6.406e-19	1.342e-17	1.096e-16	2.630e-15	1.539e-14	4.713e-14	1.789e-13	5.044e-13	8.925e-13
3	8	1	12	4.743e-18	8.774e-17	6.641e-16	1.445e-14	8.106e-14	2.430e-13	9.042e-13	2.525e-12	4.454e-12
3	8	3	2	1.293e-17	2.262e-16	1.593e-15	2.917e-14	1.427e-13	3.851e-13	1.237e-12	3.026e-12	4.921e-12
3	8	3	4	3.266e-16	4.262e-15	2.387e-14	2.934e-13	1.113e-12	2.518e-12	6.447e-12	1.301e-11	1.892e-11
3	8	0	16	7.460e-21	1.005e-19	7.586e-19	2.483e-17	2.274e-16	1.047e-15	7.477e-15	3.915e-14	1.028e-13
3	8	2	10	2.120e-15	1.977e-14	8.958e-14	8.318e-13	2.767e-12	5.828e-12	1.388e-11	2.680e-11	3.822e-11
3	8	3	6	1.833e-14	1.384e-13	5.289e-13	3.610e-12	9.808e-12	1.792e-11	3.543e-11	5.833e-11	7.572e-11
