       6          41
   0.00000   0.23026   0.46052   0.69078   0.92103   1.15129   1.38155   1.61181   1.84207   2.07233   2.30259   2.53284   2.76310   2.99336   3.22362   3.45388   3.68414   3.91439   4.14465   4.37491   4.60517   4.83543   5.06569   5.29595   5.52620   5.75646   5.98672   6.21698   6.44724   6.67750   6.90776   8.05905   9.21034  10.36163  11.51293  12.66422  13.81551  14.96680  16.11810  17.26939  18.42068
   1   0  -0.22652  -0.15695  -0.10145  -0.05979  -0.03029  -0.01218  -0.00431  -0.00618  -0.01693  -0.03605  -0.06309  -0.09742  -0.13871  -0.18639  -0.23995  -0.29910  -0.36334  -0.43239  -0.50588  -0.58321  -0.66410  -0.74849  -0.83593  -0.92605  -1.01870  -1.11361  -1.21060  -1.30961  -1.41030  -1.51241  -1.61580  -2.14921  -2.70083  -3.26281  -3.83125  -4.40257  -4.97536  -5.55000  -6.12519  -6.70006  -7.27506
   2   0  -0.06763   0.13499   0.31778   0.48450   0.63349   0.76541   0.88104   0.98078   1.06519   1.13487   1.19032   1.23224   1.26134   1.27846   1.28433   1.27937   1.26456   1.24060   1.20806   1.16772   1.12029   1.06623   1.00624   0.94073   0.87018   0.79528   0.71630   0.63333   0.54698   0.45779   0.36603  -0.12514  -0.65258  -1.20099  -1.76115  -2.32831  -2.89907  -3.47178  -4.04592  -4.62080  -5.19604
   2   1  -0.15466  -0.17766  -0.21772  -0.27546  -0.35018  -0.44153  -0.54945  -0.67352  -0.81324  -0.96857  -1.13809  -1.32212  -1.51965  -1.72968  -1.95140  -2.18440  -2.42757  -2.68014  -2.94156  -3.21118  -3.48812  -3.77175  -4.06143  -4.35690  -4.65765  -4.96282  -5.27196  -5.58483  -5.90097  -6.22007  -6.54200  -8.18479  -9.86311 -11.56269 -13.27399 -14.99264 -16.71479 -18.43880 -20.16418 -21.89025 -23.61664
   3   0   0.06015   0.27699   0.48406   0.67912   0.86325   1.03624   1.19706   1.34526   1.48019   1.60162   1.70910   1.80234   1.88172   1.94694   1.99862   2.03727   2.06338   2.07754   2.08044   2.07282   2.05558   2.02911   1.99415   1.95148   1.90177   1.84563   1.78364   1.71611   1.64379   1.56725   1.48670   1.03677   0.53298  -0.00228  -0.55472  -1.11739  -1.68578  -2.25738  -2.83050  -3.40487  -3.97977
   3   1   0.09348   0.21080   0.30365   0.37372   0.41985   0.44284   0.44285   0.42036   0.37542   0.30917   0.22234   0.11533  -0.01082  -0.15516  -0.31665  -0.49428  -0.68700  -0.89385  -1.11376  -1.34569  -1.58838  -1.84121  -2.10322  -2.37350  -2.65132  -2.93605  -3.22703  -3.52391  -3.82582  -4.13208  -4.44235  -6.04198  -7.69719  -9.38282 -11.08698 -12.80079 -14.52033 -16.24310 -17.96756 -19.69335 -21.41962
   3   2  -0.27102  -0.38295  -0.51936  -0.67964  -0.86427  -1.07260  -1.30476  -1.55985  -1.83749  -2.13722  -2.45772  -2.79776  -3.15821  -3.53496  -3.92975  -4.34041  -4.76554  -5.20443  -5.65638  -6.12034  -6.59458  -7.07819  -7.57086  -8.07211  -8.58081  -9.09619  -9.61773 -10.14520 -10.67770 -11.21451 -11.75525 -14.50646 -17.31311 -20.14968 -23.00521 -25.87019 -28.74150 -31.61569 -34.49134 -37.36841 -40.24596
   4   0   0.16467   0.38226   0.59282   0.79533   0.99138   1.17975   1.35972   1.53081   1.69208   1.84277   1.98174   2.10849   2.22229   2.32228   2.40859   2.48156   2.54131   2.58755   2.62059   2.64154   2.65098   2.64907   2.63693   2.61540   2.58516   2.54696   2.50133   2.44855   2.38948   2.32475   2.25495   1.84540   1.36464   0.84352   0.29792  -0.25991  -0.82595  -1.39622  -1.96866  -2.54251  -3.11728
   4   1   0.21994   0.38456   0.53038   0.65757   0.76569   0.85290   0.91849   0.96237   0.98349   0.98219   0.95816   0.91167   0.84320   0.75438   0.64467   0.51497   0.36725   0.20225   0.02067  -0.17603  -0.38668  -0.61057  -0.84620  -1.09246  -1.34859  -1.61384  -1.88719  -2.16787  -2.45509  -2.74842  -3.04732  -4.60526  -6.23682  -7.90892  -9.60556 -11.31491 -13.03188 -14.75370 -16.47739 -18.20247 -19.92853
   4   2   0.12310   0.15597   0.15857   0.12935   0.07003  -0.02062  -0.14224  -0.29354  -0.47460  -0.68391  -0.92086  -1.18442  -1.47343  -1.78531  -2.11958  -2.47584  -2.85147  -3.24525  -3.65599  -4.08142  -4.52200  -4.97836  -5.44471  -5.91471  -6.40295  -6.93485  -7.47252  -7.97118  -8.45027  -8.94513  -9.46828 -12.19418 -14.97741 -17.80083 -20.64820 -23.50866 -26.37733 -29.25056 -32.12549 -35.00187 -37.87926
   4   3  -0.50517  -0.70153  -0.92907  -1.18775  -1.47725  -1.79814  -2.14990  -2.53144  -2.94300  -3.38291  -3.85038  -4.34454  -4.86420  -5.40622  -5.97106  -6.55803  -7.16385  -7.78757  -8.42861  -9.08514  -9.75593 -10.44032 -11.13653 -11.84318 -12.55954 -13.28520 -14.01915 -14.76046 -15.50822 -16.26196 -17.02109 -20.88133 -24.81606 -28.79106 -32.79011 -36.80079 -40.82180 -44.84577 -48.87212 -52.89992 -56.92862
   5   0   0.25464   0.46907   0.67874   0.88330   1.08256   1.27639   1.46443   1.64619   1.82112   1.98842   2.14699   2.29537   2.43227   2.55739   2.67016   2.76968   2.85565   2.92789   2.98672   3.03224   3.06492   3.08564   3.09480   3.09267   3.08032   3.05867   3.02829   2.98954   2.94331   2.89039   2.83131   2.46009   2.00306   1.49523   0.95784   0.40373  -0.15978  -0.72856  -1.30011  -1.87306  -2.44728
   5   1   0.31189   0.47509   0.67010   0.83859   0.97762   1.09315   1.19021   1.27168   1.33699   1.38456   1.41211   1.41651   1.39571   1.35141   1.28510   1.19750   1.08949   0.96174   0.81536   0.65108   0.47008   0.27397   0.06376  -0.15975  -0.39515  -0.64122  -0.89718  -1.16248  -1.43604  -1.71690  -2.00441  -3.52192  -5.12894  -6.78787  -8.47598 -10.18101 -11.89601 -13.61655 -15.33969 -17.06411 -18.78974
   5   2   0.30232   0.40382   0.47678   0.52256   0.54100   0.53045   0.48808   0.41227   0.30523   0.16856   0.00263  -0.19338  -0.41986  -0.67447  -0.95544  -1.26175  -1.59148  -1.94279  -2.31421  -2.70486  -3.11336  -3.53780  -3.97690  -4.42965  -4.89455  -5.37031  -5.85612  -6.35136  -6.85496  -7.36592  -7.88358 -10.55210 -13.31010 -16.12018 -18.95991 -21.81575 -24.68183 -27.55403 -30.42875 -33.30469 -36.18182
   5   3   0.03633  -0.01398  -0.10024  -0.22580  -0.38959  -0.59118  -0.83168  -1.11130  -1.42685  -1.77598  -2.15767  -2.57228  -3.01977  -3.49738  -4.00297  -4.53520  -5.09171  -5.67030  -6.26948  -6.88847  -7.52585  -8.17956  -8.84816  -9.53053 -10.22514 -10.93070 -11.64641 -12.37166 -13.10533 -13.84643 -14.59426 -18.41381 -22.32283 -26.28400 -30.27507 -34.28228 -38.29955 -42.32288 -46.34898 -50.37644 -54.40520
   5   4  -0.81441  -1.09359  -1.41009  -1.76576  -2.15946  -2.59090  -3.06128  -3.57091  -4.11658  -4.69590  -5.30785  -5.95275  -6.63056  -7.33849  -8.07439  -8.83690  -9.62368 -10.43250 -11.26190 -12.11109 -12.97868 -13.86260 -14.76142 -15.67403 -16.59889 -17.53474 -18.48075 -19.43631 -20.40031 -21.37174 -22.34988 -27.32069 -32.38088 -37.49331 -42.63570 -47.79433 -52.96275 -58.13713 -63.31464 -68.49373 -73.67426
   6   0   0.33289   0.52211   0.75929   0.94875   1.15431   1.35299   1.54379   1.72929   1.91105   2.08813   2.25863   2.42064   2.57356   2.71659   2.84865   2.96834   3.07505   3.16895   3.24974   3.31643   3.36974   3.41038   3.43851   3.45442   3.45883   3.45257   3.43658   3.41128   3.37731   3.33542   3.28641   2.95434   2.51982   2.02481   1.49507   0.94522   0.38444  -0.18314  -0.75452  -1.32736  -1.90149
   6   1   0.38730   0.55762   0.76776   0.92538   1.09039   1.23913   1.36995   1.48406   1.58138   1.66122   1.72152   1.75967   1.77581   1.76954   1.74087   1.68972   1.61684   1.52250   1.40760   1.27345   1.12056   0.95026   0.76371   0.56207   0.34675   0.11892  -0.12034  -0.37051  -0.63039  -0.89890  -1.17538  -2.65198  -4.23545  -5.88055  -7.56129  -9.26221 -10.97455 -12.69341 -14.41577 -16.13989 -17.86553
   6   2   0.41277   0.53415   0.67023   0.75390   0.82612   0.86889   0.88149   0.86424   0.81604   0.73773   0.62861   0.48685   0.31399   0.11071  -0.12175  -0.38223  -0.66860  -0.98081  -1.31692  -1.67364  -2.05141  -2.44780  -2.86119  -3.29043  -3.73446  -4.19169  -4.65982  -5.13823  -5.63100  -6.13684  -6.64560  -9.26012 -11.99485 -14.79194 -17.62365 -20.47584 -23.33935 -26.20890 -29.09240 -31.97940 -34.84985
   6   3   0.28968   0.31768   0.32034   0.28500   0.20255   0.04530  -0.13064  -0.25528  -0.29427  -0.36198  -0.61304  -1.14306  -1.77044  -2.27225  -2.67979  -3.14688  -3.66352  -4.19829  -4.76018  -5.34261  -5.94760  -6.57180  -7.21347  -7.87141  -8.54417  -9.23032  -9.92838 -10.63756 -11.35680 -12.08507 -12.82144 -16.59955 -20.48403 -24.43224 -28.41530 -32.41886 -36.43346 -40.45520 -44.48016 -48.50674 -52.53495
   6   4  -0.13674  -0.25554  -0.44823  -0.66146  -0.93181  -1.24713  -1.60422  -2.00462  -2.45108  -2.94013  -3.46958  -4.03923  -4.64607  -5.28848  -5.96430  -6.67146  -7.40637  -8.17107  -8.95959  -9.77598 -10.60793 -11.38766 -12.22891 -13.18149 -14.13786 -15.05382 -15.96503 -16.90156 -17.85415 -18.81234 -19.77797 -24.70780 -29.74328 -34.84288 -39.97710 -45.13230 -50.29779 -55.47095 -60.64736 -65.82495 -71.00174
   6   5  -1.17344  -1.61566  -2.08765  -2.31105  -2.90018  -3.48781  -4.05627  -4.65053  -5.30722  -6.02723  -6.80701  -7.63665  -8.46397  -9.24795 -10.18568 -11.40699 -11.69600 -12.42735 -14.30619 -15.13553 -16.24197 -17.34406 -18.42565 -19.54495 -20.68338 -21.82974 -22.98619 -24.15519 -25.33492 -26.52345 -27.72018 -33.80093 -39.98789 -46.23911 -52.52429 -58.83052 -65.14736 -71.47150 -77.80683 -84.14626 -90.47630
