 1  1 1 0  1.360e+01  4.298e-01  5.475e+04  3.288e+01  2.963e+00  0.000e+00
 2  1 1 0  5.442e+01  1.720e+00  1.369e+04  3.288e+01  2.963e+00  0.000e+00
 2  2 1 0  2.459e+01  5.996e+00  4.470e+03  2.199e+00  6.098e+00  0.000e+00
 3  1 1 0  1.225e+02  3.871e+00  6.083e+03  3.288e+01  2.963e+00  0.000e+00
 3  2 1 0  7.564e+01  2.006e+01  3.201e+02  7.391e+00  2.916e+00  0.000e+00
 3  3 2 0  5.392e+00  3.466e+00  4.774e+01  2.035e+01  4.423e+00  0.000e+00
 4  1 1 0  2.177e+02  6.879e+00  3.422e+03  3.288e+01  2.963e+00  0.000e+00
 4  2 1 0  1.539e+02  1.760e+01  5.458e+02  1.719e+01  3.157e+00  0.000e+00
 4  3 2 0  1.821e+01  6.685e+00  4.904e+01  3.419e+01  3.738e+00  0.000e+00
 4  4 2 0  9.323e+00  3.427e+00  1.423e+03  2.708e+00  1.064e+01  0.000e+00
 5  1 1 0  3.402e+02  1.075e+01  2.190e+03  3.288e+01  2.963e+00  0.000e+00
 5  2 1 0  2.594e+02  3.336e+01  2.846e+02  2.163e+01  2.624e+00  0.000e+00
 5  3 2 0  3.793e+01  1.054e+01  4.273e+01  4.433e+01  3.501e+00  0.000e+00
 5  4 2 0  2.516e+01  2.403e+00  1.530e+02  9.203e+00  9.374e+00  0.000e+00
 5  5 2 1  8.298e+00  6.658e+00  3.643e+02  9.500e+00  5.469e+00  5.608e-01
 6  1 1 0  4.900e+02  1.548e+01  1.521e+03  3.288e+01  2.963e+00  0.000e+00
 6  2 1 0  3.921e+02  4.624e+01  2.344e+02  2.183e+01  2.581e+00  0.000e+00
 6  3 2 0  6.449e+01  7.843e+00  7.109e+01  2.828e+01  4.754e+00  0.000e+00
 6  4 2 0  4.789e+01  3.942e+00  1.219e+02  1.499e+01  7.489e+00  0.000e+00
 6  5 2 1  2.438e+01  1.094e+01  1.792e+02  3.308e+01  4.150e+00  5.276e-01
 6  6 2 1  1.126e+01  9.435e+00  1.152e+03  5.687e+00  6.336e+00  4.474e-01
 7  1 1 0  6.671e+02  2.108e+01  1.117e+03  3.288e+01  2.963e+00  0.000e+00
 7  2 1 0  5.521e+02  6.943e+01  1.519e+02  2.627e+01  2.315e+00  0.000e+00
 7  3 2 0  9.789e+01  1.862e+01  3.447e+01  4.231e+01  3.606e+00  0.000e+00
 7  4 2 0  7.747e+01  6.225e+00  1.110e+02  1.733e+01  6.719e+00  0.000e+00
 7  5 2 1  4.745e+01  1.925e+01  9.400e+01  1.152e+02  3.194e+00  5.496e-01
 7  6 2 1  2.960e+01  1.827e+01  1.724e+02  8.893e+01  3.348e+00  4.209e-01
 7  7 2 1  1.453e+01  1.164e+01  1.029e+04  2.361e+00  8.821e+00  4.239e-01
 8  1 1 0  8.714e+02  2.754e+01  8.554e+02  3.288e+01  2.963e+00  0.000e+00
 8  2 1 0  7.393e+02  8.709e+01  1.329e+02  2.535e+01  2.336e+00  0.000e+00
 8  3 2 0  1.381e+02  9.141e+00  6.896e+01  3.896e+01  4.943e+00  0.000e+00
 8  4 2 0  1.139e+02  8.467e+00  9.641e+01  2.287e+01  6.061e+00  0.000e+00
 8  5 2 1  7.741e+01  1.937e+01  1.619e+02  7.312e+01  3.648e+00  3.760e-02
 8  6 2 1  5.494e+01  2.067e+01  2.318e+02  7.136e+01  3.618e+00  5.538e-02
 8  7 2 1  3.512e+01  1.745e+01  5.186e+02  1.728e+01  4.995e+00  2.182e-02
 8  8 2 1  1.362e+01  1.391e+01  1.220e+05  1.364e+00  1.140e+01  4.103e-01
 9  1 1 0  1.103e+03  3.485e+01  6.759e+02  3.288e+01  2.963e+00  0.000e+00
 9  2 1 0  9.539e+02  1.131e+02  1.039e+02  2.657e+01  2.255e+00  0.000e+00
 9  3 2 0  1.852e+02  6.423e+00  8.497e+01  6.075e+01  5.214e+00  0.000e+00
 9  4 2 0  1.572e+02  1.146e+01  8.453e+01  2.457e+01  5.771e+00  0.000e+00
 9  5 2 1  1.142e+02  2.528e+01  1.419e+02  7.089e+01  3.628e+00  3.418e-01
 9  6 2 1  8.714e+01  2.292e+01  3.005e+02  5.000e+01  4.000e+00  3.000e-01
 9  7 2 1  6.271e+01  2.744e+01  2.458e+02  7.329e+01  3.596e+00  1.390e-01
 9  8 2 1  3.497e+01  2.658e+01  2.649e+02  5.000e+01  4.000e+00  3.000e-01
 9  9 2 1  1.742e+01  1.658e+01  2.775e+05  1.242e+00  1.249e+01  3.857e-01
10  1 1 0  1.362e+03  4.304e+01  5.475e+02  3.288e+01  2.963e+00  0.000e+00
10  2 1 0  1.196e+03  1.586e+02  6.695e+01  3.352e+01  2.002e+00  0.000e+00
10  3 2 0  2.391e+02  2.859e+01  2.897e+01  3.836e+01  3.992e+00  0.000e+00
10  4 2 0  2.073e+02  2.822e+01  4.978e+01  2.600e+01  4.500e+00  0.000e+00
10  5 2 1  1.579e+02  2.740e+01  1.717e+02  6.423e+01  3.819e+00  1.680e-01
10  6 2 1  1.262e+02  3.316e+01  1.962e+02  7.397e+01  3.563e+00  2.895e-01
10  7 2 1  9.712e+01  3.494e+01  2.214e+02  7.203e+01  3.563e+00  2.573e-01
10  8 2 1  6.346e+01  3.485e+01  2.451e+02  6.937e+01  3.645e+00  2.042e-01
10  9 2 1  4.096e+01  3.428e+01  2.766e+02  4.179e+01  4.029e+00  3.052e-01
10 10 2 1  2.156e+01  2.000e+01  1.691e+04  2.442e+00  1.043e+01  3.345e-01
11  1 1 0  1.649e+03  5.211e+01  4.525e+02  3.288e+01  2.963e+00  0.000e+00
11  2 1 0  1.465e+03  2.268e+02  3.995e+01  5.315e+01  1.678e+00  0.000e+00
11  3 2 0  2.999e+02  1.758e+01  4.531e+01  4.549e+01  4.689e+00  0.000e+00
11  4 2 0  2.642e+02  2.097e+01  6.127e+01  2.644e+01  5.246e+00  0.000e+00
11  5 2 1  2.085e+02  3.552e+01  1.374e+02  7.062e+01  3.675e+00  1.613e-01
11  6 2 1  1.722e+02  4.212e+01  1.650e+02  9.649e+01  3.367e+00  2.182e-01
11  7 2 1  1.384e+02  3.523e+01  3.028e+02  5.000e+01  4.000e+00  3.000e-01
11  8 2 1  9.892e+01  4.314e+01  2.232e+02  8.352e+01  3.511e+00  1.644e-01
11  9 2 1  7.162e+01  3.957e+01  2.748e+02  5.000e+01  4.000e+00  3.000e-01
11 10 2 1  4.729e+01  3.911e+01  3.551e+02  2.257e+01  4.643e+00  2.900e-01
11 11 3 0  5.139e+00  5.968e+00  1.460e+00  2.557e+07  3.789e+00  0.000e+00
12  1 1 0  1.963e+03  6.203e+01  3.802e+02  3.288e+01  2.963e+00  0.000e+00
12  2 1 0  1.762e+03  2.042e+02  6.140e+01  2.778e+01  2.161e+00  0.000e+00
12  3 2 0  3.675e+02  4.041e+01  2.228e+01  3.904e+01  3.986e+00  0.000e+00
12  4 2 0  3.282e+02  3.981e+01  3.936e+01  2.600e+01  4.500e+00  0.000e+00
12  5 2 1  2.660e+02  2.461e+01  3.546e+02  6.160e+01  4.366e+00  6.452e-03
12  6 2 1  2.249e+02  4.016e+01  2.442e+02  5.000e+01  4.000e+00  3.000e-01
12  7 2 1  1.865e+02  4.155e+01  2.901e+02  5.000e+01  4.000e+00  3.000e-01
12  8 2 1  1.413e+02  5.114e+01  2.134e+02  9.563e+01  3.438e+00  5.419e-03
12  9 2 1  1.093e+02  5.137e+01  2.223e+02  9.301e+01  3.513e+00  5.276e-03
12 10 2 1  8.014e+01  5.319e+01  2.104e+02  7.813e+01  3.630e+00  2.851e-01
12 11 3 0  1.504e+01  8.139e+00  3.278e+00  4.341e+07  3.610e+00  0.000e+00
12 12 3 0  7.646e+00  9.393e+00  3.034e+00  2.625e+07  3.923e+00  0.000e+00
13  1 1 0  2.304e+03  7.281e+01  3.239e+02  3.288e+01  2.963e+00  0.000e+00
13  2 1 0  2.086e+03  2.738e+02  4.036e+01  3.567e+01  1.915e+00  0.000e+00
13  3 2 0  4.421e+02  4.434e+01  2.098e+01  3.913e+01  4.062e+00  0.000e+00
13  4 2 0  3.994e+02  4.639e+01  3.516e+01  2.600e+01  4.500e+00  0.000e+00
13  5 2 1  3.301e+02  4.084e+01  1.706e+02  6.480e+01  3.927e+00  1.386e-01
13  6 2 1  2.846e+02  4.719e+01  2.229e+02  5.000e+01  4.000e+00  3.000e-01
13  7 2 1  2.414e+02  5.746e+01  1.941e+02  8.747e+01  3.460e+00  1.206e-01
13  8 2 1  1.905e+02  5.032e+01  2.888e+02  5.000e+01  4.000e+00  3.000e-01
13  9 2 1  1.538e+02  6.049e+01  2.132e+02  8.633e+01  3.522e+00  1.041e-01
13 10 2 1  1.200e+02  6.033e+01  2.186e+02  8.353e+01  3.609e+00  9.152e-02
13 11 3 0  2.845e+01  1.027e+01  4.915e+00  1.990e+06  3.477e+00  0.000e+00
13 12 3 0  1.883e+01  1.012e+01  6.324e+00  2.195e+02  4.481e+00  0.000e+00
13 13 3 1  5.986e+00  1.860e+01  1.828e+02  2.797e+00  1.084e+01  3.076e-01
14  1 1 0  2.673e+03  8.447e+01  2.793e+02  3.288e+01  2.963e+00  0.000e+00
14  2 1 0  2.438e+03  2.752e+02  4.754e+01  2.848e+01  2.135e+00  0.000e+00
14  3 2 0  5.235e+02  4.847e+01  1.966e+01  3.851e+01  4.148e+00  0.000e+00
14  4 2 0  4.761e+02  5.350e+01  3.155e+01  2.600e+01  4.500e+00  0.000e+00
14  5 2 1  4.014e+02  3.950e+01  2.223e+02  6.521e+01  4.118e+00  4.760e-05
14  6 2 1  3.511e+02  5.486e+01  2.031e+02  5.000e+01  4.000e+00  3.000e-01
14  7 2 1  3.032e+02  5.911e+01  2.326e+02  6.806e+01  3.718e+00  2.813e-05
14  8 2 1  2.465e+02  5.786e+01  2.777e+02  5.000e+01  4.000e+00  3.000e-01
14  9 2 1  2.051e+02  6.007e+01  2.789e+02  5.000e+01  4.000e+00  3.000e-01
14 10 2 1  1.668e+02  7.021e+01  2.109e+02  8.199e+01  3.588e+00  6.329e-05
14 11 3 0  4.514e+01  1.288e+01  6.083e+00  1.356e+06  3.353e+00  0.000e+00
14 12 3 0  3.349e+01  1.182e+01  8.666e+00  3.532e+02  4.208e+00  0.000e+00
14 13 3 1  1.635e+01  2.123e+01  6.975e+01  4.907e+00  9.525e+00  3.169e-01
14 14 3 1  8.152e+00  2.212e+01  1.845e+02  3.849e+00  9.721e+00  2.921e-01
15  1 1 0  3.070e+03  9.701e+01  2.433e+02  3.288e+01  2.963e+00  0.000e+00
15  2 1 0  2.817e+03  3.381e+02  3.646e+01  3.254e+01  2.002e+00  0.000e+00
15  3 2 0  6.119e+02  6.401e+01  1.519e+01  3.741e+01  3.995e+00  0.000e+00
15  4 2 0  5.604e+02  5.712e+01  2.980e+01  2.988e+01  4.450e+00  0.000e+00
15  5 2 1  4.796e+02  7.305e+01  7.867e+01  7.330e+01  3.527e+00  1.286e-03
15  6 2 1  4.245e+02  6.502e+01  1.792e+02  6.744e+01  3.727e+00  1.364e-03
15  7 2 1  3.717e+02  6.437e+01  2.384e+02  5.000e+01  4.000e+00  3.000e-01
15  8 2 1  3.094e+02  5.587e+01  3.696e+02  4.738e+01  4.244e+00  1.094e-03
15  9 2 1  2.632e+02  6.819e+01  2.712e+02  5.000e+01  4.000e+00  3.000e-01
15 10 2 1  2.204e+02  6.893e+01  2.980e+02  3.497e+01  4.307e+00  1.008e-03
15 11 3 0  6.503e+01  1.526e+00  3.688e+01  1.111e+03  4.890e+00  0.000e+00
15 12 3 0  5.144e+01  1.151e+01  1.153e+01  2.303e+02  4.447e+00  0.000e+00
15 13 3 1  3.020e+01  2.401e+01  2.851e+01  9.795e+00  8.210e+00  3.290e-01
15 14 3 1  1.973e+01  2.511e+01  2.564e+01  1.800e+01  7.200e+00  2.600e-01
15 15 3 1  1.049e+01  2.580e+01  9.925e+01  6.712e+00  8.516e+00  2.765e-01
16  1 1 0  3.494e+03  1.104e+02  2.139e+02  3.288e+01  2.963e+00  0.000e+00
16  2 1 0  3.224e+03  4.390e+02  2.453e+01  4.405e+01  1.765e+00  0.000e+00
16  3 2 0  7.072e+02  4.414e+01  2.178e+01  4.365e+01  4.480e+00  0.000e+00
16  4 2 0  6.517e+02  6.930e+01  2.571e+01  2.600e+01  4.500e+00  0.000e+00
16  5 2 1  5.647e+02  5.542e+01  1.641e+02  6.822e+01  4.000e+00  4.183e-02
16  6 2 1  5.048e+02  7.213e+01  1.689e+02  5.000e+01  4.000e+00  3.000e-01
16  7 2 1  4.471e+02  7.326e+01  2.213e+02  5.000e+01  4.000e+00  3.000e-01
16  8 2 1  3.791e+02  6.911e+01  2.970e+02  5.519e+01  4.011e+00  2.178e-02
16  9 2 1  3.282e+02  7.695e+01  2.615e+02  5.000e+01  4.000e+00  3.000e-01
16 10 2 1  2.809e+02  7.813e+01  2.751e+02  4.495e+01  4.110e+00  2.108e-02
16 11 3 0  8.805e+01  1.413e+01  9.139e+00  1.656e+03  3.626e+00  0.000e+00
16 12 3 0  7.268e+01  1.271e+01  1.363e+01  2.570e+02  4.361e+00  0.000e+00
16 13 3 1  4.731e+01  3.325e+01  1.099e+01  3.639e+01  5.977e+00  3.761e-01
16 14 3 1  3.483e+01  2.934e+01  3.702e+01  1.445e+01  7.321e+00  2.989e-01
16 15 3 1  2.333e+01  2.890e+01  1.054e+02  7.474e+00  8.421e+00  2.840e-01
16 16 3 1  1.036e+01  2.975e+01  5.644e+01  1.321e+01  7.513e+00  2.621e-01
17  1 1 0  3.946e+03  1.247e+02  1.894e+02  3.288e+01  2.963e+00  0.000e+00
17  2 1 0  3.659e+03  4.174e+02  3.143e+01  3.162e+01  2.037e+00  0.000e+00
17  3 2 0  8.094e+02  7.444e+01  1.356e+01  3.797e+01  4.103e+00  0.000e+00
17  4 2 0  7.498e+02  7.310e+01  2.449e+01  3.044e+01  4.421e+00  0.000e+00
17  5 2 1  6.567e+02  3.905e+01  3.845e+02  8.984e+01  4.272e+00  3.017e-01
17  6 2 1  5.920e+02  7.621e+01  1.831e+02  6.513e+01  3.852e+00  3.987e-01
17  7 2 1  5.293e+02  8.280e+01  2.053e+02  5.000e+01  4.000e+00  3.000e-01
17  8 2 1  4.556e+02  8.470e+01  2.378e+02  5.655e+01  3.889e+00  3.329e-01
17  9 2 1  4.001e+02  8.635e+01  2.505e+02  5.000e+01  4.000e+00  3.000e-01
17 10 2 1  3.483e+02  8.434e+01  2.880e+02  4.019e+01  4.242e+00  2.672e-01
17 11 3 0  1.142e+02  1.534e+00  6.782e+01  1.497e+03  4.756e+00  0.000e+00
17 12 3 0  9.703e+01  8.603e+00  2.080e+01  2.738e+02  4.689e+00  0.000e+00
17 13 3 1  6.782e+01  3.654e+01  1.195e+01  3.759e+01  6.009e+00  4.036e-01
17 14 3 1  5.347e+01  3.505e+01  2.148e+01  4.500e+01  5.900e+00  2.600e-01
17 15 3 1  3.961e+01  3.460e+01  3.044e+01  3.383e+01  6.261e+00  2.707e-01
17 16 3 1  2.381e+01  3.339e+01  4.993e+01  1.800e+01  7.200e+00  2.600e-01
17 17 3 1  1.297e+01  3.398e+01  4.539e+01  2.232e+01  6.896e+00  2.479e-01
18  1 1 0  4.426e+03  1.399e+02  1.690e+02  3.288e+01  2.963e+00  0.000e+00
18  2 1 0  4.121e+03  4.468e+02  3.108e+01  3.039e+01  2.092e+00  0.000e+00
18  3 2 0  9.180e+02  5.440e+01  1.838e+01  4.656e+01  4.439e+00  0.000e+00
18  4 2 0  8.548e+02  8.162e+01  2.235e+01  3.057e+01  4.418e+00  0.000e+00
18  5 2 1  7.558e+02  8.270e+01  1.006e+02  7.201e+01  3.789e+00  5.509e-03
18  6 2 1  6.861e+02  5.722e+01  3.784e+02  7.663e+01  4.151e+00  1.194e-02
18  7 2 1  6.183e+02  9.297e+01  1.904e+02  5.000e+01  4.000e+00  3.000e-01
18  8 2 1  5.390e+02  7.562e+01  3.466e+02  5.329e+01  4.195e+00  1.392e-02
18  9 2 1  4.787e+02  9.639e+01  2.389e+02  5.000e+01  4.000e+00  3.000e-01
18 10 2 1  4.225e+02  9.230e+01  2.855e+02  4.508e+01  4.165e+00  8.883e-03
18 11 3 0  1.435e+02  3.884e+00  3.295e+01  7.082e+02  4.645e+00  0.000e+00
18 12 3 0  1.243e+02  8.091e+00  2.596e+01  3.212e+02  4.685e+00  0.000e+00
18 13 3 1  9.101e+01  3.564e+01  1.418e+01  3.945e+01  6.194e+00  7.398e-02
18 14 3 1  7.502e+01  3.732e+01  2.476e+01  3.876e+01  6.142e+00  1.882e-01
18 15 3 1  5.981e+01  3.958e+01  3.058e+01  4.500e+01  5.900e+00  2.600e-01
18 16 3 1  4.074e+01  3.862e+01  3.973e+01  3.208e+01  6.347e+00  2.643e-01
18 17 3 1  2.763e+01  3.780e+01  6.006e+01  1.800e+01  7.200e+00  2.600e-01
18 18 3 1  1.576e+01  3.854e+01  4.872e+01  2.640e+01  6.662e+00  2.355e-01
19  1 1 0  4.934e+03  1.559e+02  1.517e+02  3.288e+01  2.963e+00  0.000e+00
19  2 1 0  4.611e+03  5.177e+02  2.589e+01  3.282e+01  2.018e+00  0.000e+00
19  3 2 0  1.035e+03  1.155e+02  8.875e+00  3.732e+01  3.844e+00  0.000e+00
19  4 2 0  9.680e+02  8.979e+01  2.067e+01  3.141e+01  4.401e+00  0.000e+00
19  5 2 1  8.611e+02  9.596e+01  7.963e+01  6.368e+01  3.884e+00  1.487e+00
19  6 2 1  7.867e+02  1.054e+02  1.244e+02  6.541e+01  3.764e+00  9.280e-01
19  7 2 1  7.147e+02  1.038e+02  1.768e+02  5.000e+01  4.000e+00  3.000e-01
19  8 2 1  6.295e+02  1.376e+02  1.164e+02  5.816e+01  3.609e+00  8.872e-01
19  9 2 1  5.647e+02  1.071e+02  2.272e+02  5.000e+01  4.000e+00  3.000e-01
19 10 2 1  5.038e+02  1.558e+02  1.104e+02  5.635e+01  3.554e+00  7.774e-01
19 11 3 0  1.758e+02  1.352e+01  1.538e+01  7.752e+02  3.884e+00  0.000e+00
19 12 3 0  1.547e+02  1.930e+01  1.619e+01  3.223e+02  4.079e+00  0.000e+00
19 13 3 1  1.176e+02  4.576e+01  1.153e+01  6.308e+01  5.520e+00  2.470e-01
19 14 3 1  9.944e+01  5.453e+01  1.638e+01  9.114e+01  5.035e+00  4.138e-01
19 15 3 1  8.266e+01  4.382e+01  3.214e+01  4.500e+01  5.900e+00  2.600e-01
19 16 3 1  6.091e+01  4.791e+01  3.344e+01  5.426e+01  5.626e+00  3.140e-01
19 17 3 1  4.581e+01  4.055e+01  6.784e+01  1.800e+01  7.200e+00  2.600e-01
19 18 3 1  3.163e+01  4.195e+01  7.392e+01  1.697e+01  7.208e+00  2.531e-01
19 19 4 0  4.341e+00  3.824e+00  7.363e-01  2.410e+07  4.427e+00  2.049e-04
20  1 1 0  5.470e+03  1.729e+02  1.369e+02  3.288e+01  2.963e+00  0.000e+00
20  2 1 0  5.129e+03  6.297e+02  1.936e+01  3.921e+01  1.862e+00  0.000e+00
20  3 2 0  1.157e+03  9.395e+01  1.115e+01  3.959e+01  4.176e+00  0.000e+00
20  4 2 0  1.087e+03  1.072e+02  1.788e+01  2.600e+01  4.500e+00  0.000e+00
20  5 2 1  9.745e+02  4.041e+01  5.215e+02  1.044e+02  4.452e+00  1.164e-05
20  6 2 1  8.946e+02  1.144e+02  1.199e+02  5.000e+01  4.000e+00  3.000e-01
20  7 2 1  8.177e+02  1.152e+02  1.643e+02  5.000e+01  4.000e+00  3.000e-01
20  8 2 1  7.267e+02  8.942e+01  3.336e+02  5.766e+01  4.171e+00  1.104e-05
20  9 2 1  6.572e+02  1.184e+02  2.157e+02  5.000e+01  4.000e+00  3.000e-01
20 10 2 1  5.919e+02  7.052e+01  5.909e+02  4.129e+01  4.878e+00  7.117e-06
20 11 3 0  2.113e+02  1.605e+01  1.437e+01  6.989e+02  3.857e+00  0.000e+00
20 12 3 0  1.883e+02  2.552e+01  1.335e+01  1.800e+02  4.200e+00  0.000e+00
20 13 3 1  1.472e+02  5.202e+01  1.127e+01  6.821e+01  5.408e+00  2.204e-01
20 14 3 1  1.272e+02  6.097e+01  1.648e+01  9.236e+01  5.007e+00  4.261e-01
20 15 3 1  1.088e+02  5.749e+01  2.483e+01  7.819e+01  5.203e+00  3.800e-01
20 16 3 1  8.451e+01  5.673e+01  3.044e+01  7.647e+01  5.265e+00  3.557e-01
20 17 3 1  6.727e+01  5.169e+01  4.224e+01  4.415e+01  5.864e+00  3.052e-01
20 18 3 1  5.091e+01  4.617e+01  7.930e+01  1.711e+01  7.186e+00  2.658e-01
20 19 4 0  1.187e+01  4.155e+00  2.235e+00  1.595e+04  4.313e+00  3.539e-01
20 20 4 0  6.113e+00  7.366e+00  2.373e+00  2.082e+02  4.841e+00  5.841e-04
21  1 1 0  6.034e+03  1.907e+02  1.241e+02  3.288e+01  2.963e+00  0.000e+00
21  2 1 0  5.675e+03  6.267e+02  2.182e+01  3.452e+01  1.998e+00  0.000e+00
21  3 2 0  1.288e+03  1.197e+02  8.820e+00  3.718e+01  4.054e+00  0.000e+00
21  4 2 0  1.213e+03  1.109e+02  1.725e+01  3.167e+01  4.371e+00  0.000e+00
21  5 2 1  1.094e+03  1.435e+02  4.807e+01  8.557e+01  3.452e+00  4.096e-02
21  6 2 1  1.009e+03  1.269e+02  1.155e+02  8.134e+01  3.618e+00  1.480e-02
21  7 2 1  9.275e+02  1.273e+02  1.529e+02  5.000e+01  4.000e+00  3.000e-01
21  8 2 1  8.308e+02  7.899e+01  4.780e+02  6.650e+01  4.304e+00  9.238e-03
21  9 2 1  7.567e+02  1.304e+02  2.045e+02  5.000e+01  4.000e+00  3.000e-01
21 10 2 1  6.874e+02  8.313e+01  5.075e+02  4.739e+01  4.637e+00  3.716e-03
21 11 3 0  2.498e+02  3.414e+00  5.976e+01  1.109e+03  4.577e+00  0.000e+00
21 12 3 0  2.251e+02  1.104e+01  2.980e+01  3.451e+02  4.545e+00  0.000e+00
21 13 3 1  1.800e+02  4.763e+01  1.441e+01  4.454e+01  6.085e+00  5.576e-03
21 14 3 1  1.581e+02  4.941e+01  2.617e+01  4.344e+01  6.056e+00  6.050e-03
21 15 3 1  1.380e+02  5.322e+01  3.348e+01  4.500e+01  5.900e+00  2.600e-01
21 16 3 1  1.107e+02  5.034e+01  4.505e+01  3.882e+01  6.159e+00  6.694e-03
21 17 3 1  9.187e+01  5.439e+01  4.585e+01  4.500e+01  5.900e+00  2.600e-01
21 18 3 1  7.349e+01  5.468e+01  5.377e+01  3.321e+01  6.239e+00  2.941e-01
21 19 3 2  2.476e+01  2.183e+01  8.459e+01  6.603e+01  6.452e+00  3.890e-01
21 20 3 2  1.444e+01  1.611e+01  1.269e+02  5.229e+01  7.300e+00  3.103e-01
21 21 3 2  8.010e+00  9.733e+00  2.488e+02  2.066e+01  1.022e+01  3.104e-01
22  1 1 0  6.626e+03  2.094e+02  1.131e+02  3.288e+01  2.963e+00  0.000e+00
22  2 1 0  6.249e+03  8.656e+02  1.234e+01  5.893e+01  1.622e+00  0.000e+00
22  3 2 0  1.425e+03  1.025e+02  1.038e+01  4.131e+01  4.265e+00  0.000e+00
22  4 2 0  1.346e+03  1.388e+02  1.408e+01  3.133e+01  4.198e+00  0.000e+00
22  5 2 1  1.221e+03  1.686e+02  3.856e+01  9.198e+01  3.355e+00  3.372e-05
22  6 2 1  1.131e+03  1.291e+02  1.268e+02  8.686e+01  3.655e+00  1.321e-05
22  7 2 1  1.044e+03  1.401e+02  1.425e+02  5.000e+01  4.000e+00  3.000e-01
22  8 2 1  9.419e+02  1.084e+02  2.972e+02  6.609e+01  4.056e+00  1.465e-05
22  9 2 1  8.631e+02  1.430e+02  1.937e+02  5.000e+01  4.000e+00  3.000e-01
22 10 2 1  7.878e+02  9.852e+01  4.256e+02  4.955e+01  4.485e+00  1.750e-05
22 11 3 0  2.915e+02  3.359e+00  6.875e+01  1.244e+03  4.559e+00  0.000e+00
22 12 3 0  2.650e+02  9.778e+00  3.726e+01  4.225e+02  4.552e+00  0.000e+00
22 13 3 1  2.159e+02  5.265e+01  1.405e+01  4.648e+01  6.025e+00  8.018e-03
22 14 3 1  1.921e+02  5.337e+01  2.611e+01  4.514e+01  6.042e+00  7.441e-03
22 15 3 1  1.704e+02  5.839e+01  3.348e+01  4.500e+01  5.900e+00  2.600e-01
22 16 3 1  1.408e+02  5.484e+01  4.527e+01  3.999e+01  6.137e+00  9.213e-03
22 17 3 1  1.195e+02  5.940e+01  4.665e+01  4.500e+01  5.900e+00  2.600e-01
22 18 3 1  9.930e+01  5.902e+01  5.520e+01  3.434e+01  6.226e+00  2.921e-01
22 19 3 2  4.327e+01  2.624e+01  9.279e+01  6.851e+01  6.300e+00  3.297e-01
22 20 3 2  2.749e+01  2.399e+01  1.731e+02  5.474e+01  6.742e+00  3.650e-01
22 21 3 2  1.613e+01  1.771e+01  2.597e+02  3.909e+01  7.825e+00  2.982e-01
22 22 3 2  9.940e+00  1.102e+01  5.478e+02  1.610e+01  1.096e+01  2.972e-01
23  1 1 0  7.246e+03  2.290e+02  1.035e+02  3.288e+01  2.963e+00  0.000e+00
23  2 1 0  6.852e+03  7.669e+02  1.757e+01  3.884e+01  1.928e+00  0.000e+00
23  3 2 0  1.570e+03  4.820e+01  1.999e+01  7.258e+01  4.724e+00  0.000e+00
23  4 2 0  1.487e+03  1.341e+02  1.463e+01  3.226e+01  4.336e+00  0.000e+00
23  5 2 1  1.355e+03  1.329e+02  7.374e+01  1.017e+02  3.596e+00  2.681e-02
23  6 2 1  1.260e+03  1.761e+02  7.417e+01  9.459e+01  3.402e+00  1.814e-02
23  7 2 1  1.168e+03  1.535e+02  1.330e+02  5.000e+01  4.000e+00  3.000e-01
23  8 2 1  1.060e+03  1.412e+02  1.992e+02  6.905e+01  3.834e+00  1.640e-02
23  9 2 1  9.758e+02  1.562e+02  1.835e+02  5.000e+01  4.000e+00  3.000e-01
23 10 2 1  8.960e+02  1.198e+02  3.365e+02  5.275e+01  4.289e+00  1.591e-02
23 11 3 0  3.363e+02  4.802e+00  5.149e+01  9.708e+02  4.521e+00  0.000e+00
23 12 3 0  3.081e+02  1.475e+01  2.755e+01  3.277e+02  4.457e+00  0.000e+00
23 13 3 1  2.557e+02  6.549e+01  1.189e+01  4.523e+01  5.865e+00  5.604e-01
23 14 3 1  2.305e+02  7.687e+01  1.769e+01  7.556e+01  5.183e+00  4.070e-01
23 15 3 1  2.058e+02  6.386e+01  3.315e+01  4.500e+01  5.900e+00  2.600e-01
23 16 3 1  1.735e+02  6.959e+01  3.541e+01  6.440e+01  5.460e+00  2.830e-01
23 17 3 1  1.506e+02  6.472e+01  4.696e+01  4.500e+01  5.900e+00  2.600e-01
23 18 3 1  1.281e+02  6.736e+01  4.931e+01  4.579e+01  5.859e+00  3.123e-01
23 19 3 2  6.528e+01  3.190e+01  8.329e+01  1.369e+02  5.672e+00  1.237e-01
23 20 3 2  4.671e+01  2.794e+01  2.071e+02  4.000e+01  7.000e+00  3.000e-01
23 21 3 2  2.931e+01  1.913e+01  3.556e+03  5.763e+00  1.187e+01  5.113e-01
23 22 3 2  1.466e+01  1.451e+01  7.154e+02  1.749e+01  1.038e+01  4.665e-01
23 23 3 2  1.200e+01  1.146e+01  3.134e+03  7.037e+00  1.377e+01  3.417e-01
24  1 1 0  7.895e+03  2.495e+02  9.505e+01  3.288e+01  2.963e+00  0.000e+00
24  2 1 0  7.482e+03  9.695e+02  1.185e+01  5.351e+01  1.696e+00  0.000e+00
24  3 2 0  1.721e+03  1.480e+02  7.312e+00  3.880e+01  4.083e+00  0.000e+00
24  4 2 0  1.634e+03  1.488e+02  1.333e+01  3.225e+01  4.310e+00  0.000e+00
24  5 2 1  1.497e+03  2.216e+02  2.692e+01  1.091e+02  3.193e+00  3.540e-03
24  6 2 1  1.396e+03  2.006e+02  6.290e+01  1.016e+02  3.330e+00  1.634e-03
24  7 2 1  1.299e+03  1.675e+02  1.244e+02  5.000e+01  4.000e+00  3.000e-01
24  8 2 1  1.185e+03  1.297e+02  2.646e+02  7.449e+01  3.960e+00  6.187e-03
24  9 2 1  1.097e+03  1.701e+02  1.738e+02  5.000e+01  4.000e+00  3.000e-01
24 10 2 1  1.011e+03  1.397e+02  2.826e+02  5.599e+01  4.153e+00  5.775e-03
24 11 3 0  3.842e+02  5.856e+00  4.533e+01  8.787e+02  4.495e+00  0.000e+00
24 12 3 0  3.548e+02  1.135e+01  3.894e+01  4.475e+02  4.496e+00  0.000e+00
24 13 3 1  2.981e+02  6.675e+01  1.246e+01  4.963e+01  5.860e+00  3.057e-01
24 14 3 1  2.708e+02  6.544e+01  2.411e+01  4.849e+01  5.923e+00  2.753e-01
24 15 3 1  2.444e+02  6.965e+01  3.257e+01  4.500e+01  5.900e+00  2.600e-01
24 16 3 1  2.093e+02  6.644e+01  4.311e+01  4.198e+01  6.057e+00  3.135e-01
24 17 3 1  1.847e+02  7.035e+01  4.687e+01  4.500e+01  5.900e+00  2.600e-01
24 18 3 1  1.602e+02  6.754e+01  5.675e+01  3.729e+01  6.191e+00  2.358e-01
24 19 3 2  9.064e+01  3.098e+01  1.201e+02  6.811e+01  6.392e+00  3.113e-03
24 20 3 2  6.946e+01  3.105e+01  2.269e+02  4.000e+01  7.000e+00  3.000e-01
24 21 3 2  4.916e+01  3.483e+01  2.224e+02  5.448e+01  6.484e+00  3.436e-01
24 22 3 2  3.096e+01  9.947e+00  1.924e+03  9.000e+00  1.450e+01  3.500e-01
24 23 3 2  1.650e+01  1.521e+01  1.031e+03  1.415e+01  1.123e+01  4.827e-01
24 24 3 2  8.660e+00  7.244e+00  1.485e+03  9.671e+00  1.575e+01  7.760e-01
25  1 1 0  8.572e+03  2.709e+02  8.759e+01  3.288e+01  2.963e+00  0.000e+00
25  2 1 0  8.141e+03  9.661e+02  1.309e+01  4.829e+01  1.794e+00  0.000e+00
25  3 2 0  1.880e+03  2.004e+02  5.352e+00  3.934e+01  3.800e+00  0.000e+00
25  4 2 0  1.788e+03  1.631e+02  1.229e+01  3.227e+01  4.294e+00  0.000e+00
25  5 2 1  1.644e+03  2.576e+02  2.159e+01  1.234e+02  3.086e+00  1.723e-02
25  6 2 1  1.539e+03  2.403e+02  4.744e+01  1.147e+02  3.190e+00  1.237e-02
25  7 2 1  1.437e+03  1.822e+02  1.165e+02  5.000e+01  4.000e+00  3.000e-01
25  8 2 1  1.317e+03  1.889e+02  1.381e+02  7.915e+01  3.619e+00  1.713e-02
25  9 2 1  1.224e+03  1.847e+02  1.647e+02  5.000e+01  4.000e+00  3.000e-01
25 10 2 1  1.133e+03  1.588e+02  2.466e+02  5.979e+01  4.044e+00  1.415e-02
25 11 3 0  4.352e+02  5.053e+00  5.856e+01  1.103e+03  4.490e+00  0.000e+00
25 12 3 0  4.030e+02  1.345e+01  3.535e+01  4.180e+02  4.462e+00  0.000e+00
25 13 3 1  3.436e+02  7.288e+01  1.205e+01  5.254e+01  5.787e+00  1.633e-04
25 14 3 1  3.144e+02  7.442e+01  2.225e+01  4.974e+01  5.829e+00  4.047e-01
25 15 3 1  2.860e+02  7.574e+01  3.181e+01  4.500e+01  5.900e+00  2.600e-01
25 16 3 1  2.483e+02  7.277e+01  4.169e+01  4.324e+01  6.012e+00  3.835e-01
25 17 3 1  2.218e+02  7.629e+01  4.645e+01  4.500e+01  5.900e+00  2.600e-01
25 18 3 1  1.945e+02  7.818e+01  4.992e+01  4.763e+01  5.832e+00  3.093e-01
25 19 3 2  1.193e+02  3.865e+01  9.713e+01  1.133e+02  5.798e+00  1.437e-01
25 20 3 2  9.575e+01  3.452e+01  2.355e+02  4.000e+01  7.000e+00  3.000e-01
25 21 3 2  7.240e+01  3.798e+01  2.289e+02  7.678e+01  6.206e+00  6.108e-02
25 22 3 2  5.120e+01  3.615e+01  3.188e+02  4.000e+01  7.000e+00  3.000e-01
25 23 3 2  3.367e+01  1.604e+01  1.991e+05  2.538e+00  1.808e+01  6.536e-01
25 24 3 2  2.058e+01  1.624e+01  2.592e+05  2.411e+00  1.797e+01  4.774e-01
25 25 3 2  1.430e+01  1.311e+01  1.668e+04  4.497e+00  1.646e+01  3.881e-01
26  1 1 0  9.278e+03  2.932e+02  8.099e+01  3.288e+01  2.963e+00  0.000e+00
26  2 1 0  8.829e+03  1.057e+03  1.195e+01  5.769e+01  1.718e+00  0.000e+00
26  3 2 0  2.046e+03  1.873e+02  5.833e+00  3.849e+01  3.998e+00  0.000e+00
26  4 2 0  1.950e+03  1.799e+02  1.138e+01  2.600e+01  4.500e+00  0.000e+00
26  5 2 1  1.799e+03  8.070e+01  2.675e+02  1.191e+02  4.194e+00  1.901e-05
26  6 2 1  1.689e+03  1.970e+02  7.720e+01  5.000e+01  4.000e+00  3.000e-01
26  7 2 1  1.582e+03  1.975e+02  1.093e+02  5.000e+01  4.000e+00  3.000e-01
26  8 2 1  1.456e+03  1.338e+02  3.000e+02  7.010e+01  4.143e+00  1.631e-05
26  9 2 1  1.358e+03  1.999e+02  1.561e+02  5.000e+01  4.000e+00  3.000e-01
26 10 2 1  1.262e+03  1.412e+02  3.368e+02  5.569e+01  4.328e+00  1.177e-05
26 11 3 0  4.893e+02  2.873e+01  1.207e+01  5.150e+02  3.846e+00  0.000e+00
26 12 3 0  4.570e+02  4.064e+01  1.228e+01  1.800e+02  4.200e+00  0.000e+00
26 13 3 1  3.922e+02  7.993e+01  1.135e+01  5.807e+01  5.676e+00  6.512e-02
26 14 3 1  3.610e+02  8.203e+01  2.092e+01  6.128e+01  5.596e+00  3.441e-02
26 15 3 1  3.308e+02  8.150e+01  3.022e+01  6.039e+01  5.612e+00  2.772e-02
26 16 3 1  2.902e+02  7.972e+01  3.922e+01  5.574e+01  5.729e+00  2.828e-02
26 17 3 1  2.621e+02  7.914e+01  4.686e+01  5.125e+01  5.835e+00  2.574e-02
26 18 3 1  2.336e+02  7.704e+01  5.530e+01  4.380e+01  6.059e+00  2.673e-02
26 19 3 2  1.511e+02  3.652e+01  1.323e+02  9.277e+01  6.150e+00  2.051e-02
26 20 3 2  1.250e+02  4.332e+01  1.701e+02  9.791e+01  5.905e+00  2.604e-02
26 21 3 2  9.906e+01  4.487e+01  2.082e+02  9.579e+01  5.914e+00  2.368e-02
26 22 3 2  7.501e+01  4.369e+01  2.661e+02  6.273e+01  6.344e+00  2.402e-01
26 23 3 2  5.480e+01  4.154e+01  3.683e+02  3.529e+01  7.056e+00  3.316e-01
26 24 3 2  3.065e+01  2.670e+01  6.301e+03  5.385e+00  1.232e+01  4.407e-01
26 25 3 2  2.193e+01  1.933e+01  3.679e+04  3.564e+00  1.566e+01  4.144e-01
26 26 3 2  1.470e+01  1.407e+01  1.850e+04  4.458e+00  1.691e+01  4.039e-01
27  1 1 0  1.001e+04  3.163e+02  7.510e+01  3.288e+01  2.963e+00  0.000e+00
27  2 1 0  9.545e+03  1.251e+03  9.046e+00  6.786e+01  1.613e+00  0.000e+00
27  3 2 0  2.219e+03  2.352e+02  4.599e+00  3.873e+01  3.808e+00  0.000e+00
27  4 2 0  2.119e+03  1.593e+02  1.253e+01  3.366e+01  4.493e+00  0.000e+00
27  5 2 1  1.961e+03  1.923e+02  4.987e+01  9.392e+01  3.631e+00  2.239e-05
27  6 2 1  1.846e+03  2.159e+02  7.348e+01  9.457e+01  3.535e+00  1.182e-05
27  7 2 1  1.735e+03  2.134e+02  1.027e+02  5.000e+01  4.000e+00  3.000e-01
27  8 2 1  1.603e+03  2.448e+02  9.893e+01  9.263e+01  3.432e+00  9.870e-06
27  9 2 1  1.505e+03  2.157e+02  1.481e+02  5.000e+01  4.000e+00  3.000e-01
27 10 2 1  1.397e+03  2.062e+02  1.816e+02  6.860e+01  3.824e+00  9.070e-06
27 11 3 0  5.466e+02  1.262e+01  2.734e+01  6.463e+02  4.280e+00  0.000e+00
27 12 3 0  5.120e+02  2.690e+01  2.122e+01  3.166e+02  4.210e+00  0.000e+00
27 13 3 1  4.440e+02  1.358e+02  6.171e+00  4.715e+01  5.247e+00  8.240e-01
27 14 3 1  4.110e+02  9.918e+01  1.786e+01  5.216e+01  5.592e+00  5.707e-01
27 15 3 1  3.790e+02  8.885e+01  2.993e+01  4.500e+01  5.900e+00  2.600e-01
27 16 3 1  3.360e+02  9.235e+01  3.595e+01  4.513e+01  5.839e+00  5.704e-01
27 17 3 1  3.053e+02  8.909e+01  4.487e+01  4.500e+01  5.900e+00  2.600e-01
27 18 3 1  2.754e+02  9.052e+01  5.045e+01  4.052e+01  6.001e+00  4.620e-01
27 19 3 2  1.861e+02  3.461e+01  1.735e+02  7.681e+01  6.518e+00  1.706e-04
27 20 3 2  1.578e+02  4.257e+01  2.299e+02  4.000e+01  7.000e+00  3.000e-01
27 21 3 2  1.290e+02  4.433e+01  2.748e+02  5.829e+01  6.482e+00  1.086e-04
27 22 3 2  1.020e+02  4.352e+01  3.483e+02  4.000e+01  7.000e+00  3.000e-01
27 23 3 2  7.950e+01  4.369e+01  3.792e+02  4.396e+01  6.895e+00  1.079e-04
27 24 3 2  5.127e+01  4.530e+01  3.755e+02  4.000e+01  7.000e+00  3.000e-01
27 25 3 2  3.350e+01  2.181e+01  1.205e+03  1.434e+01  1.114e+01  1.266e-02
27 26 3 2  1.708e+01  2.419e+00  1.275e+01  2.823e+01  1.843e+01  4.806e-05
27 27 3 2  1.580e+01  1.581e+01  4.931e+03  6.607e+00  1.532e+01  3.676e-01
28  1 1 0  1.078e+04  3.406e+02  6.983e+01  3.288e+01  2.963e+00  0.000e+00
28  2 1 0  1.029e+04  1.349e+03  8.382e+00  7.431e+01  1.588e+00  0.000e+00
28  3 2 0  2.399e+03  1.314e+02  8.142e+00  4.522e+01  4.477e+00  0.000e+00
28  4 2 0  2.295e+03  1.813e+02  1.117e+01  3.332e+01  4.426e+00  0.000e+00
28  5 2 1  2.131e+03  2.473e+02  3.198e+01  1.014e+02  3.435e+00  2.062e-06
28  6 2 1  2.011e+03  2.139e+02  8.219e+01  9.511e+01  3.615e+00  6.838e-07
28  7 2 1  1.894e+03  2.300e+02  9.666e+01  5.000e+01  4.000e+00  3.000e-01
28  8 2 1  1.756e+03  2.140e+02  1.434e+02  7.628e+01  3.752e+00  5.528e-07
28  9 2 1  1.648e+03  2.321e+02  1.405e+02  5.000e+01  4.000e+00  3.000e-01
28 10 2 1  1.541e+03  2.358e+02  1.530e+02  7.451e+01  3.705e+00  4.687e-07
28 11 3 0  6.071e+02  1.032e+01  3.674e+01  8.252e+02  4.304e+00  0.000e+00
28 12 3 0  5.713e+02  2.577e+01  2.339e+01  3.455e+02  4.232e+00  0.000e+00
28 13 3 1  4.984e+02  1.711e+02  4.708e+00  4.790e+01  5.019e+00  8.478e-01
28 14 3 1  4.637e+02  1.543e+02  1.053e+01  4.743e+01  5.176e+00  8.373e-01
28 15 3 1  4.302e+02  9.587e+01  2.890e+01  4.500e+01  5.900e+00  2.600e-01
28 16 3 1  3.840e+02  1.158e+02  2.906e+01  4.380e+01  5.646e+00  7.430e-01
28 17 3 1  3.521e+02  9.596e+01  4.382e+01  4.500e+01  5.900e+00  2.600e-01
28 18 3 1  3.210e+02  1.005e+02  4.742e+01  4.168e+01  5.919e+00  5.228e-01
28 19 3 2  2.246e+02  3.839e+01  1.714e+02  7.972e+01  6.440e+00  1.220e-04
28 20 3 2  1.930e+02  4.212e+01  2.596e+02  6.923e+01  6.485e+00  1.416e-04
28 21 3 2  1.620e+02  4.735e+01  2.988e+02  4.000e+01  7.000e+00  3.000e-01
28 22 3 2  1.330e+02  5.059e+01  3.124e+02  5.417e+01  6.505e+00  1.508e-04
28 23 3 2  1.080e+02  4.837e+01  3.797e+02  4.000e+01  7.000e+00  3.000e-01
28 24 3 2  7.610e+01  4.694e+01  4.360e+02  3.874e+01  7.119e+00  3.263e-03
28 25 3 2  5.490e+01  5.023e+01  3.918e+02  4.000e+01  7.000e+00  3.000e-01
28 26 3 2  3.532e+01  2.971e+01  1.965e+03  9.751e+00  1.140e+01  4.019e-01
28 27 3 2  1.817e+01  1.501e+00  9.258e-01  4.442e+01  1.928e+01  3.708e-02
28 28 3 2  1.700e+01  6.063e+00  1.186e+03  6.823e+00  2.223e+01  6.227e-03
29  1 1 0  1.157e+04  3.656e+02  6.510e+01  3.288e+01  2.963e+00  0.000e+00
29  2 1 0  1.106e+04  1.427e+03  8.057e+00  7.912e+01  1.583e+00  0.000e+00
29  3 2 0  2.585e+03  1.732e+02  6.336e+00  4.099e+01  4.316e+00  0.000e+00
29  4 2 0  2.459e+03  1.822e+02  1.108e+01  3.417e+01  4.489e+00  0.000e+00
29  5 2 1  2.298e+03  1.099e+02  1.898e+02  1.272e+02  4.081e+00  2.821e-08
29  6 2 1  2.173e+03  1.503e+02  1.866e+02  1.055e+02  3.944e+00  1.972e-08
29  7 2 1  2.045e+03  2.473e+02  9.111e+01  5.000e+01  4.000e+00  3.000e-01
29  8 2 1  1.905e+03  1.999e+02  1.798e+02  7.715e+01  3.888e+00  1.496e-08
29  9 2 1  1.793e+03  2.493e+02  1.335e+02  5.000e+01  4.000e+00  3.000e-01
29 10 2 1  1.690e+03  2.206e+02  1.906e+02  6.390e+01  3.955e+00  1.558e-08
29 11 3 0  6.706e+02  1.529e+01  2.453e+01  6.172e+02  4.260e+00  0.000e+00
29 12 3 0  6.330e+02  2.604e+01  2.426e+01  3.618e+02  4.240e+00  0.000e+00
29 13 3 1  5.570e+02  2.011e+02  3.929e+00  5.061e+01  4.854e+00  8.398e-01
29 14 3 1  5.200e+02  1.207e+02  1.569e+01  5.849e+01  5.405e+00  4.555e-01
29 15 3 1  4.840e+02  1.032e+02  2.783e+01  4.500e+01  5.900e+00  2.600e-01
29 16 3 1  4.350e+02  1.064e+02  3.399e+01  5.025e+01  5.723e+00  4.731e-01
29 17 3 1  4.010e+02  1.031e+02  4.266e+01  4.500e+01  5.900e+00  2.600e-01
29 18 3 1  3.688e+02  1.023e+02  4.888e+01  4.483e+01  5.919e+00  3.996e-01
29 19 3 2  2.661e+02  4.605e+01  1.458e+02  7.967e+01  6.285e+00  4.503e-03
29 20 3 2  2.320e+02  5.210e+01  2.093e+02  4.000e+01  7.000e+00  3.000e-01
29 21 3 2  1.990e+02  5.000e+01  3.041e+02  6.355e+01  6.458e+00  2.040e-03
29 22 3 2  1.670e+02  5.236e+01  3.470e+02  4.000e+01  7.000e+00  3.000e-01
29 23 3 2  1.390e+02  5.652e+01  3.452e+02  5.007e+01  6.558e+00  2.171e-03
29 24 3 2  1.030e+02  5.346e+01  4.010e+02  4.000e+01  7.000e+00  3.000e-01
29 25 3 2  7.990e+01  5.875e+01  3.868e+02  3.774e+01  6.878e+00  3.091e-01
29 26 3 2  5.738e+01  5.539e+01  4.028e+02  4.000e+01  7.000e+00  3.000e-01
29 27 3 2  3.684e+01  3.541e+01  1.181e+03  1.390e+01  1.017e+01  3.416e-01
29 28 3 2  2.029e+01  1.590e+01  3.992e+03  7.098e+00  1.616e+01  7.439e-01
29 29 3 2  1.064e+01  7.279e+00  1.027e+03  7.988e+00  2.033e+01  1.582e+00
30  1 1 0  1.239e+04  3.915e+02  6.083e+01  3.288e+01  2.963e+00  0.000e+00
30  2 1 0  1.187e+04  1.564e+03  7.165e+00  9.095e+01  1.535e+00  0.000e+00
30  3 2 0  2.780e+03  3.219e+02  3.342e+00  3.904e+01  3.684e+00  0.000e+00
30  4 2 0  2.647e+03  1.989e+02  1.025e+01  3.502e+01  4.434e+00  0.000e+00
30  5 2 1  2.479e+03  1.230e+02  1.663e+02  1.330e+02  4.013e+00  2.250e-08
30  6 2 1  2.363e+03  1.386e+02  2.396e+02  1.169e+02  4.016e+00  1.579e-08
30  7 2 1  2.216e+03  2.651e+02  8.601e+01  5.000e+01  4.000e+00  3.000e-01
30  8 2 1  2.070e+03  2.034e+02  1.893e+02  8.099e+01  3.908e+00  6.713e-09
30  9 2 1  1.953e+03  2.670e+02  1.269e+02  5.000e+01  4.000e+00  3.000e-01
30 10 2 1  1.846e+03  2.254e+02  1.992e+02  6.645e+01  3.978e+00  6.413e-09
30 11 3 0  7.374e+02  1.960e+01  1.939e+01  5.293e+02  4.225e+00  0.000e+00
30 12 3 0  6.980e+02  3.115e+01  2.108e+01  3.355e+02  4.197e+00  0.000e+00
30 13 3 1  6.190e+02  2.539e+02  2.886e+00  5.384e+01  4.592e+00  8.255e-01
30 14 3 1  5.790e+02  1.403e+02  1.361e+01  6.070e+01  5.261e+00  5.034e-01
30 15 3 1  5.420e+02  1.108e+02  2.676e+01  4.500e+01  5.900e+00  2.600e-01
30 16 3 1  4.900e+02  1.153e+02  3.254e+01  5.308e+01  5.645e+00  4.056e-01
30 17 3 1  4.540e+02  1.106e+02  4.142e+01  4.500e+01  5.900e+00  2.600e-01
30 18 3 1  4.197e+02  1.073e+02  4.863e+01  4.776e+01  5.875e+00  2.432e-01
30 19 3 2  3.108e+02  5.749e+01  1.122e+02  7.804e+01  6.097e+00  3.731e-01
30 20 3 2  2.740e+02  5.735e+01  2.033e+02  7.143e+01  6.214e+00  3.888e-01
30 21 3 2  2.380e+02  5.727e+01  2.777e+02  4.000e+01  7.000e+00  3.000e-01
30 22 3 2  2.030e+02  5.906e+01  3.187e+02  5.850e+01  6.430e+00  2.472e-01
30 23 3 2  1.750e+02  5.760e+01  3.804e+02  4.000e+01  7.000e+00  3.000e-01
30 24 3 2  1.360e+02  6.530e+01  3.456e+02  4.608e+01  6.555e+00  2.476e-01
30 25 3 2  1.080e+02  5.878e+01  4.151e+02  4.000e+01  7.000e+00  3.000e-01
30 26 3 2  8.260e+01  6.378e+01  4.172e+02  3.462e+01  7.005e+00  3.108e-01
30 27 3 2  5.940e+01  5.376e+01  6.007e+02  2.429e+01  7.985e+00  3.026e-01
30 28 3 2  3.972e+01  3.640e+01  1.498e+03  1.188e+01  1.082e+01  3.519e-01
30 29 3 2  2.694e+01  2.593e+01  3.408e+03  7.832e+00  1.363e+01  3.562e-01
30 30 3 2  1.730e+01  1.818e+01  1.017e+04  5.288e+00  1.736e+01  4.667e-01
