20061204 # magic number
# columns 1 thru 4 contain quantum numbers nHi, lHi, nLo, lLo
# the remaining columns are collision strengths
2	0	1	0	2.60e-01	2.96e-01	3.26e-01	3.39e-01	3.73e-01	4.06e-01	4.36e-01	4.61e-01
2	1	1	0	4.29e-01	5.29e-01	8.53e-01	1.15e+00	1.81e+00	2.35e+00	2.81e+00	3.20e+00
3	0	1	0	6.51e-02	6.96e-02	7.76e-02	8.13e-02	8.70e-02	9.21e-02	9.66e-02	1.01e-01
3	0	2	0	1.38e+00	1.45e+00	2.28e+00	3.09e+00	4.50e+00	5.40e+00	6.03e+00	6.50e+00
3	0	2	1	2.04e+00	2.22e+00	2.28e+00	2.35e+00	2.68e+00	3.02e+00	3.34e+00	3.62e+00
3	1	1	0	1.12e-01	1.26e-01	1.86e-01	2.43e-01	3.54e-01	4.38e-01	5.07e-01	5.66e-01
3	1	2	0	2.46e+00	3.05e+00	5.28e+00	7.74e+00	1.35e+01	1.84e+01	2.24e+01	2.58e+01
3	1	2	1	7.26e+00	7.92e+00	1.07e+01	1.33e+01	1.77e+01	2.04e+01	2.23e+01	2.37e+01
3	2	1	0	6.21e-02	6.58e-02	7.82e-02	8.97e-02	1.09e-01	1.20e-01	1.26e-01	1.30e-01
3	2	2	0	2.09e+00	3.08e+00	6.56e+00	9.38e+00	1.42e+01	1.72e+01	1.93e+01	2.08e+01
3	2	2	1	1.32e+01	1.78e+01	3.69e+01	5.58e+01	9.44e+01	1.23e+02	1.46e+02	1.65e+02
4	0	1	0	2.23e-02	2.55e-02	3.19e-02	3.40e-02	3.61e-02	3.76e-02	3.90e-02	4.02e-02
4	0	2	0	3.92e-01	3.88e-01	5.08e-01	6.38e-01	8.80e-01	1.04e+00	1.16e+00	1.25e+00
4	0	2	1	7.36e-01	7.71e-01	7.58e-01	7.42e-01	7.51e-01	7.84e-01	8.21e-01	8.57e-01
4	0	3	0	2.62e+00	4.31e+00	1.08e+01	1.54e+01	2.22e+01	2.62e+01	2.88e+01	3.07e+01
4	0	3	1	4.07e+00	4.88e+00	7.63e+00	9.79e+00	1.41e+01	1.75e+01	2.03e+01	2.27e+01
4	0	3	2	4.21e+00	4.27e+00	4.35e+00	4.56e+00	4.93e+00	5.12e+00	5.23e+00	5.29e+00
4	1	1	0	4.03e-02	4.79e-02	7.40e-02	9.46e-02	1.33e-01	1.61e-01	1.84e-01	2.04e-01
4	1	2	0	7.70e-01	9.03e-01	1.45e+00	1.95e+00	3.01e+00	3.85e+00	4.54e+00	5.13e+00
4	1	2	1	2.16e+00	2.26e+00	2.69e+00	3.08e+00	3.77e+00	4.21e+00	4.53e+00	4.76e+00
4	1	3	0	4.50e+00	5.95e+00	1.52e+01	2.57e+01	4.88e+01	6.71e+01	8.21e+01	9.46e+01
4	1	3	1	1.41e+01	2.07e+01	4.49e+01	6.19e+01	8.70e+01	1.01e+02	1.10e+02	1.16e+02
4	1	3	2	1.37e+01	1.55e+01	1.97e+01	2.19e+01	2.52e+01	2.74e+01	2.91e+01	3.05e+01
4	2	1	0	3.00e-02	3.19e-02	4.04e-02	4.72e-02	5.69e-02	6.15e-02	6.41e-02	6.56e-02
4	2	2	0	6.54e-01	7.54e-01	1.12e+00	1.41e+00	1.93e+00	2.25e+00	2.48e+00	2.65e+00
4	2	2	1	3.54e+00	4.31e+00	7.62e+00	1.06e+01	1.63e+01	2.04e+01	2.34e+01	2.60e+01
4	2	3	0	6.41e+00	1.01e+01	2.29e+01	3.24e+01	4.72e+01	5.56e+01	6.12e+01	6.51e+01
4	2	3	1	2.13e+01	3.13e+01	8.24e+01	1.34e+02	2.38e+02	3.17e+02	3.79e+02	4.30e+02
4	2	3	2	3.44e+01	4.61e+01	8.30e+01	1.07e+02	1.41e+02	1.58e+02	1.69e+02	1.76e+02
4	3	1	0	1.23e-02	1.14e-02	1.05e-02	1.05e-02	1.06e-02	1.04e-02	1.01e-02	9.80e-03
4	3	2	0	5.65e-01	7.38e-01	1.29e+00	1.62e+00	2.04e+00	2.21e+00	2.30e+00	2.34e+00
4	3	2	1	2.72e+00	3.21e+00	4.93e+00	6.09e+00	7.62e+00	8.33e+00	8.72e+00	8.95e+00
4	3	3	0	6.84e+00	1.06e+01	1.96e+01	2.48e+01	3.17e+01	3.53e+01	3.75e+01	3.90e+01
4	3	3	1	2.54e+01	4.09e+01	8.79e+01	1.19e+02	1.67e+02	1.94e+02	2.12e+02	2.24e+02
4	3	3	2	6.54e+01	1.12e+02	3.27e+02	5.18e+02	8.71e+02	1.12e+03	1.31e+03	1.46e+03
5	0	1	0	1.45e-02	1.72e-02	1.92e-02	1.93e-02	1.94e-02	1.97e-02	2.02e-02	2.07e-02
5	0	2	0	2.01e-01	2.13e-01	2.33e-01	2.64e-01	3.37e-01	3.92e-01	4.34e-01	4.66e-01
5	0	2	1	4.63e-01	5.10e-01	4.75e-01	4.38e-01	4.03e-01	3.97e-01	4.01e-01	4.07e-01
5	0	3	0	1.04e+00	1.59e+00	2.91e+00	3.58e+00	4.53e+00	5.10e+00	5.50e+00	5.80e+00
5	0	3	1	2.25e+00	2.58e+00	3.01e+00	3.24e+00	3.77e+00	4.22e+00	4.62e+00	4.96e+00
5	0	3	2	2.78e+00	2.92e+00	2.53e+00	2.27e+00	1.95e+00	1.81e+00	1.73e+00	1.68e+00
5	0	4	0	6.73e+00	1.58e+01	4.34e+01	5.76e+01	7.51e+01	8.43e+01	9.04e+01	9.48e+01
5	0	4	1	1.10e+01	1.81e+01	2.95e+01	3.45e+01	4.46e+01	5.37e+01	6.19e+01	6.93e+01
5	0	4	2	1.27e+01	1.60e+01	1.90e+01	2.02e+01	2.18e+01	2.26e+01	2.31e+01	2.34e+01
5	0	4	3	1.01e+01	1.08e+01	9.56e+00	8.72e+00	7.69e+00	7.15e+00	6.80e+00	6.54e+00
5	1	1	0	2.69e-02	3.15e-02	4.04e-02	4.77e-02	6.34e-02	7.59e-02	8.65e-02	9.57e-02
5	1	2	0	4.20e-01	5.18e-01	7.14e-01	8.68e-01	1.21e+00	1.49e+00	1.73e+00	1.93e+00
5	1	2	1	1.32e+00	1.40e+00	1.37e+00	1.40e+00	1.53e+00	1.65e+00	1.74e+00	1.81e+00
5	1	3	0	2.61e+00	3.46e+00	5.57e+00	7.36e+00	1.12e+01	1.42e+01	1.67e+01	1.87e+01
5	1	3	1	7.47e+00	9.77e+00	1.40e+01	1.59e+01	1.88e+01	2.06e+01	2.18e+01	2.27e+01
5	1	3	2	8.21e+00	8.88e+00	8.76e+00	8.51e+00	8.32e+00	8.34e+00	8.42e+00	8.51e+00
5	1	4	0	9.81e+00	1.73e+01	4.25e+01	6.30e+01	1.06e+02	1.42e+02	1.73e+02	2.01e+02
5	1	4	1	3.92e+01	7.54e+01	1.75e+02	2.27e+02	2.89e+02	3.21e+02	3.42e+02	3.57e+02
5	1	4	2	4.19e+01	6.05e+01	8.41e+01	9.00e+01	9.77e+01	1.05e+02	1.11e+02	1.17e+02
5	1	4	3	3.48e+01	4.05e+01	3.97e+01	3.70e+01	3.32e+01	3.11e+01	2.98e+01	2.89e+01
5	2	1	0	2.08e-02	2.22e-02	2.47e-02	2.75e-02	3.13e-02	3.30e-02	3.39e-02	3.44e-02
5	2	2	0	4.35e-01	4.87e-01	5.56e-01	6.09e-01	7.18e-01	7.96e-01	8.55e-01	9.01e-01
5	2	2	1	2.07e+00	2.48e+00	3.44e+00	4.27e+00	5.90e+00	7.08e+00	8.01e+00	8.77e+00
5	2	3	0	3.38e+00	4.26e+00	6.14e+00	7.14e+00	8.66e+00	9.61e+00	1.03e+01	1.08e+01
5	2	3	1	1.15e+01	1.53e+01	2.67e+01	3.56e+01	5.21e+01	6.41e+01	7.36e+01	8.13e+01
5	2	3	2	1.69e+01	2.10e+01	2.73e+01	2.94e+01	3.20e+01	3.33e+01	3.42e+01	3.48e+01
5	2	4	0	1.43e+01	2.54e+01	6.16e+01	8.43e+01	1.15e+02	1.32e+02	1.42e+02	1.50e+02
5	2	4	1	4.12e+01	7.05e+01	1.86e+02	2.79e+02	4.55e+02	5.92e+02	7.05e+02	8.01e+02
5	2	4	2	8.97e+01	1.59e+02	3.35e+02	4.18e+02	5.10e+02	5.53e+02	5.78e+02	5.96e+02
5	2	4	3	7.51e+01	1.03e+02	1.32e+02	1.32e+02	1.26e+02	1.22e+02	1.22e+02	1.22e+02
5	3	1	0	9.19e-03	9.14e-03	9.52e-03	9.92e-03	1.03e-02	1.02e-02	9.96e-03	9.66e-03
5	3	2	0	3.91e-01	4.61e-01	6.76e-01	8.14e-01	9.77e-01	1.04e+00	1.07e+00	1.09e+00
5	3	2	1	1.71e+00	2.02e+00	2.90e+00	3.47e+00	4.17e+00	4.46e+00	4.60e+00	4.68e+00
5	3	3	0	2.94e+00	3.41e+00	4.12e+00	4.45e+00	4.73e+00	4.79e+00	4.78e+00	4.76e+00
5	3	3	1	1.04e+01	1.25e+01	1.65e+01	1.83e+01	2.04e+01	2.14e+01	2.20e+01	2.24e+01
5	3	3	2	2.85e+01	4.01e+01	7.81e+01	1.06e+02	1.50e+02	1.79e+02	2.00e+02	2.17e+02
5	3	4	0	2.22e+01	3.48e+01	6.30e+01	7.63e+01	9.08e+01	9.69e+01	1.00e+02	1.02e+02
5	3	4	1	6.91e+01	1.15e+02	2.41e+02	3.15e+02	4.14e+02	4.65e+02	4.98e+02	5.21e+02
5	3	4	2	1.07e+02	1.95e+02	5.37e+02	8.10e+02	1.30e+03	1.67e+03	1.96e+03	2.21e+03
5	3	4	3	1.67e+02	2.71e+02	5.28e+02	6.50e+02	7.64e+02	8.01e+02	8.15e+02	8.21e+02
5	4	1	0	4.66e-03	4.03e-03	2.85e-03	2.35e-03	1.76e-03	1.47e-03	1.29e-03	1.15e-03
5	4	2	0	2.35e-01	2.54e-01	2.52e-01	2.47e-01	2.36e-01	2.24e-01	2.14e-01	2.05e-01
5	4	2	1	8.44e-01	9.09e-01	9.15e-01	8.88e-01	8.14e-01	7.51e-01	7.01e-01	6.61e-01
5	4	3	0	3.77e+00	4.82e+00	6.71e+00	7.83e+00	9.16e+00	9.67e+00	9.89e+00	9.99e+00
5	4	3	1	1.47e+01	1.86e+01	2.47e+01	2.86e+01	3.36e+01	3.57e+01	3.67e+01	3.72e+01
5	4	3	2	2.98e+01	3.87e+01	5.32e+01	6.18e+01	7.43e+01	8.06e+01	8.42e+01	8.66e+01
5	4	4	0	2.03e+01	2.76e+01	4.12e+01	4.74e+01	5.40e+01	5.65e+01	5.77e+01	5.83e+01
5	4	4	1	6.96e+01	9.94e+01	1.63e+02	1.95e+02	2.32e+02	2.47e+02	2.55e+02	2.60e+02
5	4	4	2	1.70e+02	2.61e+02	4.79e+02	6.11e+02	7.92e+02	8.88e+02	9.50e+02	9.93e+02
5	4	4	3	3.87e+02	7.33e+02	1.76e+03	2.46e+03	3.64e+03	4.48e+03	5.14e+03	5.69e+03
-1
