 20061204
 6.30384e-18
 1.47826e-17
 1.35514e-17
 2.15252e-17
 2.92451e-17
 3.69937e-17
 4.47616e-17
 5.25435e-17
 6.03362e-17
 6.81374e-17
 7.59456e-17
 8.37597e-17
 9.15787e-17
 9.94019e-17
 1.07229e-16
 1.15059e-16
 1.22892e-16
 1.30727e-16
 1.38565e-16
 1.46405e-16
 1.54247e-16
 1.62090e-16
 1.69935e-16
 1.77782e-16
 1.85629e-16
 1.93478e-16
 2.01328e-16
 2.09178e-16
 2.17030e-16
 2.24883e-16
 2.32736e-16
 2.40590e-16
 2.48445e-16
 2.56300e-16
 2.64156e-16
 2.72012e-16
 2.79869e-16
 2.87726e-16
 2.95584e-16
 3.03442e-16
 3.11300e-16
 3.19159e-16
 3.27018e-16
 3.34877e-16
 3.42737e-16
 3.50597e-16
 3.58457e-16
 3.66317e-16
 3.74177e-16
 3.82038e-16
 3.89898e-16
 3.97759e-16
 4.05620e-16
 4.13481e-16
 4.21342e-16
 4.29203e-16
 4.37064e-16
 4.44925e-16
 4.52786e-16
 4.60647e-16
 4.68508e-16
 4.76369e-16
 4.84231e-16
 4.92092e-16
 4.99953e-16
 5.07814e-16
 5.15675e-16
 5.23536e-16
 5.31397e-16
 5.39257e-16
 5.47118e-16
 5.54979e-16
 5.62839e-16
 5.70700e-16
 5.78560e-16
 5.86420e-16
 5.94280e-16
 6.02140e-16
 6.10000e-16
 6.17860e-16
 6.25719e-16
 6.33579e-16
 6.41438e-16
 6.49297e-16
 6.57156e-16
 6.65015e-16
 6.72873e-16
 6.80732e-16
 6.88590e-16
 6.96448e-16
 7.04306e-16
 7.12164e-16
 7.20021e-16
 7.27879e-16
 7.35736e-16
 7.43593e-16
 7.51450e-16
 7.59306e-16
 7.67163e-16
 7.75019e-16
 7.82875e-16
 7.90730e-16
 7.98586e-16
 8.06441e-16
 8.14296e-16
 8.22151e-16
 8.30005e-16
 8.37860e-16
 8.45714e-16
 8.53568e-16
 8.61421e-16
 8.69275e-16
 8.77128e-16
 8.84981e-16
 8.92833e-16
 9.00686e-16
 9.08538e-16
 9.16390e-16
 9.24241e-16
 9.32093e-16
 9.39944e-16
 9.47795e-16
 9.55645e-16
 9.63495e-16
 9.71345e-16
 9.79195e-16
 9.87045e-16
 9.94894e-16
 1.00274e-15
 1.01059e-15
 1.01844e-15
 1.02629e-15
 1.03414e-15
 1.04198e-15
 1.04983e-15
 1.05768e-15
 1.06552e-15
 1.07337e-15
 1.08122e-15
 1.08906e-15
 1.09691e-15
 1.10475e-15
 1.11260e-15
 1.12044e-15
 1.12829e-15
 1.13613e-15
 1.14397e-15
 1.15182e-15
 1.15966e-15
 1.16750e-15
 1.17535e-15
 1.18319e-15
 1.19103e-15
 1.19887e-15
 1.20671e-15
 1.21455e-15
 1.22239e-15
 1.23023e-15
 1.23807e-15
 1.24591e-15
 1.25375e-15
 1.26159e-15
 1.26943e-15
 1.27727e-15
 1.28511e-15
 1.29295e-15
 1.30078e-15
 1.30862e-15
 1.31646e-15
 1.32429e-15
 1.33213e-15
 1.33997e-15
 1.34780e-15
 1.35564e-15
 1.36347e-15
 1.37130e-15
 1.37914e-15
 1.38697e-15
 1.39481e-15
 1.40264e-15
 1.41047e-15
 1.41830e-15
 1.42614e-15
 1.43397e-15
 1.44180e-15
 1.44963e-15
 1.45746e-15
 1.46529e-15
 1.47312e-15
 1.48095e-15
 1.48878e-15
 1.49661e-15
 1.50444e-15
 1.51227e-15
 1.52010e-15
 1.52792e-15
 1.53575e-15
 1.54358e-15
 1.55140e-15
 1.55923e-15
 1.56706e-15
 1.57488e-15
 1.58271e-15
 1.59053e-15
 1.59836e-15
 1.60618e-15
 1.61400e-15
 1.62183e-15
 1.62965e-15
 1.63747e-15
 1.64530e-15
 1.65312e-15
 1.66094e-15
 1.66876e-15
 1.67658e-15
 1.68440e-15
 1.69222e-15
 1.70004e-15
 1.70786e-15
 1.71568e-15
 1.72350e-15
 1.73132e-15
 1.73914e-15
 1.74695e-15
 1.75477e-15
 1.76259e-15
 1.77040e-15
 1.77822e-15
 1.78604e-15
 1.79385e-15
 1.80167e-15
 1.80948e-15
 1.81730e-15
 1.82511e-15
 1.83292e-15
 1.84074e-15
 1.84855e-15
 1.85636e-15
 1.86418e-15
 1.87199e-15
 1.87980e-15
 1.88761e-15
 1.89542e-15
 1.90323e-15
 1.91104e-15
 1.91885e-15
 1.92666e-15
 1.93447e-15
 1.94228e-15
 1.95008e-15
 1.95789e-15
 1.96570e-15
 1.97351e-15
 1.98131e-15
 1.98912e-15
 1.99693e-15
 2.00473e-15
 2.01254e-15
 2.02034e-15
 2.02814e-15
 2.03595e-15
 2.04375e-15
 2.05156e-15
 2.05936e-15
 2.06716e-15
 2.07496e-15
 2.08276e-15
 2.09057e-15
 2.09837e-15
 2.10617e-15
 2.11397e-15
 2.12177e-15
 2.12957e-15
 2.13736e-15
 2.14516e-15
 2.15296e-15
 2.16076e-15
 2.16856e-15
 2.17635e-15
 2.18415e-15
 2.19195e-15
 2.19974e-15
 2.20754e-15
 2.21533e-15
 2.22313e-15
 2.23092e-15
 2.23872e-15
 2.24651e-15
 2.25430e-15
 2.26210e-15
 2.26989e-15
 2.27768e-15
 2.28547e-15
 2.29326e-15
 2.30105e-15
 2.30884e-15
 2.31663e-15
 2.32442e-15
 2.33221e-15
 2.34000e-15
 2.34779e-15
 2.35558e-15
 2.36336e-15
 2.37115e-15
 2.37894e-15
 2.38673e-15
 2.39451e-15
 2.40230e-15
 2.41008e-15
 2.41787e-15
 2.42565e-15
 2.43344e-15
 2.44122e-15
 2.44900e-15
 2.45679e-15
 2.46457e-15
 2.47235e-15
 2.48013e-15
 2.48791e-15
 2.49569e-15
 2.50347e-15
 2.51125e-15
 2.51903e-15
 2.52681e-15
 2.53459e-15
 2.54237e-15
 2.55015e-15
 2.55793e-15
 2.56570e-15
 2.57348e-15
 2.58126e-15
 2.58903e-15
 2.59681e-15
 2.60458e-15
 2.61236e-15
 2.62013e-15
 2.62791e-15
 2.63568e-15
 2.64345e-15
 2.65123e-15
 2.65900e-15
 2.66677e-15
 2.67454e-15
 2.68231e-15
 2.69008e-15
 2.69785e-15
 2.70563e-15
 2.71339e-15
 2.72116e-15
 2.72893e-15
 2.73670e-15
 2.74447e-15
 2.75224e-15
 2.76000e-15
 2.76777e-15
 2.77554e-15
 2.78330e-15
 2.79107e-15
 2.79883e-15
 2.80660e-15
 2.81436e-15
 2.82213e-15
 2.82989e-15
 2.83765e-15
 2.84541e-15
 2.85318e-15
 2.86094e-15
 2.86870e-15
 2.87646e-15
 2.88422e-15
 2.89198e-15
 2.89974e-15
 2.90750e-15
 2.91526e-15
 2.92302e-15
 2.93078e-15
 2.93853e-15
 2.94629e-15
 2.95405e-15
 2.96180e-15
 2.96956e-15
 2.97732e-15
 2.98507e-15
 2.99283e-15
 3.00058e-15
 3.00833e-15
 3.01609e-15
 3.02384e-15
 3.03159e-15
 3.03935e-15
 3.04710e-15
 3.05485e-15
 3.06260e-15
 3.07035e-15
 3.07810e-15
 3.08585e-15
 3.09360e-15
 3.10135e-15
 3.10910e-15
 3.11685e-15
 3.12459e-15
