20061204
 -1.0781359e+01 -3.8790005e-01  4.6748385e+00  6.3898347e-02 -8.7297469e-01 -5.0923340e-03  8.1445619e-02  2.4935490e-04 -3.9043790e-03
 -1.1614807e+01 -4.1476052e-01  5.3074766e+00  7.3198786e-02 -1.0442882e+00 -6.2653576e-03  1.0220322e-01  3.1993430e-04 -5.1042098e-03
 -1.1179081e+01 -3.9229646e-01  4.8858925e+00  6.4659417e-02 -9.1797817e-01 -4.8978538e-03  8.5295549e-02  2.6802328e-04 -4.6109274e-03
 -1.1206241e+01 -4.4055033e-01  5.4401345e+00  8.7431014e-02 -1.2008760e+00 -7.4473079e-03  1.2504593e-01  4.6410321e-04 -7.6113860e-03
 -1.1323596e+01 -4.5838878e-01  5.6956887e+00  9.4245471e-02 -1.2998447e+00 -7.9713343e-03  1.3644578e-01  5.1810528e-04 -8.6822566e-03
 -1.1415392e+01 -4.6823558e-01  5.8506689e+00  9.8131262e-02 -1.3590697e+00 -8.1813205e-03  1.4233549e-01  5.4651999e-04 -9.3300305e-03
 -1.1490612e+01 -4.7406995e-01  5.9522166e+00  1.0064020e-01 -1.3980964e+00 -8.2884254e-03  1.4570926e-01  5.6291226e-04 -9.7414833e-03
 -1.1554831e+01 -4.7439665e-01  5.9864464e+00  1.0160362e-01 -1.4165708e+00 -8.1698345e-03  1.4599949e-01  5.6771806e-04 -9.9944277e-03
 -1.1610895e+01 -4.7473451e-01  6.0173483e+00  1.0262581e-01 -1.4353125e+00 -8.0580283e-03  1.4635733e-01  5.7397748e-04 -1.0264914e-02
 -1.1659862e+01 -4.7320300e-01  6.0212073e+00  1.0306408e-01 -1.4434516e+00 -7.9748463e-03  1.4574037e-01  5.7312468e-04 -1.0345792e-02
 -1.1703726e+01 -4.7109461e-01  6.0156460e+00  1.0338196e-01 -1.4491727e+00 -7.9034464e-03  1.4497490e-01  5.7136163e-04 -1.0390419e-02
 -1.1743682e+01 -4.6861926e-01  6.0042748e+00  1.0367520e-01 -1.4545577e+00 -7.8139901e-03  1.4410105e-01  5.7011074e-04 -1.0450164e-02
 -1.1780066e+01 -4.6552062e-01  5.9832773e+00  1.0383467e-01 -1.4571851e+00 -7.7397432e-03  1.4303389e-01  5.6721305e-04 -1.0457950e-02
 -1.1813470e+01 -4.6189710e-01  5.9541488e+00  1.0391980e-01 -1.4579324e+00 -7.6871593e-03  1.4190944e-01  5.6342082e-04 -1.0426981e-02
 -1.1844401e+01 -4.5789742e-01  5.9190369e+00  1.0395065e-01 -1.4573270e+00 -7.6565151e-03  1.4080316e-01  5.5903435e-04 -1.0365284e-02
 -1.1873433e+01 -4.5425522e-01  5.8877001e+00  1.0408559e-01 -1.4586751e+00 -7.6114950e-03  1.3982418e-01  5.5618485e-04 -1.0345820e-02
 -1.1900671e+01 -4.5046213e-01  5.8536797e+00  1.0419094e-01 -1.4595356e+00 -7.5670909e-03  1.3881774e-01  5.5313681e-04 -1.0319206e-02
 -1.1926344e+01 -4.4671643e-01  5.8194909e+00  1.0432647e-01 -1.4608291e+00 -7.5205681e-03  1.3783988e-01  5.5044162e-04 -1.0300523e-02
 -1.1950244e+01 -4.4250283e-01  5.7777996e+00  1.0446134e-01 -1.4605879e+00 -7.5422316e-03  1.3712138e-01  5.4702599e-04 -1.0221305e-02
 -1.1972892e+01 -4.3764737e-01  5.7276578e+00  1.0446159e-01 -1.4581732e+00 -7.5680362e-03  1.3624944e-01  5.4222503e-04 -1.0105107e-02
 -1.1994494e+01 -4.3314013e-01  5.6813703e+00  1.0454341e-01 -1.4572425e+00 -7.5892373e-03  1.3551211e-01  5.3849613e-04 -1.0016165e-02
 -1.2015278e+01 -4.2899099e-01  5.6394715e+00  1.0466056e-01 -1.4575908e+00 -7.5819292e-03  1.3474566e-01  5.3560530e-04 -9.9637723e-03
 -1.2035006e+01 -4.2481855e-01  5.5964055e+00  1.0483605e-01 -1.4582521e+00 -7.5989510e-03  1.3414820e-01  5.3299713e-04 -9.9023366e-03
 -1.2053696e+01 -4.2008513e-01  5.5454283e+00  1.0496928e-01 -1.4573236e+00 -7.6615736e-03  1.3369676e-01  5.2947429e-04 -9.7904904e-03
 -1.2072058e+01 -4.1634554e-01  5.5075121e+00  1.0512653e-01 -1.4588331e+00 -7.6498450e-03  1.3308986e-01  5.2762119e-04 -9.7634634e-03
 -1.2089826e+01 -4.1272256e-01  5.4709644e+00  1.0518475e-01 -1.4594760e+00 -7.6469667e-03  1.3259415e-01  5.2569772e-04 -9.7290250e-03
 -1.2106376e+01 -4.0798819e-01  5.4187608e+00  1.0537831e-01 -1.4593349e+00 -7.7079921e-03  1.3219580e-01  5.2257784e-04 -9.6259927e-03
 -1.2122654e+01 -4.0402237e-01  5.3766398e+00  1.0552075e-01 -1.4601488e+00 -7.7304444e-03  1.3179220e-01  5.2052730e-04 -9.5718084e-03
 -1.2138199e+01 -3.9971721e-01  5.3294930e+00  1.0570740e-01 -1.4607050e+00 -7.7860253e-03  1.3153680e-01  5.1824795e-04 -9.4913989e-03
 -1.2153054e+01 -3.9513275e-01  5.2780848e+00  1.0595281e-01 -1.4612490e+00 -7.8747701e-03  1.3145217e-01  5.1583396e-04 -9.3874624e-03
 -1.2167930e+01 -3.9138097e-01  5.2382159e+00  1.0600332e-01 -1.4616532e+00 -7.8839352e-03  1.3106517e-01  5.1394018e-04 -9.3439203e-03
 -1.2181968e+01 -3.8674060e-01  5.1858959e+00  1.0616534e-01 -1.4614609e+00 -7.9713566e-03  1.3100468e-01  5.1133166e-04 -9.2354259e-03
 -1.2195662e+01 -3.8268334e-01  5.1408253e+00  1.0637771e-01 -1.4627500e+00 -8.0266586e-03  1.3088179e-01  5.0966616e-04 -9.1688121e-03
 -1.2209098e+01 -3.7877434e-01  5.0977883e+00  1.0649961e-01 -1.4635035e+00 -8.0614518e-03  1.3066287e-01  5.0788955e-04 -9.1117192e-03
 -1.2222247e+01 -3.7526307e-01  5.0597577e+00  1.0661513e-01 -1.4648734e+00 -8.0657816e-03  1.3032517e-01  5.0655485e-04 -9.0833800e-03
 -1.2234772e+01 -3.7112862e-01  5.0129294e+00  1.0683463e-01 -1.4661298e+00 -8.1284540e-03  1.3025747e-01  5.0481694e-04 -9.0100151e-03
 -1.2247398e+01 -3.6775589e-01  4.9767208e+00  1.0678117e-01 -1.4660431e+00 -8.1257429e-03  1.2993622e-01  5.0330535e-04 -8.9807259e-03
 -1.2259201e+01 -3.6335087e-01  4.9258962e+00  1.0698568e-01 -1.4666287e+00 -8.2299281e-03  1.3015290e-01  5.0146756e-04 -8.8793254e-03
 -1.2270961e+01 -3.5998505e-01  4.8886595e+00  1.0712655e-01 -1.4682977e+00 -8.2445526e-03  1.2994249e-01  5.0045061e-04 -8.8515356e-03
 -1.2282477e+01 -3.5600036e-01  4.8435674e+00  1.0718326e-01 -1.4683224e+00 -8.2968166e-03  1.2990940e-01  4.9873453e-04 -8.7835230e-03
 -1.2293659e+01 -3.5217479e-01  4.8001490e+00  1.0726941e-01 -1.4687748e+00 -8.3475336e-03  1.2989838e-01  4.9725367e-04 -8.7220585e-03
 -1.2304632e+01 -3.4856406e-01  4.7594318e+00  1.0729563e-01 -1.4689101e+00 -8.3811982e-03  1.2980621e-01  4.9574644e-04 -8.6701745e-03
 -1.2315597e+01 -3.4561223e-01  4.7275271e+00  1.0721066e-01 -1.4690294e+00 -8.3508380e-03  1.2938663e-01  4.9466337e-04 -8.6661167e-03
 -1.2326196e+01 -3.4221151e-01  4.6894636e+00  1.0712558e-01 -1.4683368e+00 -8.3666313e-03  1.2922251e-01  4.9314817e-04 -8.6238608e-03
 -1.2336588e+01 -3.3893821e-01  4.6529107e+00  1.0703895e-01 -1.4678200e+00 -8.3703157e-03  1.2899411e-01  4.9176638e-04 -8.5917758e-03
 -1.2346814e+01 -3.3574671e-01  4.6173844e+00  1.0690797e-01 -1.4669774e+00 -8.3640749e-03  1.2871175e-01  4.9036625e-04 -8.5647600e-03
 -1.2356810e+01 -3.3261508e-01  4.5824165e+00  1.0676638e-01 -1.4660238e+00 -8.3574271e-03  1.2843376e-01  4.8896379e-04 -8.5378066e-03
 -1.2366634e+01 -3.2947436e-01  4.5472779e+00  1.0659764e-01 -1.4647938e+00 -8.3490694e-03  1.2814914e-01  4.8754769e-04 -8.5110562e-03
 -1.2376199e+01 -3.2619360e-01  4.5100183e+00  1.0647124e-01 -1.4637210e+00 -8.3589107e-03  1.2797438e-01  4.8611662e-04 -8.4730862e-03
 -1.2385715e+01 -3.2318798e-01  4.4765038e+00  1.0622041e-01 -1.4617842e+00 -8.3383881e-03  1.2762918e-01  4.8463870e-04 -8.4513947e-03
 -1.2395072e+01 -3.2008186e-01  4.4417076e+00  1.0588000e-01 -1.4587654e+00 -8.3213020e-03  1.2729914e-01  4.8285781e-04 -8.4197382e-03
 -1.2403904e+01 -3.1650776e-01  4.3997197e+00  1.0593068e-01 -1.4589423e+00 -8.3707860e-03  1.2736160e-01  4.8159316e-04 -8.3624544e-03
 -1.2412719e+01 -3.1319660e-01  4.3613977e+00  1.0581488e-01 -1.4577944e+00 -8.3896844e-03  1.2725171e-01  4.8015680e-04 -8.3184354e-03
 -1.2421478e+01 -3.1002456e-01  4.3250332e+00  1.0558445e-01 -1.4556801e+00 -8.3895000e-03  1.2703200e-01  4.7859695e-04 -8.2820375e-03
 -1.2430075e+01 -3.0683792e-01  4.2883348e+00  1.0535434e-01 -1.4535110e+00 -8.3931144e-03  1.2684156e-01  4.7704115e-04 -8.2433457e-03
 -1.2438474e+01 -3.0362332e-01  4.2509966e+00  1.0517012e-01 -1.4517003e+00 -8.4072044e-03  1.2672499e-01  4.7557554e-04 -8.2007274e-03
 -1.2446823e+01 -3.0063188e-01  4.2166781e+00  1.0487986e-01 -1.4491082e+00 -8.3915405e-03  1.2641545e-01  4.7399857e-04 -8.1724580e-03
 -1.2455081e+01 -2.9768002e-01  4.1828914e+00  1.0452262e-01 -1.4458462e+00 -8.3713587e-03  1.2608610e-01  4.7233200e-04 -8.1441868e-03
 -1.2462757e+01 -2.9385799e-01  4.1365023e+00  1.0469372e-01 -1.4467616e+00 -8.4668174e-03  1.2648870e-01  4.7124206e-04 -8.0638248e-03
 -1.2470639e+01 -2.9066688e-01  4.0990868e+00  1.0446084e-01 -1.4443944e+00 -8.4800860e-03  1.2638119e-01  4.6971423e-04 -8.0194455e-03
 -1.2478577e+01 -2.8793618e-01  4.0679922e+00  1.0400717e-01 -1.4403269e+00 -8.4382528e-03  1.2592086e-01  4.6797944e-04 -8.0015389e-03
 -1.2486416e+01 -2.8526971e-01  4.0376873e+00  1.0351269e-01 -1.4358788e+00 -8.3878059e-03  1.2539995e-01  4.6618766e-04 -7.9869265e-03
 -1.2494286e+01 -2.8282446e-01  4.0105329e+00  1.0283953e-01 -1.4298381e+00 -8.3079496e-03  1.2469480e-01  4.6418348e-04 -7.9834526e-03
 -1.2501819e+01 -2.8000638e-01  3.9778674e+00  1.0240918e-01 -1.4257513e+00 -8.2772030e-03  1.2429468e-01  4.6241222e-04 -7.9577072e-03
 -1.2509210e+01 -2.7706131e-01  3.9433830e+00  1.0201304e-01 -1.4218240e+00 -8.2637649e-03  1.2401871e-01  4.6069108e-04 -7.9229325e-03
 -1.2516450e+01 -2.7410242e-01  3.9084723e+00  1.0167847e-01 -1.4184698e+00 -8.2563367e-03  1.2377772e-01  4.5905972e-04 -7.8870673e-03
 -1.2523698e+01 -2.7135918e-01  3.8765676e+00  1.0119164e-01 -1.4137731e+00 -8.2213292e-03  1.2336019e-01  4.5725374e-04 -7.8622969e-03
 -1.2530793e+01 -2.6849079e-01  3.8428245e+00  1.0075468e-01 -1.4094019e+00 -8.2013085e-03  1.2303955e-01  4.5547090e-04 -7.8293653e-03
 -1.2537749e+01 -2.6558509e-01  3.8083625e+00  1.0038110e-01 -1.4055945e+00 -8.1924535e-03  1.2279880e-01  4.5381184e-04 -7.7931294e-03
 -1.2544674e+01 -2.6285797e-01  3.7763045e+00  9.9908859e-02 -1.4009424e+00 -8.1595201e-03  1.2238880e-01  4.5200714e-04 -7.7669360e-03
 -1.2551662e+01 -2.6036021e-01  3.7476041e+00  9.9194907e-02 -1.3940214e+00 -8.0890357e-03  1.2172686e-01  4.4984609e-04 -7.7526402e-03
 -1.2558376e+01 -2.5759929e-01  3.7148459e+00  9.8751232e-02 -1.3895355e+00 -8.0656623e-03  1.2138607e-01  4.4809876e-04 -7.7221384e-03
 -1.2564903e+01 -2.5463727e-01  3.6790924e+00  9.8459512e-02 -1.3863566e+00 -8.0763604e-03  1.2128927e-01  4.4660235e-04 -7.6784319e-03
 -1.2571559e+01 -2.5205341e-01  3.6488028e+00  9.7838454e-02 -1.3801751e+00 -8.0242064e-03  1.2075010e-01  4.4458217e-04 -7.6569631e-03
 -1.2578140e+01 -2.4954867e-01  3.6194789e+00  9.7185925e-02 -1.3736923e+00 -7.9644397e-03  1.2015500e-01  4.4251181e-04 -7.6385066e-03
 -1.2584601e+01 -2.4701615e-01  3.5895791e+00  9.6593536e-02 -1.3677512e+00 -7.9145553e-03  1.1962981e-01  4.4056110e-04 -7.6173665e-03
 -1.2590901e+01 -2.4413516e-01  3.5548735e+00  9.6143499e-02 -1.3629293e+00 -7.9058716e-03  1.1939797e-01  4.3878731e-04 -7.5769532e-03
 -1.2597112e+01 -2.4149412e-01  3.5231154e+00  9.5682263e-02 -1.3581367e+00 -7.8829024e-03  1.1906875e-01  4.3706052e-04 -7.5461273e-03
 -1.2603210e+01 -2.3872180e-01  3.4894505e+00  9.5316388e-02 -1.3542082e+00 -7.8779347e-03  1.1886695e-01  4.3549182e-04 -7.5090025e-03
 -1.2609599e+01 -2.3652078e-01  3.4642820e+00  9.4310246e-02 -1.3441550e+00 -7.7662258e-03  1.1789787e-01  4.3282984e-04 -7.5038783e-03
 -1.2615613e+01 -2.3392205e-01  3.4328928e+00  9.3836337e-02 -1.3392009e+00 -7.7387579e-03  1.1753230e-01  4.3109822e-04 -7.4751796e-03
 -1.2621609e+01 -2.3131607e-01  3.4015093e+00  9.3275614e-02 -1.3333091e+00 -7.7050659e-03  1.1712413e-01  4.2919294e-04 -7.4452772e-03
 -1.2627502e+01 -2.2863489e-01  3.3689771e+00  9.2778794e-02 -1.3279967e+00 -7.6827407e-03  1.1679579e-01  4.2739016e-04 -7.4114702e-03
 -1.2633357e+01 -2.2607903e-01  3.3380706e+00  9.2222534e-02 -1.3221276e+00 -7.6485844e-03  1.1638605e-01  4.2551736e-04 -7.3825135e-03
 -1.2639194e+01 -2.2367841e-01  3.3092525e+00  9.1565289e-02 -1.3152970e+00 -7.5939675e-03  1.1582534e-01  4.2347968e-04 -7.3608533e-03
 -1.2644907e+01 -2.2122909e-01  3.2795298e+00  9.1017880e-02 -1.3095304e+00 -7.5569521e-03  1.1539772e-01  4.2166820e-04 -7.3350207e-03
 -1.2650564e+01 -2.1876413e-01  3.2495544e+00  9.0463698e-02 -1.3036540e+00 -7.5195548e-03  1.1496159e-01  4.1980861e-04 -7.3081395e-03
 -1.2656248e+01 -2.1637219e-01  3.2207623e+00  8.9744836e-02 -1.2960892e+00 -7.4614701e-03  1.1437573e-01  4.1766278e-04 -7.2851880e-03
 -1.2661839e+01 -2.1403044e-01  3.1924257e+00  8.9083403e-02 -1.2891260e+00 -7.4065388e-03  1.1381108e-01  4.1564534e-04 -7.2638104e-03
 -1.2667442e+01 -2.1174929e-01  3.1650310e+00  8.8308848e-02 -1.2810075e+00 -7.3349699e-03  1.1312044e-01  4.1341304e-04 -7.2461348e-03
 -1.2672813e+01 -2.0932512e-01  3.1351385e+00  8.7846808e-02 -1.2760009e+00 -7.3083560e-03  1.1276199e-01  4.1173844e-04 -7.2178305e-03
 -1.2678154e+01 -2.0689476e-01  3.1051767e+00  8.7358326e-02 -1.2706968e+00 -7.2809500e-03  1.1240203e-01  4.1003560e-04 -7.1890308e-03
 -1.2683533e+01 -2.0440832e-01  3.0747695e+00  8.6695574e-02 -1.2634950e+00 -7.2420263e-03  1.1196411e-01  4.0802188e-04 -7.1579888e-03
 -1.2688896e+01 -2.0231242e-01  3.0494461e+00  8.5927054e-02 -1.2554336e+00 -7.1600173e-03  1.1118125e-01  4.0578062e-04 -7.1461019e-03
 -1.2694197e+01 -2.0016593e-01  3.0233724e+00  8.5179284e-02 -1.2474972e+00 -7.0928703e-03  1.1053173e-01  4.0368337e-04 -7.1289749e-03
 -1.2699451e+01 -1.9763219e-01  2.9922786e+00  8.4486149e-02 -1.2398840e+00 -7.0514833e-03  1.1006483e-01  4.0157454e-04 -7.0965532e-03
 -1.2704887e+01 -1.9542164e-01  2.9661450e+00  8.3227798e-02 -1.2263921e+00 -6.9460478e-03  1.0914782e-01  3.9855702e-04 -7.0754103e-03
 -1.2710048e+01 -1.9341168e-01  2.9416437e+00  8.2531497e-02 -1.2190948e+00 -6.8588345e-03  1.0830297e-01  3.9645022e-04 -7.0699537e-03
 -1.2715109e+01 -1.9124776e-01  2.9149778e+00  8.1868276e-02 -1.2119284e+00 -6.7981286e-03  1.0767777e-01  3.9442052e-04 -7.0510376e-03
 -1.2720232e+01 -1.8927985e-01  2.8911681e+00  8.0945246e-02 -1.2020578e+00 -6.7088357e-03  1.0686056e-01  3.9204193e-04 -7.0383926e-03
 -1.2725187e+01 -1.8697031e-01  2.8624456e+00  8.0382571e-02 -1.1958658e+00 -6.6616256e-03  1.0632223e-01  3.9013205e-04 -7.0150336e-03
 -1.2730112e+01 -1.8481848e-01  2.8357635e+00  7.9714708e-02 -1.1885269e+00 -6.6159996e-03  1.0584479e-01  3.8825095e-04 -6.9906744e-03
 -1.2735051e+01 -1.8243988e-01  2.8063266e+00  7.8977324e-02 -1.1803323e+00 -6.5677818e-03  1.0532672e-01  3.8610981e-04 -6.9607552e-03
 -1.2739732e+01 -1.8050966e-01  2.7818241e+00  7.8622170e-02 -1.1764390e+00 -6.5317680e-03  1.0488666e-01  3.8469775e-04 -6.9447402e-03
 -1.2744627e+01 -1.7821079e-01  2.7534480e+00  7.7814102e-02 -1.1675094e+00 -6.4694718e-03  1.0425440e-01  3.8241854e-04 -6.9190636e-03
 -1.2749469e+01 -1.7617977e-01  2.7284224e+00  7.6997980e-02 -1.1586157e+00 -6.3922326e-03  1.0350873e-01  3.8018939e-04 -6.9033392e-03
 -1.2754121e+01 -1.7402913e-01  2.7012751e+00  7.6488346e-02 -1.1528647e+00 -6.3630659e-03  1.0314499e-01  3.7855521e-04 -6.8763983e-03
 -1.2758902e+01 -1.7190276e-01  2.6750190e+00  7.5620264e-02 -1.1432902e+00 -6.2892954e-03  1.0242753e-01  3.7621209e-04 -6.8553095e-03
 -1.2763551e+01 -1.7006454e-01  2.6520872e+00  7.4890412e-02 -1.1352857e+00 -6.2221475e-03  1.0177421e-01  3.7423181e-04 -6.8404377e-03
 -1.2768171e+01 -1.6788185e-01  2.6246567e+00  7.4286737e-02 -1.1285245e+00 -6.1711944e-03  1.0120909e-01  3.7229306e-04 -6.8178363e-03
 -1.2772773e+01 -1.6604213e-01  2.6017046e+00  7.3542908e-02 -1.1203743e+00 -6.0932208e-03  1.0044731e-01  3.7019985e-04 -6.8062712e-03
 -1.2777718e+01 -1.6405818e-01  2.5782454e+00  7.1984068e-02 -1.1033458e+00 -5.9388899e-03  9.9106148e-02  3.6661720e-04 -6.7962422e-03
 -1.2782169e+01 -1.6187979e-01  2.5505383e+00  7.1493290e-02 -1.0976995e+00 -5.9120730e-03  9.8753296e-02  3.6503130e-04 -6.7688031e-03
 -1.2786533e+01 -1.6020589e-01  2.5291200e+00  7.0995674e-02 -1.0921558e+00 -5.8699884e-03  9.8308109e-02  3.6362084e-04 -6.7547909e-03
 -1.2791161e+01 -1.5836388e-01  2.5066085e+00  6.9867603e-02 -1.0797631e+00 -5.7439683e-03  9.7141266e-02  3.6066718e-04 -6.7469878e-03
 -1.2795451e+01 -1.5683571e-01  2.4869962e+00  6.9342732e-02 -1.0739563e+00 -5.6833671e-03  9.6520007e-02  3.5906475e-04 -6.7389519e-03
 -1.2799765e+01 -1.5458080e-01  2.4581382e+00  6.8868391e-02 -1.0683447e+00 -5.6754905e-03  9.6341960e-02  3.5761393e-04 -6.7037246e-03
 -1.2804143e+01 -1.5230910e-01  2.4293978e+00  6.8155415e-02 -1.0601218e+00 -5.6365305e-03  9.5899299e-02  3.5559351e-04 -6.6707791e-03
 -1.2808454e+01 -1.5097314e-01  2.4125738e+00  6.7370392e-02 -1.0515565e+00 -5.5348603e-03  9.4947547e-02  3.5351014e-04 -6.6728336e-03
 -1.2813090e+01 -1.4845622e-01  2.3816895e+00  6.6136532e-02 -1.0376852e+00 -5.4316190e-03  9.3970671e-02  3.5044577e-04 -6.6471626e-03
 -1.2817281e+01 -1.4774430e-01  2.3728304e+00  6.5058097e-02 -1.0259345e+00 -5.2792821e-03  9.2604160e-02  3.4769412e-04 -6.6605825e-03
 -1.2821519e+01 -1.4589632e-01  2.3492885e+00  6.4433761e-02 -1.0188626e+00 -5.2247546e-03  9.2037052e-02  3.4597234e-04 -6.6446606e-03
 -1.2825975e+01 -1.4377499e-01  2.3231606e+00  6.3175820e-02 -1.0046961e+00 -5.1110359e-03  9.0978615e-02  3.4286492e-04 -6.6240961e-03
 -1.2830273e+01 -1.4179285e-01  2.2983122e+00  6.2200990e-02 -9.9363565e-01 -5.0304634e-03  9.0205699e-02  3.4043915e-04 -6.6031534e-03
 -1.2834367e+01 -1.3986248e-01  2.2734790e+00  6.1612405e-02 -9.8680890e-01 -4.9769175e-03  8.9603320e-02  3.3851157e-04 -6.5819244e-03
 -1.2838687e+01 -1.3878451e-01  2.2605224e+00  6.0318887e-02 -9.7261924e-01 -4.8234053e-03  8.8276260e-02  3.3580596e-04 -6.5941932e-03
 -1.2842663e+01 -1.3698161e-01  2.2370460e+00  5.9850775e-02 -9.6710837e-01 -4.7813384e-03  8.7770551e-02  3.3414972e-04 -6.5738978e-03
 -1.2846719e+01 -1.3490482e-01  2.2103941e+00  5.9150971e-02 -9.5888424e-01 -4.7393828e-03  8.7293297e-02  3.3212930e-04 -6.5425951e-03
 -1.2851072e+01 -1.3286085e-01  2.1852629e+00  5.7786573e-02 -9.4346493e-01 -4.6162908e-03  8.6174607e-02  3.2900393e-04 -6.5256553e-03
 -1.2855010e+01 -1.3115966e-01  2.1631446e+00  5.7240546e-02 -9.3710995e-01 -4.5642629e-03  8.5600451e-02  3.2729845e-04 -6.5091895e-03
 -1.2859076e+01 -1.2951696e-01  2.1423173e+00  5.6334235e-02 -9.2683893e-01 -4.4621774e-03  8.4609129e-02  3.2487098e-04 -6.5011480e-03
 -1.2862962e+01 -1.2806115e-01  2.1233704e+00  5.5625848e-02 -9.1865236e-01 -4.3999031e-03  8.3987780e-02  3.2303145e-04 -6.4860713e-03
 -1.2866885e+01 -1.2593497e-01  2.0958104e+00  5.5144422e-02 -9.1284877e-01 -4.3816515e-03  8.3711669e-02  3.2156793e-04 -6.4560063e-03
 -1.2870798e+01 -1.2430360e-01  2.0748169e+00  5.4279868e-02 -9.0282679e-01 -4.3148766e-03  8.3061904e-02  3.1944070e-04 -6.4350981e-03
 -1.2874683e+01 -1.2223892e-01  2.0480177e+00  5.3818051e-02 -8.9729416e-01 -4.2875418e-03  8.2696706e-02  3.1798150e-04 -6.4104544e-03
 -1.2878332e+01 -1.2095545e-01  2.0306039e+00  5.3601392e-02 -8.9466864e-01 -4.2557106e-03  8.2289040e-02  3.1698853e-04 -6.4024334e-03
 -1.2882322e+01 -1.1863913e-01  2.0011251e+00  5.2658271e-02 -8.8358355e-01 -4.2008613e-03  8.1718683e-02  3.1460490e-04 -6.3670999e-03
 -1.2886093e+01 -1.1708276e-01  1.9807477e+00  5.2040864e-02 -8.7633514e-01 -4.1582384e-03  8.1275731e-02  3.1307340e-04 -6.3485675e-03
 -1.2889717e+01 -1.1604929e-01  1.9667090e+00  5.1607028e-02 -8.7133592e-01 -4.0865932e-03  8.0520988e-02  3.1154527e-04 -6.3489736e-03
 -1.2893471e+01 -1.1439819e-01  1.9451270e+00  5.1026333e-02 -8.6450821e-01 -4.0398128e-03  8.0017231e-02  3.0997751e-04 -6.3321008e-03
 -1.2897036e+01 -1.1299469e-01  1.9261694e+00  5.0722450e-02 -8.6076105e-01 -4.0136739e-03  7.9664923e-02  3.0880058e-04 -6.3155042e-03
 -1.2900756e+01 -1.1104361e-01  1.9007665e+00  5.0011914e-02 -8.5222423e-01 -3.9856685e-03  7.9341255e-02  3.0698982e-04 -6.2807263e-03
 -1.2904379e+01 -1.0948732e-01  1.8800793e+00  4.9630269e-02 -8.4762901e-01 -3.9567896e-03  7.8983717e-02  3.0581685e-04 -6.2647904e-03
 -1.2907994e+01 -1.0778527e-01  1.8575341e+00  4.9234398e-02 -8.4280735e-01 -3.9316192e-03  7.8647867e-02  3.0453241e-04 -6.2438506e-03
 -1.2911791e+01 -1.0570679e-01  1.8308539e+00  4.8353121e-02 -8.3242059e-01 -3.8773220e-03  7.8097925e-02  3.0244072e-04 -6.2155398e-03
 -1.2915656e+01 -1.0367294e-01  1.8050619e+00  4.7218010e-02 -8.1921118e-01 -3.7794977e-03  7.7148400e-02  2.9961241e-04 -6.1926078e-03
 -1.2918971e+01 -1.0285259e-01  1.7930751e+00  4.7145154e-02 -8.1816202e-01 -3.7605555e-03  7.6867200e-02  2.9898452e-04 -6.1874539e-03
 -1.2922370e+01 -1.0179729e-01  1.7783837e+00  4.6907444e-02 -8.1522393e-01 -3.7379954e-03  7.6580144e-02  2.9820623e-04 -6.1788936e-03
 -1.2925926e+01 -1.0003916e-01  1.7551544e+00  4.6439476e-02 -8.0953789e-01 -3.7079484e-03  7.6202415e-02  2.9676565e-04 -6.1562588e-03
 -1.2929485e+01 -9.8309949e-02  1.7323883e+00  4.5812018e-02 -8.0196106e-01 -3.6817442e-03  7.5904183e-02  2.9519698e-04 -6.1271158e-03
 -1.2932901e+01 -9.6801385e-02  1.7119921e+00  4.5564286e-02 -7.9880697e-01 -3.6652172e-03  7.5636335e-02  2.9420515e-04 -6.1094943e-03
 -1.2936206e+01 -9.5662840e-02  1.6960744e+00  4.5429509e-02 -7.9698467e-01 -3.6518404e-03  7.5403735e-02  2.9348064e-04 -6.0978094e-03
 -1.2939630e+01 -9.4225168e-02  1.6767253e+00  4.5031462e-02 -7.9211622e-01 -3.6262714e-03  7.5085647e-02  2.9231334e-04 -6.0799159e-03
 -1.2942921e+01 -9.3507692e-02  1.6663682e+00  4.4672649e-02 -7.8782737e-01 -3.5861547e-03  7.4668594e-02  2.9137413e-04 -6.0767657e-03
 -1.2946257e+01 -9.2675693e-02  1.6547455e+00  4.4167966e-02 -7.8187865e-01 -3.5148722e-03  7.3932298e-02  2.8980157e-04 -6.0750726e-03
 -1.2950015e+01 -9.0391479e-02  1.6256981e+00  4.3074708e-02 -7.6904678e-01 -3.4279511e-03  7.3074177e-02  2.8716898e-04 -6.0502202e-03
 -1.2953408e+01 -8.8867404e-02  1.6053237e+00  4.2561073e-02 -7.6279056e-01 -3.3953346e-03  7.2694294e-02  2.8573457e-04 -6.0288389e-03
 -1.2956943e+01 -8.7976813e-02  1.5938628e+00  4.1269448e-02 -7.4783772e-01 -3.2527705e-03  7.1391009e-02  2.8278027e-04 -6.0277963e-03
 -1.2960416e+01 -8.5727885e-02  1.5643640e+00  4.0816348e-02 -7.4220324e-01 -3.2284218e-03  7.1024448e-02  2.8120971e-04 -5.9981486e-03
 -1.2963779e+01 -8.4199898e-02  1.5439276e+00  4.0322408e-02 -7.3616827e-01 -3.2038621e-03  7.0735134e-02  2.7997163e-04 -5.9769265e-03
 -1.2966952e+01 -8.3230697e-02  1.5301222e+00  4.0180188e-02 -7.3426080e-01 -3.1899358e-03  7.0515700e-02  2.7935259e-04 -5.9679970e-03
 -1.2970169e+01 -8.1922732e-02  1.5121366e+00  3.9889395e-02 -7.3052442e-01 -3.1807255e-03  7.0345335e-02  2.7841030e-04 -5.9471731e-03
 -1.2973417e+01 -8.0568887e-02  1.4936481e+00  3.9643470e-02 -7.2740614e-01 -3.1544948e-03  6.9985405e-02  2.7737793e-04 -5.9341961e-03
 -1.2976655e+01 -7.9133324e-02  1.4741757e+00  3.9214551e-02 -7.2203594e-01 -3.1454836e-03  6.9844894e-02  2.7632061e-04 -5.9090154e-03
 -1.2979909e+01 -7.7718452e-02  1.4550174e+00  3.8812678e-02 -7.1704441e-01 -3.1283244e-03  6.9619231e-02  2.7525748e-04 -5.8886558e-03
 -1.2983279e+01 -7.5756460e-02  1.4292192e+00  3.8145758e-02 -7.0891368e-01 -3.0902065e-03  6.9178462e-02  2.7343514e-04 -5.8592604e-03
 -1.2986597e+01 -7.4546166e-02  1.4130697e+00  3.7432842e-02 -7.0048577e-01 -3.0105109e-03  6.8380482e-02  2.7161685e-04 -5.8537601e-03
 -1.2989790e+01 -7.3429137e-02  1.3977282e+00  3.6971614e-02 -6.9487977e-01 -2.9638058e-03  6.7870811e-02  2.7027668e-04 -5.8433427e-03
 -1.2994373e+01 -6.9232814e-02  1.3474331e+00  3.3121433e-02 -6.4997578e-01 -2.6562612e-03  6.5177783e-02  2.6247231e-04 -5.7938080e-03
 -1.2997371e+01 -6.8472899e-02  1.3361125e+00  3.3033863e-02 -6.4866334e-01 -2.6357728e-03  6.4876556e-02  2.6179751e-04 -5.7879491e-03
 -1.3000412e+01 -6.7792535e-02  1.3259878e+00  3.2849804e-02 -6.4630127e-01 -2.6079121e-03  6.4542651e-02  2.6114471e-04 -5.7859533e-03
 -1.3003260e+01 -6.7829102e-02  1.3246375e+00  3.2851961e-02 -6.4615655e-01 -2.5692834e-03  6.4087257e-02  2.6069206e-04 -5.7971510e-03
 -1.3006524e+01 -6.6123828e-02  1.3020529e+00  3.2185357e-02 -6.3805223e-01 -2.5192185e-03  6.3542232e-02  2.5892514e-04 -5.7759113e-03
 -1.3009602e+01 -6.5535143e-02  1.2934536e+00  3.1657096e-02 -6.3175803e-01 -2.4298525e-03  6.2621817e-02  2.5726823e-04 -5.7819127e-03
 -1.3012690e+01 -6.4464197e-02  1.2786407e+00  3.1103499e-02 -6.2493664e-01 -2.3970867e-03  6.2281970e-02  2.5600567e-04 -5.7644141e-03
 -1.3015742e+01 -6.3292615e-02  1.2623187e+00  3.0911241e-02 -6.2240219e-01 -2.3749035e-03  6.1965335e-02  2.5516644e-04 -5.7541276e-03
 -1.3018823e+01 -6.2251348e-02  1.2478187e+00  3.0633559e-02 -6.1896765e-01 -2.3310555e-03  6.1454713e-02  2.5416550e-04 -5.7516024e-03
 -1.3021775e+01 -6.1349817e-02  1.2348622e+00  3.0273836e-02 -6.1434722e-01 -2.3160807e-03  6.1261188e-02  2.5321500e-04 -5.7333452e-03
 -1.3024689e+01 -6.0537633e-02  1.2229009e+00  3.0137872e-02 -6.1240596e-01 -2.3084602e-03  6.1106890e-02  2.5262887e-04 -5.7216748e-03
 -1.3027586e+01 -5.9678543e-02  1.2103324e+00  2.9960839e-02 -6.0993612e-01 -2.3050862e-03  6.1000217e-02  2.5199380e-04 -5.7059913e-03
 -1.3031168e+01 -5.6708992e-02  1.1724976e+00  2.8762685e-02 -5.9562188e-01 -2.2367430e-03  6.0328782e-02  2.4945661e-04 -5.6706360e-03
 -1.3034077e+01 -5.5576283e-02  1.1564863e+00  2.8526813e-02 -5.9242380e-01 -2.2226607e-03  6.0086787e-02  2.4843679e-04 -5.6511429e-03
 -1.3037005e+01 -5.4630835e-02  1.1429633e+00  2.8292291e-02 -5.8934224e-01 -2.2043742e-03  5.9833918e-02  2.4763323e-04 -5.6392886e-03
 -1.3039930e+01 -5.3878319e-02  1.1320028e+00  2.7943395e-02 -5.8495444e-01 -2.1721653e-03  5.9475660e-02  2.4669591e-04 -5.6312443e-03
 -1.3042773e+01 -5.3207684e-02  1.1218417e+00  2.7845055e-02 -5.8351463e-01 -2.1474899e-03  5.9135381e-02  2.4599661e-04 -5.6269937e-03
 -1.3045631e+01 -5.2361719e-02  1.1094748e+00  2.7687121e-02 -5.8130652e-01 -2.1395434e-03  5.8981530e-02  2.4538484e-04 -5.6145983e-03
 -1.3048620e+01 -5.0999772e-02  1.0908823e+00  2.7193120e-02 -5.7508516e-01 -2.1304821e-03  5.8867689e-02  2.4435803e-04 -5.5894139e-03
 -1.3051424e+01 -5.0298367e-02  1.0802363e+00  2.7208241e-02 -5.7496727e-01 -2.1186783e-03  5.8638353e-02  2.4388103e-04 -5.5841473e-03
 -1.3054798e+01 -4.8396397e-02  1.0560801e+00  2.5615320e-02 -5.5606204e-01 -1.9646869e-03  5.7181526e-02  2.4031432e-04 -5.5700387e-03
 -1.3057538e+01 -4.7986466e-02  1.0491396e+00  2.5556719e-02 -5.5506003e-01 -1.9491425e-03  5.6948952e-02  2.3983984e-04 -5.5664838e-03
 -1.3060360e+01 -4.7135577e-02  1.0367275e+00  2.5400663e-02 -5.5287540e-01 -1.9418235e-03  5.6803722e-02  2.3925587e-04 -5.5543855e-03
 -1.3063112e+01 -4.6454512e-02  1.0263287e+00  2.5366202e-02 -5.5211705e-01 -1.9409299e-03  5.6707036e-02  2.3886634e-04 -5.5445228e-03
 -1.3065994e+01 -4.5264028e-02  1.0097355e+00  2.5085492e-02 -5.4843128e-01 -1.9375290e-03  5.6615263e-02  2.3813079e-04 -5.5251624e-03
 -1.3068822e+01 -4.4381630e-02  9.9706441e-01  2.4764877e-02 -5.4431301e-01 -1.9086647e-03  5.6266703e-02  2.3712622e-04 -5.5136797e-03
 -1.3071781e+01 -4.2990677e-02  9.7818369e-01  2.4277924e-02 -5.3824836e-01 -1.8774200e-03  5.5910721e-02  2.3590148e-04 -5.4963217e-03
 -1.3074587e+01 -4.2212937e-02  9.6685761e-01  2.3972459e-02 -5.3434151e-01 -1.8410934e-03  5.5485237e-02  2.3487664e-04 -5.4888208e-03
 -1.3077398e+01 -4.1054782e-02  9.5056415e-01  2.3765044e-02 -5.3149098e-01 -1.8443284e-03  5.5445764e-02  2.3424011e-04 -5.4687210e-03
 -1.3080053e+01 -4.0832713e-02  9.4603688e-01  2.3733305e-02 -5.3084260e-01 -1.8237924e-03  5.5167668e-02  2.3382150e-04 -5.4696943e-03
 -1.3084186e+01 -3.7503101e-02  9.0635663e-01  1.9529695e-02 -4.8126963e-01 -1.4090535e-03  5.1408544e-02  2.2518923e-04 -5.4567936e-03
 -1.3086956e+01 -3.7329234e-02  9.0297139e-01  1.9049436e-02 -4.7545779e-01 -1.3067833e-03  5.0344542e-02  2.2359312e-04 -5.4717502e-03
 -1.3089603e+01 -3.7013296e-02  8.9738065e-01  1.8718341e-02 -4.7115290e-01 -1.2700945e-03  4.9938835e-02  2.2263105e-04 -5.4658791e-03
 -1.3092388e+01 -3.6613312e-02  8.9112645e-01  1.8137496e-02 -4.6399495e-01 -1.2164193e-03  4.9429540e-02  2.2147842e-04 -5.4628281e-03
 -1.3095132e+01 -3.5684671e-02  8.7770873e-01  1.8105540e-02 -4.6331334e-01 -1.2082190e-03  4.9243122e-02  2.2101958e-04 -5.4551652e-03
 -1.3097836e+01 -3.4898277e-02  8.6620337e-01  1.7686090e-02 -4.5786914e-01 -1.1992300e-03  4.9138360e-02  2.2015675e-04 -5.4348572e-03
 -1.3100678e+01 -3.3545244e-02  8.4772015e-01  1.7206248e-02 -4.5183688e-01 -1.1484984e-03  4.8546895e-02  2.1858729e-04 -5.4203244e-03
 -1.3103742e+01 -3.0996004e-02  8.1423676e-01  1.6590720e-02 -4.4414535e-01 -1.1375952e-03  4.8375625e-02  2.1718058e-04 -5.3848224e-03
 -1.3106484e+01 -2.9996075e-02  8.0005884e-01  1.6287584e-02 -4.4018418e-01 -1.1180365e-03  4.8120461e-02  2.1631015e-04 -5.3711827e-03
 -1.3109170e+01 -2.9401589e-02  7.9102898e-01  1.6042413e-02 -4.3697619e-01 -1.0843258e-03  4.7724154e-02  2.1549418e-04 -5.3677033e-03
 -1.3111835e+01 -2.8596591e-02  7.7921110e-01  1.5828785e-02 -4.3405038e-01 -1.0748868e-03  4.7568917e-02  2.1484101e-04 -5.3545022e-03
 -1.3114451e+01 -2.8021712e-02  7.7025521e-01  1.5722275e-02 -4.3242958e-01 -1.0645821e-03  4.7393683e-02  2.1434083e-04 -5.3466437e-03
 -1.3117069e+01 -2.7390355e-02  7.6058865e-01  1.5608025e-02 -4.3071494e-01 -1.0549861e-03  4.7225296e-02  2.1383847e-04 -5.3381613e-03
 -1.3119642e+01 -2.6827678e-02  7.5171244e-01  1.5532415e-02 -4.2941636e-01 -1.0551515e-03  4.7154587e-02  2.1343310e-04 -5.3269491e-03
 -1.3122627e+01 -2.4786793e-02  7.2491205e-01  1.4539313e-02 -4.1723102e-01 -9.9324796e-04  4.6536803e-02  2.1127122e-04 -5.2991458e-03
 -1.3126088e+01 -2.1792339e-02  6.8734562e-01  1.2260759e-02 -3.8998574e-01 -7.7876507e-04  4.4500880e-02  2.0635551e-04 -5.2790716e-03
 -1.3128549e+01 -2.1782210e-02  6.8543190e-01  1.2256890e-02 -3.8955799e-01 -7.7181013e-04  4.4369794e-02  2.0612964e-04 -5.2771848e-03
 -1.3130976e+01 -2.1724079e-02  6.8283385e-01  1.2247022e-02 -3.8899589e-01 -7.6713820e-04  4.4247556e-02  2.0576685e-04 -5.2707074e-03
 -1.3133466e+01 -2.1663373e-02  6.8037415e-01  1.2241915e-02 -3.8860452e-01 -7.6182414e-04  4.4145171e-02  2.0565845e-04 -5.2706273e-03
 -1.3135907e+01 -2.1633258e-02  6.7823213e-01  1.2186357e-02 -3.8752565e-01 -7.5918442e-04  4.4071436e-02  2.0540993e-04 -5.2652583e-03
 -1.3138672e+01 -2.0304639e-02  6.6006476e-01  1.1816905e-02 -3.8286060e-01 -7.1675749e-04  4.3565512e-02  2.0421870e-04 -5.2559432e-03
 -1.3141154e+01 -2.0029264e-02  6.5485919e-01  1.1772300e-02 -3.8195014e-01 -7.1192428e-04  4.3452870e-02  2.0390841e-04 -5.2502602e-03
 -1.3143664e+01 -1.9739542e-02  6.4958817e-01  1.1640893e-02 -3.8004282e-01 -6.8975711e-04  4.3168984e-02  2.0335412e-04 -5.2477098e-03
 -1.3146100e+01 -1.9568518e-02  6.4566112e-01  1.1627582e-02 -3.7948197e-01 -6.8958191e-04  4.3103468e-02  2.0311653e-04 -5.2415049e-03
 -1.3148540e+01 -1.9432614e-02  6.4222771e-01  1.1611138e-02 -3.7891248e-01 -6.8437046e-04  4.2987730e-02  2.0285635e-04 -5.2376096e-03
 -1.3150968e+01 -1.9343788e-02  6.3938451e-01  1.1611722e-02 -3.7854138e-01 -6.8243133e-04  4.2907432e-02  2.0265492e-04 -5.2334894e-03
 -1.3153507e+01 -1.8464608e-02  6.2654173e-01  1.1540948e-02 -3.7732452e-01 -6.7847315e-04  4.2769868e-02  2.0211814e-04 -5.2211611e-03
 -1.3155905e+01 -1.8441848e-02  6.2455273e-01  1.1501432e-02 -3.7645847e-01 -6.7208614e-04  4.2650033e-02  2.0182622e-04 -5.2170381e-03
 -1.3158326e+01 -1.8335026e-02  6.2154204e-01  1.1458837e-02 -3.7557763e-01 -6.7073258e-04  4.2591255e-02  2.0164398e-04 -5.2125729e-03
 -1.3160786e+01 -1.8198408e-02  6.1832982e-01  1.1222233e-02 -3.7240538e-01 -6.3405483e-04  4.2175617e-02  2.0085413e-04 -5.2117007e-03
 -1.3164427e+01 -1.1986890e-02  5.3910154e-01  9.2938384e-03 -3.4894601e-01 -5.7495444e-04  4.1586533e-02  1.9695863e-04 -5.1288703e-03
 -1.3166804e+01 -1.1901799e-02  5.3627676e-01  9.3546435e-03 -3.4930721e-01 -5.7174213e-04  4.1474923e-02  1.9676672e-04 -5.1262407e-03
 -1.3169178e+01 -1.1852906e-02  5.3395212e-01  9.3853436e-03 -3.4931341e-01 -5.6747138e-04  4.1364525e-02  1.9658523e-04 -5.1241680e-03
 -1.3171542e+01 -1.1817374e-02  5.3181034e-01  9.3707321e-03 -3.4875259e-01 -5.6380749e-04  4.1271280e-02  1.9636675e-04 -5.1204315e-03
 -1.3173882e+01 -1.1846778e-02  5.3047019e-01  9.3941940e-03 -3.4864652e-01 -5.6056387e-04  4.1174076e-02  1.9616346e-04 -5.1172795e-03
 -1.3176305e+01 -1.1606558e-02  5.2582210e-01  9.3994597e-03 -3.4840339e-01 -5.5341277e-04  4.1036014e-02  1.9596161e-04 -5.1159482e-03
 -1.3178675e+01 -1.1390689e-02  5.2139878e-01  9.3737897e-03 -3.4770238e-01 -5.5306882e-04  4.0969651e-02  1.9568326e-04 -5.1087299e-03
 -1.3181014e+01 -1.1251786e-02  5.1790005e-01  9.4191181e-03 -3.4785107e-01 -5.5706454e-04  4.0937424e-02  1.9551867e-04 -5.1024719e-03
 -1.3183327e+01 -1.1277574e-02  5.1653129e-01  9.4258906e-03 -3.4752837e-01 -5.5724644e-04  4.0881682e-02  1.9532644e-04 -5.0974791e-03
 -1.3185724e+01 -1.0871968e-02  5.0970376e-01  9.5123509e-03 -3.4824744e-01 -5.5959885e-04  4.0814169e-02  1.9517577e-04 -5.0926777e-03
 -1.3188044e+01 -1.0823163e-02  5.0743014e-01  9.4705559e-03 -3.4733984e-01 -5.5831840e-04  4.0750466e-02  1.9491515e-04 -5.0863549e-03
 -1.3190366e+01 -1.0752993e-02  5.0490189e-01  9.4199991e-03 -3.4633020e-01 -5.5658841e-04  4.0683337e-02  1.9464413e-04 -5.0799223e-03
 -1.3192693e+01 -1.0740140e-02  5.0310194e-01  9.5389318e-03 -3.4745741e-01 -5.5158342e-04  4.0548787e-02  1.9455553e-04 -5.0813369e-03
 -1.3195190e+01 -9.7072888e-03  4.8845306e-01  9.3511492e-03 -3.4485266e-01 -5.5055658e-04  4.0476743e-02  1.9398899e-04 -5.0654854e-03
 -1.3198017e+01 -7.1791112e-03  4.5498148e-01  9.2394045e-03 -3.4345296e-01 -5.4242800e-04  4.0252864e-02  1.9328151e-04 -5.0499164e-03
 -1.3200281e+01 -7.1573881e-03  4.5302418e-01  9.1663273e-03 -3.4211755e-01 -5.4209912e-04  4.0199120e-02  1.9291339e-04 -5.0402354e-03
 -1.3202567e+01 -7.1133603e-03  4.5084053e-01  9.1117155e-03 -3.4105352e-01 -5.4061285e-04  4.0136226e-02  1.9263318e-04 -5.0334241e-03
 -1.3204932e+01 -6.4961631e-03  4.4140086e-01  8.8527510e-03 -3.3745775e-01 -5.4832851e-04  4.0192436e-02  1.9210628e-04 -5.0132163e-03
 -1.3207204e+01 -6.4880061e-03  4.3967658e-01  8.8279871e-03 -3.3676153e-01 -5.4782373e-04  4.0136088e-02  1.9187114e-04 -5.0072474e-03
 -1.3209503e+01 -6.4052162e-03  4.3704134e-01  8.8740671e-03 -3.3699480e-01 -5.4390414e-04  4.0027708e-02  1.9170826e-04 -5.0055399e-03
 -1.3211766e+01 -6.3896747e-03  4.3523371e-01  8.8470979e-03 -3.3627048e-01 -5.4279203e-04  3.9963137e-02  1.9144527e-04 -4.9992329e-03
 -1.3214051e+01 -6.2836045e-03  4.3230957e-01  8.8227587e-03 -3.3560899e-01 -5.4020254e-04  3.9880615e-02  1.9118447e-04 -4.9937619e-03
 -1.3216320e+01 -6.2085832e-03  4.2977908e-01  8.7957308e-03 -3.3490932e-01 -5.3598121e-04  3.9780039e-02  1.9089734e-04 -4.9885544e-03
 -1.3219804e+01 -8.3094143e-04  3.6109191e-01  7.1909544e-03 -3.1571701e-01 -3.9715963e-04  3.8309339e-02  1.8707608e-04 -4.9559507e-03
 -1.3222052e+01 -8.2665752e-04  3.5947871e-01  7.0797815e-03 -3.1395191e-01 -3.9614833e-04  3.8269803e-02  1.8677131e-04 -4.9477997e-03
 -1.3224281e+01 -8.2145236e-04  3.5782874e-01  6.9841202e-03 -3.1236514e-01 -3.9609161e-04  3.8234897e-02  1.8647456e-04 -4.9394039e-03
 -1.3226524e+01 -8.1961689e-04  3.5627136e-01  6.8920543e-03 -3.1085598e-01 -3.9074189e-04  3.8142975e-02  1.8615567e-04 -4.9334988e-03
 -1.3228744e+01 -8.1255275e-04  3.5460719e-01  6.7967596e-03 -3.0927286e-01 -3.8746485e-04  3.8067918e-02  1.8578689e-04 -4.9252193e-03
 -1.3230975e+01 -8.0201513e-04  3.5292658e-01  6.7503601e-03 -3.0832425e-01 -3.8490284e-04  3.7995718e-02  1.8552488e-04 -4.9195485e-03
 -1.3233188e+01 -7.9763756e-04  3.5128805e-01  6.7413491e-03 -3.0781880e-01 -3.8347711e-04  3.7922163e-02  1.8525014e-04 -4.9133282e-03
 -1.3235422e+01 -7.8033918e-04  3.4954587e-01  6.7629344e-03 -3.0774677e-01 -3.7996433e-04  3.7828583e-02  1.8509531e-04 -4.9113375e-03
 -1.3237631e+01 -7.8221509e-04  3.4802717e-01  6.7101200e-03 -3.0670589e-01 -3.7678619e-04  3.7747409e-02  1.8477956e-04 -4.9046990e-03
 -1.3239866e+01 -7.7661587e-04  3.4649777e-01  6.6615213e-03 -3.0577818e-01 -3.7015782e-04  3.7638478e-02  1.8455279e-04 -4.9021095e-03
 -1.3242065e+01 -7.7587500e-04  3.4494504e-01  6.6431137e-03 -3.0516601e-01 -3.6851389e-04  3.7567075e-02  1.8428953e-04 -4.8961658e-03
 -1.3244277e+01 -7.7473716e-04  3.4343606e-01  6.6277492e-03 -3.0462205e-01 -3.6600183e-04  3.7491769e-02  1.8407908e-04 -4.8919981e-03
 -1.3246514e+01 -7.6982356e-04  3.4197462e-01  6.6093961e-03 -3.0411428e-01 -3.5832656e-04  3.7374150e-02  1.8397857e-04 -4.8931879e-03
 -1.3248674e+01 -7.6786662e-04  3.4035367e-01  6.5990705e-03 -3.0355665e-01 -3.5436792e-04  3.7258577e-02  1.8353549e-04 -4.8844139e-03
 -1.3250866e+01 -7.6698826e-04  3.3884928e-01  6.5965806e-03 -3.0316821e-01 -3.5148970e-04  3.7173793e-02  1.8331234e-04 -4.8802532e-03
 -1.3253060e+01 -7.6706550e-04  3.3737850e-01  6.6036237e-03 -3.0291149e-01 -3.4998709e-04  3.7106588e-02  1.8314648e-04 -4.8767943e-03
 -1.3255239e+01 -7.6635060e-04  3.3587417e-01  6.6003860e-03 -3.0250448e-01 -3.4785736e-04  3.7028316e-02  1.8290862e-04 -4.8718541e-03
 -1.3257406e+01 -7.6270301e-04  3.3429962e-01  6.6470760e-03 -3.0270508e-01 -3.4295832e-04  3.6897313e-02  1.8258177e-04 -4.8669172e-03
 -1.3259604e+01 -7.6197751e-04  3.3289754e-01  6.6299546e-03 -3.0219194e-01 -3.4094765e-04  3.6842607e-02  1.8252357e-04 -4.8659579e-03
 -1.3261773e+01 -7.6131657e-04  3.3141935e-01  6.6127926e-03 -3.0161223e-01 -3.3772172e-04  3.6753304e-02  1.8223225e-04 -4.8602796e-03
 -1.3263946e+01 -7.6055585e-04  3.2997060e-01  6.6239107e-03 -3.0141404e-01 -3.3696077e-04  3.6695331e-02  1.8209773e-04 -4.8571369e-03
 -1.3266154e+01 -7.4938894e-04  3.2846478e-01  6.6200942e-03 -3.0106264e-01 -3.3477889e-04  3.6628854e-02  1.8193998e-04 -4.8542800e-03
 -1.3268272e+01 -7.4989401e-04  3.2694817e-01  6.6437419e-03 -3.0097267e-01 -3.3262209e-04  3.6539260e-02  1.8170584e-04 -4.8495396e-03
 -1.3270416e+01 -7.4682286e-04  3.2544985e-01  6.6162404e-03 -3.0025589e-01 -3.3200128e-04  3.6482181e-02  1.8143585e-04 -4.8427745e-03
 -1.3272562e+01 -7.4775046e-04  3.2402435e-01  6.6079204e-03 -2.9979685e-01 -3.3100939e-04  3.6420766e-02  1.8122388e-04 -4.8377509e-03
 -1.3274715e+01 -7.4409379e-04  3.2256514e-01  6.6108876e-03 -2.9949516e-01 -3.2935388e-04  3.6351468e-02  1.8102983e-04 -4.8336703e-03
 -1.3276862e+01 -7.3208753e-04  3.2100445e-01  6.5953392e-03 -2.9896069e-01 -3.2560749e-04  3.6260229e-02  1.8078032e-04 -4.8292326e-03
 -1.3279005e+01 -7.2463247e-04  3.1950697e-01  6.5992936e-03 -2.9867467e-01 -3.2317292e-04  3.6181431e-02  1.8057832e-04 -4.8253858e-03
 -1.3281138e+01 -7.2414626e-04  3.1809390e-01  6.5852907e-03 -2.9814985e-01 -3.2238773e-04  3.6124296e-02  1.8036173e-04 -4.8200982e-03
 -1.3283271e+01 -7.2541944e-04  3.1670111e-01  6.6498742e-03 -2.9862520e-01 -3.2082084e-04  3.6040924e-02  1.8021531e-04 -4.8176800e-03
 -1.3285397e+01 -7.2328729e-04  3.1528217e-01  6.6386028e-03 -2.9814252e-01 -3.1824748e-04  3.5962638e-02  1.7998186e-04 -4.8130103e-03
 -1.3287514e+01 -7.2373607e-04  3.1389114e-01  6.6279173e-03 -2.9765782e-01 -3.1813583e-04  3.5912123e-02  1.7976992e-04 -4.8074829e-03
 -1.3289632e+01 -7.2179240e-04  3.1248084e-01  6.6279927e-03 -2.9731724e-01 -3.1635899e-04  3.5840303e-02  1.7955374e-04 -4.8028813e-03
 -1.3291748e+01 -7.1921229e-04  3.1107983e-01  6.5994109e-03 -2.9661700e-01 -3.1426287e-04  3.5771307e-02  1.7929859e-04 -4.7972943e-03
 -1.3293864e+01 -7.1916747e-04  3.0971345e-01  6.6430373e-03 -2.9684189e-01 -3.1236492e-04  3.5691325e-02  1.7914933e-04 -4.7947778e-03
 -1.3295978e+01 -7.1638305e-04  3.0832469e-01  6.6466858e-03 -2.9655865e-01 -3.1014753e-04  3.5615344e-02  1.7894122e-04 -4.7906698e-03
 -1.3298111e+01 -7.1157719e-04  3.0695164e-01  6.7487522e-03 -2.9757187e-01 -2.9744394e-04  3.5399422e-02  1.7874957e-04 -4.7937366e-03
 -1.3300211e+01 -7.0996478e-04  3.0558297e-01  6.7332764e-03 -2.9704145e-01 -2.9655869e-04  3.5342693e-02  1.7853112e-04 -4.7884570e-03
 -1.3302302e+01 -7.0314389e-04  3.0414376e-01  6.7103403e-03 -2.9641232e-01 -2.9556340e-04  3.5285067e-02  1.7829708e-04 -4.7827670e-03
 -1.3304389e+01 -7.0238649e-04  3.0278865e-01  6.6829543e-03 -2.9572523e-01 -2.9509258e-04  3.5234705e-02  1.7806100e-04 -4.7767097e-03
 -1.3306476e+01 -7.0066412e-04  3.0143383e-01  6.6583427e-03 -2.9507849e-01 -2.9492422e-04  3.5188518e-02  1.7784169e-04 -4.7709127e-03
 -1.3308562e+01 -6.9839024e-04  3.0007389e-01  6.6698603e-03 -2.9489484e-01 -2.9427942e-04  3.5129134e-02  1.7765714e-04 -4.7665513e-03
 -1.3310640e+01 -6.8606721e-04  2.9858753e-01  6.6589457e-03 -2.9442561e-01 -2.9244725e-04  3.5059165e-02  1.7742314e-04 -4.7614411e-03
 -1.3312718e+01 -6.8443635e-04  2.9724762e-01  6.6695767e-03 -2.9423219e-01 -2.9134200e-04  3.4994066e-02  1.7722219e-04 -4.7569526e-03
 -1.3314791e+01 -6.8401627e-04  2.9592329e-01  6.6776946e-03 -2.9400373e-01 -2.9097329e-04  3.4937967e-02  1.7702823e-04 -4.7521754e-03
 -1.3316862e+01 -6.8413402e-04  2.9462621e-01  6.6809035e-03 -2.9372609e-01 -2.8897583e-04  3.4866169e-02  1.7682857e-04 -4.7481353e-03
 -1.3318931e+01 -6.8457774e-04  2.9333210e-01  6.6764248e-03 -2.9334196e-01 -2.8796814e-04  3.4805600e-02  1.7660984e-04 -4.7430275e-03
 -1.3321024e+01 -6.9219188e-04  2.9218215e-01  6.7424779e-03 -2.9388982e-01 -2.8830193e-04  3.4753792e-02  1.7654235e-04 -4.7415416e-03
 -1.3323061e+01 -6.9039548e-04  2.9080269e-01  6.8318467e-03 -2.9467437e-01 -2.8822370e-04  3.4676809e-02  1.7638467e-04 -4.7381804e-03
 -1.3325114e+01 -6.8570761e-04  2.8946334e-01  6.8117632e-03 -2.9410237e-01 -2.8629441e-04  3.4610856e-02  1.7616407e-04 -4.7333441e-03
 -1.3327168e+01 -6.8333244e-04  2.8816110e-01  6.7891153e-03 -2.9349571e-01 -2.8545308e-04  3.4558099e-02  1.7594516e-04 -4.7279513e-03
 -1.3329213e+01 -6.8286801e-04  2.8687060e-01  6.8020425e-03 -2.9333314e-01 -2.8617826e-04  3.4514062e-02  1.7576176e-04 -4.7228807e-03
 -1.3331262e+01 -6.8112818e-04  2.8558660e-01  6.8088411e-03 -2.9310653e-01 -2.8490837e-04  3.4450054e-02  1.7556766e-04 -4.7186059e-03
 -1.3333305e+01 -6.8009045e-04  2.8431413e-01  6.8148398e-03 -2.9286990e-01 -2.8349922e-04  3.4384597e-02  1.7537260e-04 -4.7143647e-03
 -1.3335341e+01 -6.7798776e-04  2.8301808e-01  6.8475646e-03 -2.9296634e-01 -2.8363758e-04  3.4329690e-02  1.7520291e-04 -4.7101439e-03
 -1.3337382e+01 -6.7299634e-04  2.8171086e-01  6.8343580e-03 -2.9248318e-01 -2.8325382e-04  3.4279492e-02  1.7498007e-04 -4.7045299e-03
 -1.3339415e+01 -6.6342711e-04  2.8036222e-01  6.8071792e-03 -2.9184675e-01 -2.7421783e-04  3.4132324e-02  1.7467278e-04 -4.7014994e-03
 -1.3341439e+01 -6.6059188e-04  2.7907839e-01  6.7957086e-03 -2.9138327e-01 -2.7309640e-04  3.4072679e-02  1.7444849e-04 -4.6962206e-03
 -1.3343461e+01 -6.5792468e-04  2.7781174e-01  6.7545613e-03 -2.9054502e-01 -2.7160440e-04  3.4016114e-02  1.7419273e-04 -4.6901372e-03
 -1.3345473e+01 -6.5459608e-04  2.7652240e-01  6.7398851e-03 -2.9003680e-01 -2.7052639e-04  3.3956595e-02  1.7395485e-04 -4.6844743e-03
 -1.3347496e+01 -6.5362640e-04  2.7530217e-01  6.7212498e-03 -2.8949887e-01 -2.6946960e-04  3.3903334e-02  1.7375243e-04 -4.6796510e-03
 -1.3349520e+01 -6.4906600e-04  2.7405357e-01  6.7125200e-03 -2.8910217e-01 -2.6574897e-04  3.3818189e-02  1.7354758e-04 -4.6763285e-03
 -1.3351519e+01 -6.4685661e-04  2.7279213e-01  6.6730855e-03 -2.8827655e-01 -2.6251690e-04  3.3736717e-02  1.7323349e-04 -4.6698241e-03
 -1.3353528e+01 -6.4423436e-04  2.7156013e-01  6.6452129e-03 -2.8762120e-01 -2.5995274e-04  3.3666797e-02  1.7299831e-04 -4.6649375e-03
 -1.3355539e+01 -6.4398092e-04  2.7036965e-01  6.6402685e-03 -2.8726271e-01 -2.5887135e-04  3.3610597e-02  1.7280941e-04 -4.6605817e-03
 -1.3357540e+01 -6.4337399e-04  2.6916251e-01  6.6606235e-03 -2.8722435e-01 -2.5581112e-04  3.3523131e-02  1.7260655e-04 -4.6572061e-03
 -1.3359543e+01 -6.4163830e-04  2.6795366e-01  6.6622980e-03 -2.8694680e-01 -2.5500418e-04  3.3467337e-02  1.7241320e-04 -4.6526566e-03
 -1.3361534e+01 -6.3993782e-04  2.6674256e-01  6.6507608e-03 -2.8649792e-01 -2.5374995e-04  3.3408754e-02  1.7220073e-04 -4.6477490e-03
 -1.3363512e+01 -6.3811243e-04  2.6550519e-01  6.6600107e-03 -2.8629789e-01 -2.5408546e-04  3.3360671e-02  1.7199689e-04 -4.6423408e-03
 -1.3365514e+01 -6.3873112e-04  2.6436511e-01  6.6588847e-03 -2.8600225e-01 -2.5240026e-04  3.3298705e-02  1.7181796e-04 -4.6386141e-03
 -1.3367488e+01 -6.3719816e-04  2.6315734e-01  6.6418066e-03 -2.8547776e-01 -2.4957670e-04  3.3220313e-02  1.7155833e-04 -4.6333820e-03
 -1.3369480e+01 -6.3675677e-04  2.6201126e-01  6.6172159e-03 -2.8488338e-01 -2.4635284e-04  3.3145152e-02  1.7133885e-04 -4.6292916e-03
 -1.3371452e+01 -6.3471007e-04  2.6081765e-01  6.5979501e-03 -2.8433919e-01 -2.4487005e-04  3.3085931e-02  1.7111596e-04 -4.6241856e-03
 -1.3373438e+01 -6.3167274e-04  2.5964290e-01  6.5956870e-03 -2.8403071e-01 -2.4289235e-04  3.3020388e-02  1.7092931e-04 -4.6204114e-03
 -1.3375402e+01 -6.2763580e-04  2.5842378e-01  6.5851444e-03 -2.8359541e-01 -2.3895565e-04  3.2927018e-02  1.7065652e-04 -4.6155471e-03
 -1.3377335e+01 -6.0663017e-04  2.5691289e-01  6.5815612e-03 -2.8320050e-01 -2.3779477e-04  3.2852635e-02  1.7031492e-04 -4.6075252e-03
 -1.3379336e+01 -6.0534716e-04  2.5584093e-01  6.5581608e-03 -2.8266579e-01 -2.3623426e-04  3.2808758e-02  1.7021863e-04 -4.6055024e-03
 -1.3381303e+01 -5.8850710e-04  2.5449637e-01  6.5356535e-03 -2.8209597e-01 -2.3512293e-04  3.2757048e-02  1.7001665e-04 -4.6006567e-03
 -1.3383256e+01 -5.8878894e-04  2.5334999e-01  6.5559577e-03 -2.8205806e-01 -2.3489298e-04  3.2702781e-02  1.6983029e-04 -4.5961211e-03
 -1.3385196e+01 -5.8889500e-04  2.5217858e-01  6.5703699e-03 -2.8192601e-01 -2.3572835e-04  3.2658398e-02  1.6961477e-04 -4.5902194e-03
 -1.3387143e+01 -5.8821723e-04  2.5103953e-01  6.5495595e-03 -2.8136694e-01 -2.3554920e-04  3.2616150e-02  1.6940940e-04 -4.5847944e-03
 -1.3389093e+01 -5.9045834e-04  2.4995309e-01  6.5237428e-03 -2.8074950e-01 -2.3367975e-04  3.2555372e-02  1.6917952e-04 -4.5796856e-03
 -1.3391018e+01 -5.8387528e-04  2.4870461e-01  6.5301615e-03 -2.8051826e-01 -2.3303642e-04  3.2494403e-02  1.6893038e-04 -4.5737163e-03
 -1.3392981e+01 -5.8193255e-04  2.4761587e-01  6.5082568e-03 -2.7998090e-01 -2.3276437e-04  3.2459758e-02  1.6879344e-04 -4.5700083e-03
 -1.3394905e+01 -5.8407109e-04  2.4651144e-01  6.4598406e-03 -2.7905416e-01 -2.3189146e-04  3.2411881e-02  1.6851618e-04 -4.5629749e-03
 -1.3396842e+01 -5.8410002e-04  2.4541464e-01  6.4404900e-03 -2.7852464e-01 -2.3123690e-04  3.2365590e-02  1.6831883e-04 -4.5580305e-03
 -1.3398787e+01 -5.8474776e-04  2.4434231e-01  6.4675990e-03 -2.7860382e-01 -2.3116139e-04  3.2318000e-02  1.6819101e-04 -4.5548943e-03
 -1.3400708e+01 -5.8316148e-04  2.4321960e-01  6.4258650e-03 -2.7778167e-01 -2.2463693e-04  3.2201663e-02  1.6785174e-04 -4.5495923e-03
 -1.3402897e+01 -5.9998850e-04  2.4322040e-01  5.7196333e-03 -2.6906997e-01 -5.5409688e-05  3.0373884e-02  1.6561423e-04 -4.5829816e-03
 -1.3404808e+01 -5.9558300e-04  2.4205256e-01  5.7007922e-03 -2.6852867e-01 -5.5509412e-05  3.0331738e-02  1.6539171e-04 -4.5769759e-03
 -1.3406730e+01 -5.9095293e-04  2.4091353e-01  5.6736534e-03 -2.6789662e-01 -5.5455457e-05  3.0293126e-02  1.6518046e-04 -4.5713070e-03
 -1.3408638e+01 -5.8064883e-04  2.3968893e-01  5.6302799e-03 -2.6704735e-01 -5.5424814e-05  3.0256612e-02  1.6494616e-04 -4.5648599e-03
 -1.3410547e+01 -5.7923497e-04  2.3859352e-01  5.5925809e-03 -2.6627776e-01 -5.5313612e-05  3.0220067e-02  1.6473178e-04 -4.5590117e-03
 -1.3412461e+01 -5.7871698e-04  2.3752292e-01  5.5659139e-03 -2.6565379e-01 -5.4856999e-05  3.0176738e-02  1.6451425e-04 -4.5534219e-03
 -1.3414354e+01 -5.7856692e-04  2.3643082e-01  5.5261557e-03 -2.6484543e-01 -5.4251090e-05  3.0131448e-02  1.6426267e-04 -4.5469161e-03
 -1.3416247e+01 -5.7491352e-04  2.3530848e-01  5.4815803e-03 -2.6398301e-01 -5.3759650e-05  3.0090371e-02  1.6402134e-04 -4.5405612e-03
 -1.3418148e+01 -5.7412992e-04  2.3423953e-01  5.4626339e-03 -2.6345900e-01 -5.3616612e-05  3.0049451e-02  1.6382139e-04 -4.5352685e-03
 -1.3420036e+01 -5.6813494e-04  2.3308247e-01  5.4314230e-03 -2.6276055e-01 -5.3533895e-05  3.0007513e-02  1.6357032e-04 -4.5285807e-03
 -1.3421936e+01 -5.6752085e-04  2.3203650e-01  5.4174578e-03 -2.6231018e-01 -5.3495733e-05  2.9968787e-02  1.6339066e-04 -4.5237849e-03
 -1.3423819e+01 -5.6533731e-04  2.3094353e-01  5.4152338e-03 -2.6199707e-01 -5.3282838e-05  2.9921787e-02  1.6319643e-04 -4.5187967e-03
 -1.3425708e+01 -5.6360610e-04  2.2987735e-01  5.4042363e-03 -2.6157799e-01 -5.3312058e-05  2.9881123e-02  1.6300114e-04 -4.5136078e-03
 -1.3427589e+01 -5.5677549e-04  2.2874257e-01  5.3794845e-03 -2.6098007e-01 -5.3177209e-05  2.9841229e-02  1.6279097e-04 -4.5079994e-03
 -1.3429470e+01 -5.5960112e-04  2.2774051e-01  5.3585768e-03 -2.6043138e-01 -5.3392061e-05  2.9805183e-02  1.6258843e-04 -4.5024343e-03
 -1.3431344e+01 -5.6105340e-04  2.2672038e-01  5.3373934e-03 -2.5987861e-01 -5.3465988e-05  2.9767314e-02  1.6238568e-04 -4.4969148e-03
 -1.3433219e+01 -5.6162011e-04  2.2569683e-01  5.3206407e-03 -2.5938579e-01 -5.3238109e-05  2.9724862e-02  1.6217942e-04 -4.4915434e-03
 -1.3435085e+01 -5.4627762e-04  2.2445939e-01  5.2893148e-03 -2.5870210e-01 -5.3644475e-05  2.9692220e-02  1.6196092e-04 -4.4853692e-03
 -1.3436959e+01 -5.4430892e-04  2.2341958e-01  5.2698567e-03 -2.5818163e-01 -5.3604777e-05  2.9654274e-02  1.6176738e-04 -4.4801794e-03
 -1.3438821e+01 -5.4146082e-04  2.2235101e-01  5.2518644e-03 -2.5766891e-01 -5.3449523e-05  2.9611800e-02  1.6155244e-04 -4.4745221e-03
 -1.3440679e+01 -5.4033770e-04  2.2131585e-01  5.2389847e-03 -2.5722888e-01 -5.3312062e-05  2.9570058e-02  1.6135514e-04 -4.4693430e-03
 -1.3442543e+01 -5.3498452e-04  2.2024029e-01  5.2287355e-03 -2.5682974e-01 -5.3366177e-05  2.9531173e-02  1.6117093e-04 -4.4644084e-03
 -1.3444395e+01 -5.3274946e-04  2.1919201e-01  5.2028238e-03 -2.5621736e-01 -5.3193740e-05  2.9490998e-02  1.6095283e-04 -4.4586072e-03
 -1.3446251e+01 -5.3106959e-04  2.1817052e-01  5.1822658e-03 -2.5568423e-01 -5.2986397e-05  2.9451221e-02  1.6075018e-04 -4.4532917e-03
 -1.3448102e+01 -5.2851939e-04  2.1713461e-01  5.1668147e-03 -2.5521386e-01 -5.3021464e-05  2.9412365e-02  1.6055124e-04 -4.4479524e-03
 -1.3449940e+01 -5.2841200e-04  2.1612079e-01  5.1480713e-03 -2.5469479e-01 -5.2943651e-05  2.9371742e-02  1.6033644e-04 -4.4422662e-03
 -1.3451788e+01 -5.2516325e-04  2.1508823e-01  5.1349015e-03 -2.5425920e-01 -5.2455973e-05  2.9326860e-02  1.6013913e-04 -4.4372799e-03
 -1.3453640e+01 -5.2437029e-04  2.1410584e-01  5.1179705e-03 -2.5378299e-01 -5.2259096e-05  2.9288430e-02  1.5995430e-04 -4.4324310e-03
 -1.3455469e+01 -5.2365393e-04  2.1309257e-01  5.1024701e-03 -2.5330791e-01 -5.2052397e-05  2.9245827e-02  1.5974564e-04 -4.4269739e-03
 -1.3457305e+01 -5.2595424e-04  2.1214049e-01  5.0808676e-03 -2.5276288e-01 -5.1406751e-05  2.9201243e-02  1.5953783e-04 -4.4217459e-03
 -1.3459147e+01 -5.2699505e-04  2.1118838e-01  5.0700386e-03 -2.5236568e-01 -5.1184801e-05  2.9160999e-02  1.5935594e-04 -4.4170367e-03
 -1.3460976e+01 -5.2605453e-04  2.1019137e-01  5.0870380e-03 -2.5231907e-01 -5.1113886e-05  2.9113211e-02  1.5917842e-04 -4.4125891e-03
 -1.3462813e+01 -5.2376068e-04  2.0920347e-01  5.1070182e-03 -2.5232932e-01 -5.0638311e-05  2.9064225e-02  1.5904113e-04 -4.4093542e-03
 -1.3464632e+01 -5.2468892e-04  2.0824027e-01  5.0774552e-03 -2.5167766e-01 -5.0429298e-05  2.9025577e-02  1.5881509e-04 -4.4033835e-03
 -1.3466458e+01 -5.2301114e-04  2.0725718e-01  5.0661573e-03 -2.5127259e-01 -5.0377919e-05  2.8986817e-02  1.5863118e-04 -4.3984973e-03
 -1.3468272e+01 -5.2184315e-04  2.0627180e-01  5.0417604e-03 -2.5069001e-01 -5.0612744e-05  2.8953008e-02  1.5842298e-04 -4.3927473e-03
 -1.3470092e+01 -5.2075420e-04  2.0530306e-01  5.0208061e-03 -2.5015959e-01 -5.0410046e-05  2.8914483e-02  1.5822354e-04 -4.3874881e-03
 -1.3471908e+01 -5.2073761e-04  2.0435268e-01  5.0184177e-03 -2.4987309e-01 -5.0300125e-05  2.8873259e-02  1.5804353e-04 -4.3828399e-03
 -1.3473718e+01 -5.1884778e-04  2.0337488e-01  5.0073978e-03 -2.4947239e-01 -5.0142218e-05  2.8833093e-02  1.5785587e-04 -4.3779253e-03
 -1.3475526e+01 -5.1867502e-04  2.0242590e-01  4.9930606e-03 -2.4903008e-01 -4.9979852e-05  2.8793992e-02  1.5766635e-04 -4.3729418e-03
 -1.3477336e+01 -5.1798020e-04  2.0147698e-01  4.9705892e-03 -2.4848221e-01 -4.9767252e-05  2.8755860e-02  1.5746131e-04 -4.3675555e-03
 -1.3479135e+01 -5.1879266e-04  2.0054440e-01  4.9597467e-03 -2.4808612e-01 -4.9424652e-05  2.8713973e-02  1.5727508e-04 -4.3627773e-03
 -1.3480955e+01 -5.0645816e-04  1.9946223e-01  5.0437427e-03 -2.4894129e-01 -4.9719700e-05  2.8659787e-02  1.5719853e-04 -4.3612192e-03
 -1.3482750e+01 -5.0782535e-04  1.9854429e-01  5.0322996e-03 -2.4853832e-01 -4.9550417e-05  2.8620133e-02  1.5701079e-04 -4.3563116e-03
 -1.3484550e+01 -5.0496479e-04  1.9758213e-01  5.0149821e-03 -2.4806277e-01 -4.9406801e-05  2.8582441e-02  1.5681628e-04 -4.3511917e-03
 -1.3486340e+01 -5.0413748e-04  1.9663975e-01  5.0094528e-03 -2.4773665e-01 -4.9586164e-05  2.8545359e-02  1.5663556e-04 -4.3463088e-03
 -1.3488131e+01 -5.0580583e-04  1.9574098e-01  4.9940459e-03 -2.4728586e-01 -4.9316877e-05  2.8505942e-02  1.5644348e-04 -4.3413262e-03
 -1.3489913e+01 -5.0525734e-04  1.9480501e-01  4.9842638e-03 -2.4690475e-01 -4.9221489e-05  2.8466556e-02  1.5625518e-04 -4.3363725e-03
 -1.3491702e+01 -5.0535059e-04  1.9390297e-01  4.9720565e-03 -2.4650504e-01 -4.9007154e-05  2.8429180e-02  1.5608415e-04 -4.3319063e-03
 -1.3493484e+01 -5.0564634e-04  1.9299126e-01  4.9644280e-03 -2.4615569e-01 -4.8738988e-05  2.8387567e-02  1.5589329e-04 -4.3270304e-03
 -1.3495264e+01 -5.0470192e-04  1.9206928e-01  4.9464586e-03 -2.4567330e-01 -4.8603750e-05  2.8350485e-02  1.5570037e-04 -4.3219239e-03
 -1.3497040e+01 -5.0395192e-04  1.9115102e-01  4.9323053e-03 -2.4524111e-01 -4.8578215e-05  2.8314052e-02  1.5551514e-04 -4.3169698e-03
 -1.3498812e+01 -5.0287205e-04  1.9023225e-01  4.9182768e-03 -2.4481200e-01 -4.8453687e-05  2.8276579e-02  1.5532854e-04 -4.3120477e-03
 -1.3500591e+01 -5.0118362e-04  1.8932080e-01  4.9065398e-03 -2.4441838e-01 -4.8540009e-05  2.8242085e-02  1.5514973e-04 -4.3072458e-03
 -1.3502354e+01 -4.9850869e-04  1.8837827e-01  4.9015228e-03 -2.4410313e-01 -4.8614202e-05  2.8203795e-02  1.5496442e-04 -4.3023173e-03
 -1.3504123e+01 -4.9585995e-04  1.8745469e-01  4.8734988e-03 -2.4349482e-01 -4.8805134e-05  2.8173974e-02  1.5476868e-04 -4.2968853e-03
 -1.3505879e+01 -4.9636659e-04  1.8656057e-01  4.8640827e-03 -2.4312454e-01 -4.8810489e-05  2.8136833e-02  1.5458697e-04 -4.2920378e-03
 -1.3507652e+01 -4.9601414e-04  1.8568815e-01  4.8620077e-03 -2.4286601e-01 -4.8830294e-05  2.8101277e-02  1.5443259e-04 -4.2879535e-03
 -1.3509407e+01 -4.9635331e-04  1.8480478e-01  4.8415638e-03 -2.4235551e-01 -4.8553691e-05  2.8063804e-02  1.5423905e-04 -4.2828801e-03
 -1.3511166e+01 -5.0095358e-04  1.8398423e-01  4.8632743e-03 -2.4239895e-01 -4.8677954e-05  2.8022015e-02  1.5408915e-04 -4.2790673e-03
 -1.3512916e+01 -5.0014578e-04  1.8309142e-01  4.8452988e-03 -2.4192156e-01 -4.8541115e-05  2.7985662e-02  1.5389876e-04 -4.2740130e-03
 -1.3514669e+01 -5.0193211e-04  1.8224095e-01  4.8482865e-03 -2.4172197e-01 -4.8310252e-05  2.7943892e-02  1.5372732e-04 -4.2696916e-03
