190101   # magic number for this file 
#
# 19 07 27, Giulio Dell-Zanna found problem in splitting of 2 ^P_J collision strenghts.  Fixed by Fran Guzman.
#
# this file contains atomic data from
# >>refer He 1	cs	Bray, I., Burgess, A., Fursa, D.V., & Tully, J.A.,
# >>refercon 2000, A&AS, 146, 481-498
# for transitions from ground and n=2 levels, except that, since they include no data from 2 1P, we use the work of
# >>refer He 1	cs	Sawey, P.M.J., & Berrington, K.A. 1993, ADNDT 55, 81
#
# format is upper and lower index, for atom stacked in increasing energy level (except for the 2 3P levels, which are inverted, i.e. 3 -> 2 3P0, 4 -> 2 3P1, 5 -> 2 3P2),
# spectroscopic designation of lower and upper levels (n SL J),
# cs at following temperatures
3.75	4.00	4.25	4.50	4.75	5.0	5.25	5.5	5.75
# values of -1 are sentinels for "no value"...code will default to other method for these
# point for logT = 5.00 changed from 5.320e-2 to 5.392e-2 as per John Tully email, Feb 23, 01
0	1	1 1S 0	2 3S 1	6.198E-02	6.458E-02	6.387E-02	6.157E-02	5.832E-02	5.392E-02	4.787E-02	4.018E-02	3.167E-02
0	2	1 1S 0	2 1S 0	3.075E-02	3.492E-02	3.840E-02	4.183E-02	4.573E-02	5.048E-02	5.649E-02	6.436E-02	7.481E-02
0	3	1 1S 0	2 3P 0	1.907e-03	2.481e-03	3.140e-03	3.863e-03	4.587e-03	5.150e-03	5.333e-03	5.003e-03	4.231e-03	
0	4	1 1S 0	2 3P 1	5.720e-03	7.443e-03	9.420e-03	1.159e-02	1.376e-02	1.545e-02	1.600e-02	1.501e-02	1.269e-02	
0	5	1 1S 0	2 3P 2	9.533e-03	1.241e-02	1.570e-02	1.932e-02	2.293e-02	2.575e-02	2.667e-02	2.502e-02	2.116e-02	
0	6	1 1S 0	2 1P 1	8.886E-03	1.299E-02	1.910E-02	3.006E-02	5.178E-02	9.534E-02	1.778E-01	3.167E-01	5.217E-01
0	7	1 1S 0	3 3S 1	1.642E-02	1.584E-02	1.530E-02	1.486E-02	1.434E-02	1.346E-02	1.198E-02	9.968E-03	7.741E-03
0	8	1 1S 0	3 1S 0	8.431E-03	8.308E-03	8.364E-03	8.696E-03	9.313E-03	1.022E-02	1.147E-02	1.318E-02	1.553E-02
0	9	1 1S 0	3 3P -1	6.041E-03	6.906E-03	7.931E-03	9.178E-03	1.059E-02	1.185E-02	1.240E-02	1.184E-02	1.020E-02
0	10	1 1S 0	3 3D -1	1.863E-03	2.060E-03	2.202E-03	2.322E-03	2.396E-03	2.372E-03	2.195E-03	1.860E-03	1.434E-03
0	11	1 1S 0	3 1D 2	3.884E-03	3.809E-03	3.783E-03	3.942E-03	4.390E-03	5.266E-03	6.598E-03	8.159E-03	9.556E-03
0	12	1 1S 0	3 1P 1	2.783E-03	3.678E-03	5.128E-03	7.760E-03	1.295E-02	2.343E-02	4.340E-02	7.716E-02	1.274E-01
0	13	1 1S 0	4 3S 1	5.317E-03	5.233E-03	5.183E-03	5.179E-03	5.142E-03	4.936E-03	4.461E-03	3.738E-03	2.904E-03
0	14	1 1S 0	4 1S 0	2.397E-03	2.505E-03	2.642E-03	2.856E-03	3.178E-03	3.628E-03	4.210E-03	4.941E-03	5.888E-03
0	15	1 1S 0	4 3P -1	2.074E-03	2.468E-03	2.983E-03	3.585E-03	4.236E-03	4.796E-03	5.048E-03	4.832E-03	4.169E-03
0	16	1 1S 0	4 3D -1	1.030E-03	1.125E-03	1.247E-03	1.354E-03	1.407E-03	1.389E-03	1.283E-03	1.087E-03	8.368E-04
0	17	1 1S 0	4 1D 2	1.416E-03	1.442E-03	1.548E-03	1.764E-03	2.152E-03	2.790E-03	3.642E-03	4.521E-03	5.222E-03
0	18	1 1S 0	4 3F -1	5.082E-04	4.547E-04	3.748E-04	2.945E-04	2.268E-04	1.724E-04	1.279E-04	9.081E-05	6.114E-05
0	19	1 1S 0	4 1F 3	5.864E-04	4.917E-04	4.101E-04	3.467E-04	3.011E-04	2.697E-04	2.436E-04	2.135E-04	1.781E-04
# point for logT = 5.25 changed from 1.713e-3 to 1.713e-2 as per John Tully email, Feb 23, 01
0	20	1 1S 0	4 1P 1	1.046E-03	1.504E-03	2.143E-03	3.173E-03	5.180E-03	9.287E-03	1.713E-02	3.040E-02	5.023E-02
0	21	1 1S 0	5 3S 1	2.593E-03	2.542E-03	2.477E-03	2.448E-03	2.421E-03	2.325E-03	2.108E-03	1.774E-03	1.384E-03
0	22	1 1S 0	5 1S 0	1.000E-03	1.084E-03	1.189E-03	1.334E-03	1.526E-03	1.771E-03	2.068E-03	2.426E-03	2.868E-03
0	23	1 1S 0	5 3P -1	1.193E-03	1.466E-03	1.762E-03	2.070E-03	2.378E-03	2.625E-03	2.704E-03	2.545E-03	2.166E-03
0	24	1 1S 0	5 3D -1	8.023E-04	8.630E-04	9.306E-04	9.867E-04	9.957E-04	9.480E-04	8.485E-04	7.044E-04	5.371E-04
0	25	1 1S 0	5 1D 2	7.906E-04	8.285E-04	8.888E-04	1.009E-03	1.230E-03	1.585E-03	2.047E-03	2.522E-03	2.900E-03
0	26	1 1S 0	5 3F -1	5.039E-04	4.501E-04	3.664E-04	2.801E-04	2.078E-04	1.525E-04	1.111E-04	7.878E-05	5.335E-05
0	27	1 1S 0	5 1F 3	4.221E-04	3.813E-04	3.488E-04	3.149E-04	2.797E-04	2.472E-04	2.179E-04	1.881E-04	1.564E-04
0	28	1 1S 0	5 3G -1	3.037E-04	2.389E-04	1.717E-04	1.157E-04	7.485E-05	4.734E-05	2.968E-05	1.860E-05	1.197E-05
0	29	1 1S 0	5 1G 4	1.938E-04	1.551E-04	1.158E-04	8.143E-05	5.484E-05	3.640E-05	2.473E-05	1.742E-05	1.244E-05
0	30	1 1S 0	5 1P 1	6.597E-04	9.203E-04	1.223E-03	1.701E-03	2.673E-03	4.706E-03	8.605E-03	1.521E-02	2.515E-02
1	2	2 3S 1	2 1S 0	2.389E+00	2.456E+00	2.275E+00	1.916E+00	1.496E+00	1.111E+00	8.003E-01	5.660E-01	3.944E-01
1	3	2 3S 1	2 3P 0	1.676e+00	2.867e+00	4.650e+00	7.172e+00	1.058e+01	1.501e+01	2.047e+01	2.668e+01	3.307e+01	
1	4	2 3S 1	2 3P 1	5.027e+00	8.600e+00	1.395e+01	2.152e+01	3.175e+01	4.503e+01	6.140e+01	8.003e+01	9.920e+01	
1	5	2 3S 1	2 3P 2	8.378e+00	1.433e+01	2.325e+01	3.586e+01	5.292e+01	7.506e+01	1.023e+02	1.334e+02	1.653e+02	
1	6	2 3S 1	2 1P 1	7.965E-01	9.579E-01	1.042E+00	1.015E+00	8.950E-01	7.265E-01	5.516E-01	3.948E-01	2.677E-01
1	7	2 3S 1	3 3S 1	2.410E+00	2.286E+00	2.235E+00	2.370E+00	2.761E+00	3.397E+00	4.187E+00	5.013E+00	5.755E+00
1	8	2 3S 1	3 1S 0	3.544E-01	3.295E-01	2.832E-01	2.280E-01	1.730E-01	1.247E-01	8.624E-02	5.765E-02	3.747E-02
1	9	2 3S 1	3 3P -1	1.606E+00	1.611E+00	1.576E+00	1.552E+00	1.615E+00	1.868E+00	2.410E+00	3.274E+00	4.382E+00
1	10	2 3S 1	3 3D -1	1.392E+00	1.954E+00	2.760E+00	3.900E+00	5.496E+00	7.599E+00	9.990E+00	1.226E+01	1.408E+01
1	11	2 3S 1	3 1D 2	2.479E-01	2.591E-01	2.558E-01	2.375E-01	2.071E-01	1.694E-01	1.292E-01	9.188E-02	6.137E-02
1	12	2 3S 1	3 1P 1	1.306E-01	1.499E-01	1.543E-01	1.439E-01	1.234E-01	9.896E-02	7.494E-02	5.367E-02	3.639E-02
1	13	2 3S 1	4 3S 1	4.476E-01	4.465E-01	4.476E-01	4.578E-01	4.938E-01	5.842E-01	7.603E-01	1.037E+00	1.408E+00
1	14	2 3S 1	4 1S 0	1.199E-01	1.062E-01	8.877E-02	7.059E-02	5.351E-02	3.870E-02	2.682E-02	1.793E-02	1.165E-02
1	15	2 3S 1	4 3P -1	6.651E-01	5.911E-01	5.383E-01	5.328E-01	5.919E-01	7.092E-01	8.591E-01	1.016E+00	1.163E+00
1	16	2 3S 1	4 3D -1	3.528E-01	4.605E-01	6.158E-01	8.407E-01	1.182E+00	1.672E+00	2.262E+00	2.841E+00	3.319E+00
1	17	2 3S 1	4 1D 2	8.385E-02	8.375E-02	8.145E-02	7.635E-02	6.833E-02	5.755E-02	4.502E-02	3.264E-02	2.212E-02
1	18	2 3S 1	4 3F -1	3.325E-01	3.889E-01	4.620E-01	5.534E-01	6.671E-01	7.814E-01	8.556E-01	8.707E-01	8.385E-01
1	19	2 3S 1	4 1F 3	4.106E-02	4.019E-02	3.838E-02	3.475E-02	2.954E-02	2.341E-02	1.719E-02	1.175E-02	7.577E-03
1	20	2 3S 1	4 1P 1	4.941E-02	5.791E-02	6.089E-02	5.740E-02	4.930E-02	3.939E-02	2.964E-02	2.106E-02	1.419E-02
1	21	2 3S 1	5 3S 1	2.321E-01	2.154E-01	2.001E-01	2.009E-01	2.265E-01	2.732E-01	3.302E-01	3.889E-01	4.443E-01
1	22	2 3S 1	5 1S 0	5.624E-02	4.930E-02	4.129E-02	3.305E-02	2.517E-02	1.823E-02	1.261E-02	8.402E-03	5.419E-03
1	23	2 3S 1	5 3P -1	1.833E-01	1.936E-01	2.015E-01	2.105E-01	2.291E-01	2.707E-01	3.493E-01	4.719E-01	6.315E-01
1	24	2 3S 1	5 3D -1	1.678E-01	2.013E-01	2.496E-01	3.309E-01	4.661E-01	6.649E-01	9.058E-01	1.143E+00	1.339E+00
1	25	2 3S 1	5 1D 2	4.285E-02	4.240E-02	4.053E-02	3.781E-02	3.398E-02	2.874E-02	2.253E-02	1.635E-02	1.108E-02
1	26	2 3S 1	5 3F -1	1.840E-01	2.165E-01	2.564E-01	3.066E-01	3.692E-01	4.329E-01	4.769E-01	4.903E-01	4.774E-01
1	27	2 3S 1	5 1F 3	2.766E-02	2.809E-02	2.713E-02	2.450E-02	2.068E-02	1.628E-02	1.192E-02	8.147E-03	5.257E-03
1	28	2 3S 1	5 3G -1	8.969E-02	8.533E-02	7.928E-02	7.392E-02	6.903E-02	6.279E-02	5.440E-02	4.498E-02	3.616E-02
1	29	2 3S 1	5 1G 4	1.409E-02	1.175E-02	9.224E-03	6.900E-03	4.932E-03	3.359E-03	2.181E-03	1.360E-03	8.284E-04
1	30	2 3S 1	5 1P 1	3.272E-02	3.599E-02	3.587E-02	3.259E-02	2.730E-02	2.141E-02	1.586E-02	1.114E-02	7.434E-03
2	3	2 1S 0	2 3P 0	1.768e-01	1.920e-01	1.928e-01	1.754e-01	1.456e-01	1.120e-01	8.108e-02	5.572e-02	3.658e-02	
2	4	2 1S 0	2 3P 1	5.303e-01	5.760e-01	5.783e-01	5.263e-01	4.367e-01	3.360e-01	2.432e-01	1.672e-01	1.097e-01	
2	5	2 1S 0	2 3P 2	8.839e-01	9.600e-01	9.639e-01	8.772e-01	7.278e-01	5.600e-01	4.054e-01	2.786e-01	1.829e-01	
2	6	2 1S 0	2 1P 1	1.099E+01	1.929E+01	3.097E+01	4.628E+01	6.536E+01	8.828E+01	1.146E+02	1.430E+02	1.719E+02
# values at logT = 5.00 and 5.25 changed from 1.566-2 -> 1.566-1 and 1.061^{-2} ---> 1.061^{-1} as per John Tully email
2	7	2 1S 0	3 3S 1	6.360E-01	5.308E-01	4.177E-01	3.131E-01	2.252E-01	1.566E-01	1.061E-01	7.073E-02	4.654E-02
2	8	2 1S 0	3 1S 0	5.290E-01	5.736E-01	6.711E-01	8.581E-01	1.149E+00	1.526E+00	1.940E+00	2.344E+00	2.705E+00
2	9	2 1S 0	3 3P -1	4.914E-01	4.684E-01	4.092E-01	3.304E-01	2.503E-01	1.806E-01	1.250E-01	8.311E-02	5.312E-02
2	10	2 1S 0	3 3D -1	2.596E-01	3.050E-01	3.263E-01	3.166E-01	2.824E-01	2.332E-01	1.782E-01	1.265E-01	8.433E-02
2	11	2 1S 0	3 1D 2	8.375E-01	1.167E+00	1.675E+00	2.438E+00	3.529E+00	4.941E+00	6.494E+00	7.930E+00	9.070E+00
2	12	2 1S 0	3 1P 1	2.806E-01	3.409E-01	4.246E-01	5.629E-01	8.352E-01	1.374E+00	2.301E+00	3.638E+00	5.299E+00
2	13	2 1S 0	4 3S 1	2.118E-01	1.753E-01	1.368E-01	1.017E-01	7.260E-02	4.992E-02	3.325E-02	2.161E-02	1.378E-02
2	14	2 1S 0	4 1S 0	1.237E-01	1.268E-01	1.371E-01	1.667E-01	2.224E-01	2.990E-01	3.836E-01	4.653E-01	5.373E-01
2	15	2 1S 0	4 3P -1	1.520E-01	1.437E-01	1.273E-01	1.053E-01	8.195E-02	6.048E-02	4.251E-02	2.850E-02	1.829E-02
2	16	2 1S 0	4 3D -1	7.885E-02	8.766E-02	9.224E-02	9.066E-02	8.324E-02	7.090E-02	5.558E-02	4.019E-02	2.714E-02
2	17	2 1S 0	4 1D 2	2.070E-01	2.355E-01	2.874E-01	3.808E-01	5.415E-01	7.779E-01	1.058E+00	1.328E+00	1.548E+00
2	18	2 1S 0	4 3F -1	5.952E-02	6.338E-02	6.369E-02	5.925E-02	5.112E-02	4.083E-02	3.011E-02	2.062E-02	1.330E-02
2	19	2 1S 0	4 1F 3	1.837E-01	2.230E-01	2.829E-01	3.657E-01	4.717E-01	5.799E-01	6.564E-01	6.864E-01	6.807E-01
2	20	2 1S 0	4 1P 1	8.756E-02	1.136E-01	1.480E-01	1.945E-01	2.694E-01	4.034E-01	6.265E-01	9.482E-01	1.354E+00
2	21	2 1S 0	5 3S 1	8.235E-02	7.071E-02	5.659E-02	4.293E-02	3.113E-02	2.164E-02	1.449E-02	9.418E-03	5.987E-03
2	22	2 1S 0	5 1S 0	4.939E-02	4.801E-02	5.053E-02	6.149E-02	8.346E-02	1.137E-01	1.467E-01	1.782E-01	2.063E-01
2	23	2 1S 0	5 3P -1	5.736E-02	5.789E-02	5.383E-02	4.629E-02	3.715E-02	2.803E-02	1.996E-02	1.347E-02	8.677E-03
2	24	2 1S 0	5 3D -1	4.162E-02	4.405E-02	4.461E-02	4.341E-02	4.007E-02	3.430E-02	2.693E-02	1.947E-02	1.312E-02
2	25	2 1S 0	5 1D 2	7.112E-02	8.076E-02	9.700E-02	1.296E-01	1.893E-01	2.781E-01	3.829E-01	4.830E-01	5.637E-01
2	26	2 1S 0	5 3F -1	3.836E-02	4.042E-02	4.009E-02	3.707E-02	3.201E-02	2.568E-02	1.903E-02	1.310E-02	8.484E-03
2	27	2 1S 0	5 1F 3	8.834E-02	1.039E-01	1.295E-01	1.681E-01	2.204E-01	2.762E-01	3.192E-01	3.409E-01	3.443E-01
2	28	2 1S 0	5 3G -1	2.367E-02	1.929E-02	1.507E-02	1.140E-02	8.329E-03	5.804E+00	3.842E-03	2.429E-03	1.486E-03
2	29	2 1S 0	5 1G 4	4.146E-02	4.233E-02	4.377E-02	4.673E-02	4.971E-02	5.011E-02	4.685E-02	4.115E-02	3.499E-02
2	30	2 1S 0	5 1P 1	4.363E-02	5.476E-02	6.919E-02	8.892E-02	1.208E-01	1.769E-01	2.685E-01	3.996E-01	5.658E-01
# Collision strengths between 2^3Pj levels are the 10^4K values from Keith Berrington:
#
# /* >>refer      he1     cs      Berrington, Keith, 2001, private communication - email follows
# > Dear Gary,
# > I could not find any literature on the He fine-structure
# > problem (but I didn't look very hard, so there may be 
# > something somewhere). However, I did a quick R-matrix run to 
# > see what the magnitude of the collision strengths are... At 
# > 1000K, I get the effective collision strength for 2^3P J=0-1, 
# >  0-2, 1-2 as 0.8,0.7,2.7; for 10000K I get 1.2, 2.1, 6.0
# */
#
3	4	2 3P 0	2 3P 1	1.200E+00	1.200E+00	1.200E+00	1.200E+00	1.200E+00	1.200E+00	1.200E+00	1.200E+00	1.200E+00
3	5	2 3P 0	2 3P 2	2.100E+00	2.100E+00	2.100E+00	2.100E+00	2.100E+00	2.100E+00	2.100E+00	2.100E+00	2.100E+00
3	6	2 3P 0	2 1P 1	4.099e-01	4.732e-01	5.008e-01	4.801e-01	4.222e-01	3.483e-01	2.738e-01	2.063e-01	1.496e-01	
3	7	2 3P 0	3 3S 1	6.509e-01	6.238e-01	6.476e-01	7.817e-01	1.103e+00	1.693e+00	2.591e+00	3.747e+00	5.054e+00	
3	8	2 3P 0	3 1S 0	7.507e-02	7.097e-02	6.248e-02	5.148e-02	3.980e-02	2.900e-02	2.003e-02	1.320e-02	8.351e-03	
3	9	2 3P 0	3 3P -1	1.439e+00	1.472e+00	1.554e+00	1.728e+00	2.017e+00	2.419e+00	2.889e+00	3.368e+00	3.806e+00	
3	10	2 3P 0	3 3D -1	1.114e+00	1.598e+00	2.414e+00	3.877e+00	6.531e+00	1.107e+01	1.789e+01	2.671e+01	3.677e+01	
3	11	2 3P 0	3 1D 2	1.481e-01	1.503e-01	1.448e-01	1.324e-01	1.147e-01	9.320e-02	7.043e-02	4.963e-02	3.294e-02	
3	12	2 3P 0	3 1P 1	8.902e-02	9.569e-02	9.330e-02	8.294e-02	6.819e-02	5.280e-02	3.900e-02	2.754e-02	1.860e-02	
3	13	2 3P 0	4 3S 1	2.436e-01	1.976e-01	1.681e-01	1.591e-01	1.763e-01	2.251e-01	3.056e-01	4.111e-01	5.330e-01	
3	14	2 3P 0	4 1S 0	3.301e-02	2.960e-02	2.506e-02	2.001e-02	1.510e-02	1.082e-02	7.394e-03	4.834e-03	3.042e-03	
3	15	2 3P 0	4 3P -1	3.711e-01	3.628e-01	3.642e-01	3.857e-01	4.347e-01	5.096e-01	6.004e-01	6.933e-01	7.764e-01	
3	16	2 3P 0	4 3D -1	3.178e-01	4.014e-01	5.356e-01	7.674e-01	1.190e+00	1.917e+00	2.997e+00	4.374e+00	5.938e+00	
3	17	2 3P 0	4 1D 2	5.040e-02	4.753e-02	4.378e-02	3.932e-02	3.416e-02	2.816e-02	2.166e-02	1.549e-02	1.040e-02	
3	18	2 3P 0	4 3F -1	2.667e-01	3.151e-01	3.886e-01	4.976e-01	6.518e-01	8.322e-01	9.929e-01	1.102e+00	1.159e+00	
3	19	2 3P 0	4 1F 3	2.234e-02	2.134e-02	2.033e-02	1.870e-02	1.620e-02	1.300e-02	9.608e-03	6.577e-03	4.238e-03	
3	20	2 3P 0	4 1P 1	2.670e-02	2.968e-02	2.999e-02	2.750e-02	2.313e-02	1.819e-02	1.353e-02	9.577e-03	6.454e-03	
3	21	2 3P 0	5 3S 1	6.206e-02	5.773e-02	5.393e-02	5.400e-02	6.119e-02	7.758e-02	1.030e-01	1.352e-01	1.721e-01	
3	22	2 3P 0	5 1S 0	1.607e-02	1.418e-02	1.193e-02	9.540e-03	7.226e-03	5.198e-03	3.560e-03	2.330e-03	1.467e-03	
3	23	2 3P 0	5 3P -1	1.223e-01	1.279e-01	1.350e-01	1.477e-01	1.697e-01	2.004e-01	2.361e-01	2.716e-01	3.030e-01	
3	24	2 3P 0	5 3D -1	1.508e-01	1.763e-01	2.179e-01	2.973e-01	4.490e-01	7.097e-01	1.093e+00	1.576e+00	2.120e+00	
3	25	2 3P 0	5 1D 2	2.337e-02	2.220e-02	2.036e-02	1.821e-02	1.584e-02	1.311e-02	1.012e-02	7.258e-03	4.880e-03	
# point for logT = 5.50 changed from 4.966 to 4.946 as per John Tully email, Feb 23, 01
3	26	2 3P 0	5 3F -1	1.516e-01	1.703e-01	2.010e-01	2.503e-01	3.229e-01	4.103e-01	4.913e-01	5.496e-01	5.822e-01	
3	27	2 3P 0	5 1F 3	1.739e-02	1.606e-02	1.451e-02	1.274e-02	1.074e-02	8.510e-03	6.262e-03	4.292e-03	2.777e-03	
3	28	2 3P 0	5 3G -1	6.781e-02	6.527e-02	6.381e-02	6.493e-02	6.706e-02	6.677e-02	6.223e-02	5.476e-02	4.674e-02	
3	29	2 3P 0	5 1G 4	6.860e-03	5.734e-03	4.619e-03	3.619e-03	2.732e-03	1.953e-03	1.312e-03	8.359e-04	5.108e-04	
3	30	2 3P 0	5 1P 1	1.384e-02	1.522e-02	1.527e-02	1.392e-02	1.168e-02	9.160e-03	6.784e-03	4.774e-03	3.207e-03	
# See communication from Keith Berrington above.
4	5	2 3P 1	2 3P 2	6.000E+00	6.000E+00	6.000E+00	6.000E+00	6.000E+00	6.000E+00	6.000E+00	6.000E+00	6.000E+00
4	6	2 3P 1	2 1P 1	1.230e+00	1.420e+00	1.502e+00	1.440e+00	1.267e+00	1.045e+00	8.213e-01	6.190e-01	4.487e-01	
4	7	2 3P 1	3 3S 1	1.953e+00	1.871e+00	1.943e+00	2.345e+00	3.309e+00	5.080e+00	7.773e+00	1.124e+01	1.516e+01	
4	8	2 3P 1	3 1S 0	2.252e-01	2.129e-01	1.874e-01	1.544e-01	1.194e-01	8.700e-02	6.010e-02	3.960e-02	2.505e-02	
4	9	2 3P 1	3 3P -1	4.317e+00	4.417e+00	4.663e+00	5.183e+00	6.050e+00	7.257e+00	8.667e+00	1.010e+01	1.142e+01	
4	10	2 3P 1	3 3D -1	3.343e+00	4.793e+00	7.243e+00	1.163e+01	1.959e+01	3.320e+01	5.367e+01	8.013e+01	1.103e+02	
4	11	2 3P 1	3 1D 2	4.443e-01	4.510e-01	4.343e-01	3.973e-01	3.440e-01	2.796e-01	2.113e-01	1.489e-01	9.883e-02	
4	12	2 3P 1	3 1P 1	2.671e-01	2.871e-01	2.799e-01	2.488e-01	2.046e-01	1.584e-01	1.170e-01	8.263e-02	5.580e-02	
4	13	2 3P 1	4 3S 1	7.307e-01	5.927e-01	5.043e-01	4.773e-01	5.290e-01	6.753e-01	9.167e-01	1.233e+00	1.599e+00	
4	14	2 3P 1	4 1S 0	9.903e-02	8.880e-02	7.517e-02	6.003e-02	4.530e-02	3.247e-02	2.218e-02	1.450e-02	9.127e-03	
4	15	2 3P 1	4 3P -1	1.113e+00	1.088e+00	1.093e+00	1.157e+00	1.304e+00	1.529e+00	1.801e+00	2.080e+00	2.329e+00	
4	16	2 3P 1	4 3D -1	9.533e-01	1.204e+00	1.607e+00	2.302e+00	3.570e+00	5.750e+00	8.990e+00	1.312e+01	1.781e+01	
4	17	2 3P 1	4 1D 2	1.512e-01	1.426e-01	1.313e-01	1.180e-01	1.025e-01	8.447e-02	6.497e-02	4.647e-02	3.120e-02	
4	18	2 3P 1	4 3F -1	8.000e-01	9.453e-01	1.166e+00	1.493e+00	1.955e+00	2.497e+00	2.979e+00	3.307e+00	3.477e+00	
4	19	2 3P 1	4 1F 3	6.703e-02	6.403e-02	6.100e-02	5.610e-02	4.860e-02	3.900e-02	2.882e-02	1.973e-02	1.271e-02	
4	20	2 3P 1	4 1P 1	8.010e-02	8.903e-02	8.997e-02	8.250e-02	6.940e-02	5.457e-02	4.060e-02	2.873e-02	1.936e-02	
4	21	2 3P 1	5 3S 1	1.862e-01	1.732e-01	1.618e-01	1.620e-01	1.836e-01	2.327e-01	3.089e-01	4.057e-01	5.163e-01	
4	22	2 3P 1	5 1S 0	4.820e-02	4.253e-02	3.580e-02	2.862e-02	2.168e-02	1.559e-02	1.068e-02	6.990e-03	4.400e-03	
4	23	2 3P 1	5 3P -1	3.670e-01	3.837e-01	4.050e-01	4.430e-01	5.090e-01	6.013e-01	7.083e-01	8.147e-01	9.090e-01	
4	24	2 3P 1	5 3D -1	4.523e-01	5.290e-01	6.537e-01	8.920e-01	1.347e+00	2.129e+00	3.279e+00	4.727e+00	6.360e+00	
4	25	2 3P 1	5 1D 2	7.010e-02	6.660e-02	6.107e-02	5.463e-02	4.753e-02	3.933e-02	3.035e-02	2.177e-02	1.464e-02	
# point for logT = 5.50 changed from 4.966 to 4.946 as per John Tully email, Feb 23, 01
4	26	2 3P 1	5 3F -1	4.547e-01	5.110e-01	6.030e-01	7.510e-01	9.687e-01	1.231e+00	1.474e+00	1.649e+00	1.747e+00	
4	27	2 3P 1	5 1F 3	5.217e-02	4.817e-02	4.353e-02	3.823e-02	3.222e-02	2.553e-02	1.879e-02	1.288e-02	8.330e-03	
4	28	2 3P 1	5 3G -1	2.034e-01	1.958e-01	1.914e-01	1.948e-01	2.012e-01	2.003e-01	1.867e-01	1.643e-01	1.402e-01	
4	29	2 3P 1	5 1G 4	2.058e-02	1.720e-02	1.386e-02	1.086e-02	8.197e-03	5.860e-03	3.937e-03	2.508e-03	1.532e-03	
4	30	2 3P 1	5 1P 1	4.153e-02	4.567e-02	4.580e-02	4.177e-02	3.503e-02	2.748e-02	2.035e-02	1.432e-02	9.620e-03	
5	6	2 3P 2	2 1P 1	2.049e+00	2.366e+00	2.504e+00	2.401e+00	2.111e+00	1.742e+00	1.369e+00	1.032e+00	7.478e-01	
5	7	2 3P 2	3 3S 1	3.254e+00	3.119e+00	3.238e+00	3.908e+00	5.514e+00	8.467e+00	1.296e+01	1.873e+01	2.527e+01	
5	8	2 3P 2	3 1S 0	3.753e-01	3.548e-01	3.124e-01	2.574e-01	1.990e-01	1.450e-01	1.002e-01	6.600e-02	4.176e-02	
5	9	2 3P 2	3 3P -1	7.194e+00	7.361e+00	7.772e+00	8.639e+00	1.008e+01	1.209e+01	1.444e+01	1.684e+01	1.903e+01	
5	10	2 3P 2	3 3D -1	5.572e+00	7.989e+00	1.207e+01	1.938e+01	3.266e+01	5.534e+01	8.944e+01	1.336e+02	1.838e+02	
5	11	2 3P 2	3 1D 2	7.406e-01	7.517e-01	7.239e-01	6.622e-01	5.733e-01	4.660e-01	3.522e-01	2.482e-01	1.647e-01	
5	12	2 3P 2	3 1P 1	4.451e-01	4.784e-01	4.665e-01	4.147e-01	3.409e-01	2.640e-01	1.950e-01	1.377e-01	9.300e-02	
5	13	2 3P 2	4 3S 1	1.218e+00	9.878e-01	8.406e-01	7.956e-01	8.817e-01	1.126e+00	1.528e+00	2.056e+00	2.665e+00	
5	14	2 3P 2	4 1S 0	1.651e-01	1.480e-01	1.253e-01	1.001e-01	7.550e-02	5.412e-02	3.697e-02	2.417e-02	1.521e-02	
5	15	2 3P 2	4 3P -1	1.856e+00	1.814e+00	1.821e+00	1.928e+00	2.173e+00	2.548e+00	3.002e+00	3.467e+00	3.882e+00	
5	16	2 3P 2	4 3D -1	1.589e+00	2.007e+00	2.678e+00	3.837e+00	5.950e+00	9.583e+00	1.498e+01	2.187e+01	2.969e+01	
5	17	2 3P 2	4 1D 2	2.520e-01	2.377e-01	2.189e-01	1.966e-01	1.708e-01	1.408e-01	1.083e-01	7.744e-02	5.201e-02	
5	18	2 3P 2	4 3F -1	1.333e+00	1.576e+00	1.943e+00	2.488e+00	3.259e+00	4.161e+00	4.964e+00	5.511e+00	5.794e+00	
5	19	2 3P 2	4 1F 3	1.117e-01	1.067e-01	1.017e-01	9.350e-02	8.100e-02	6.500e-02	4.804e-02	3.288e-02	2.119e-02	
5	20	2 3P 2	4 1P 1	1.335e-01	1.484e-01	1.499e-01	1.375e-01	1.157e-01	9.094e-02	6.767e-02	4.788e-02	3.227e-02	
5	21	2 3P 2	5 3S 1	3.103e-01	2.887e-01	2.697e-01	2.700e-01	3.059e-01	3.879e-01	5.149e-01	6.761e-01	8.606e-01	
5	22	2 3P 2	5 1S 0	8.033e-02	7.089e-02	5.967e-02	4.770e-02	3.613e-02	2.599e-02	1.780e-02	1.165e-02	7.333e-03	
5	23	2 3P 2	5 3P -1	6.117e-01	6.394e-01	6.750e-01	7.383e-01	8.483e-01	1.002e+00	1.181e+00	1.358e+00	1.515e+00	
5	24	2 3P 2	5 3D -1	7.539e-01	8.817e-01	1.089e+00	1.487e+00	2.245e+00	3.548e+00	5.464e+00	7.878e+00	1.060e+01	
5	25	2 3P 2	5 1D 2	1.168e-01	1.110e-01	1.018e-01	9.106e-02	7.922e-02	6.556e-02	5.059e-02	3.629e-02	2.440e-02	
# point for logT = 5.50 changed from 4.966 to 4.946 as per John Tully email, Feb 23, 01
5	26	2 3P 2	5 3F -1	7.578e-01	8.517e-01	1.005e+00	1.252e+00	1.614e+00	2.052e+00	2.457e+00	2.748e+00	2.911e+00	
5	27	2 3P 2	5 1F 3	8.694e-02	8.028e-02	7.256e-02	6.372e-02	5.370e-02	4.255e-02	3.131e-02	2.146e-02	1.388e-02	
5	28	2 3P 2	5 3G -1	3.391e-01	3.263e-01	3.191e-01	3.247e-01	3.353e-01	3.338e-01	3.112e-01	2.738e-01	2.337e-01	
5	29	2 3P 2	5 1G 4	3.430e-02	2.867e-02	2.309e-02	1.809e-02	1.366e-02	9.767e-03	6.561e-03	4.179e-03	2.554e-03	
5	30	2 3P 2	5 1P 1	6.922e-02	7.611e-02	7.633e-02	6.961e-02	5.839e-02	4.580e-02	3.392e-02	2.387e-02	1.603e-02	
# all of the following are from Sawey & Berrington (1993).
# their temperature scale is different, and we have adjusted as follows:
# the value at 3.75 is from a logarithmic interpolation between their 3.699 and 4.0 values.
# the value at 4.25 is from a logarithmic interpolation between their 4.176 and 4.301 values.
# the value at 4.50 is simply their 4.477 value.  All higher temps are also equal to their 4.477 value.
6	7	2 1P 1	3 3S 1	1.290E+00	1.112E+00	9.218E-01	7.573E-01	7.573E-01	7.573E-01	7.573E-01	7.573E-01	7.573E-01
6	8	2 1P 1	3 1S 0	8.156E-01	8.670E-01	1.031E+00	1.278E+00	1.278E+00	1.278E+00	1.278E+00	1.278E+00	1.278E+00
6	9	2 1P 1	3 3P -1	1.243E+00	1.184E+00	1.080E+00	9.567E-01	9.567E-01	9.567E-01	9.567E-01	9.567E-01	9.567E-01
6	10	2 1P 1	3 3D -1	6.779E-01	8.191E-01	9.904E-01	1.116E+00	1.116E+00	1.116E+00	1.116E+00	1.116E+00	1.116E+00
6	11	2 1P 1	3 1D 2	2.658E+00	3.671E+00	6.073E+00	9.601E+00	9.601E+00	9.601E+00	9.601E+00	9.601E+00	9.601E+00
6	12	2 1P 1	3 1P 1	1.013E+00	1.420E+00	2.096E+00	2.966E+00	2.966E+00	2.966E+00	2.966E+00	2.966E+00	2.966E+00
6	13	2 1P 1	4 3S 1	4.415E-01	4.187E-01	3.900E-01	3.442E-01	3.442E-01	3.442E-01	3.442E-01	3.442E-01	3.442E-01
6	14	2 1P 1	4 1S 0	2.853E-01	3.149E-01	4.072E-01	5.050E-01	5.050E-01	5.050E-01	5.050E-01	5.050E-01	5.050E-01
6	15	2 1P 1	4 3P -1	4.248E-01	4.153E-01	4.194E-01	4.082E-01	4.082E-01	4.082E-01	4.082E-01	4.082E-01	4.082E-01
6	16	2 1P 1	4 3D -1	2.396E-01	3.138E-01	4.208E-01	4.929E-01	4.929E-01	4.929E-01	4.929E-01	4.929E-01	4.929E-01
6	17	2 1P 1	4 1D 2	7.712E-01	1.155E+00	2.066E+00	3.175E+00	3.175E+00	3.175E+00	3.175E+00	3.175E+00	3.175E+00
6	18	2 1P 1	4 3F -1	1.619E-01	1.851E-01	1.266E+00	2.074E-01	2.074E-01	2.074E-01	2.074E-01	2.074E-01	2.074E-01
6	19	2 1P 1	4 1F 3	5.700E-01	8.126E-01	2.058E-01	1.729E+00	1.729E+00	1.729E+00	1.729E+00	1.729E+00	1.729E+00
6	20	2 1P 1	4 1P 1	2.634E-01	4.461E-01	8.070E-01	1.200E+00	1.200E+00	1.200E+00	1.200E+00	1.200E+00	1.200E+00
6	21	2 1P 1	5 3S 1	-1.000E+00	-1.000E+00	-1.000E+00	-1.000E+00	-1.000E+00	-1.000E+00	-1.000E+00	-1.000E+00	-1.000E+00
6	22	2 1P 1	5 1S 0	-1.000E+00	-1.000E+00	-1.000E+00	-1.000E+00	-1.000E+00	-1.000E+00	-1.000E+00	-1.000E+00	-1.000E+00
6	23	2 1P 1	5 3P -1	-1.000E+00	-1.000E+00	-1.000E+00	-1.000E+00	-1.000E+00	-1.000E+00	-1.000E+00	-1.000E+00	-1.000E+00
6	24	2 1P 1	5 3D -1	-1.000E+00	-1.000E+00	-1.000E+00	-1.000E+00	-1.000E+00	-1.000E+00	-1.000E+00	-1.000E+00	-1.000E+00
6	25	2 1P 1	5 1D 2	-1.000E+00	-1.000E+00	-1.000E+00	-1.000E+00	-1.000E+00	-1.000E+00	-1.000E+00	-1.000E+00	-1.000E+00
6	26	2 1P 1	5 3F -1	-1.000E+00	-1.000E+00	-1.000E+00	-1.000E+00	-1.000E+00	-1.000E+00	-1.000E+00	-1.000E+00	-1.000E+00
6	27	2 1P 1	5 1F 3	-1.000E+00	-1.000E+00	-1.000E+00	-1.000E+00	-1.000E+00	-1.000E+00	-1.000E+00	-1.000E+00	-1.000E+00
6	28	2 1P 1	5 3G -1	-1.000E+00	-1.000E+00	-1.000E+00	-1.000E+00	-1.000E+00	-1.000E+00	-1.000E+00	-1.000E+00	-1.000E+00
6	29	2 1P 1	5 1G 4	-1.000E+00	-1.000E+00	-1.000E+00	-1.000E+00	-1.000E+00	-1.000E+00	-1.000E+00	-1.000E+00	-1.000E+00
6	30	2 1P 1	5 1P 1	-1.000E+00	-1.000E+00	-1.000E+00	-1.000E+00	-1.000E+00	-1.000E+00	-1.000E+00	-1.000E+00	-1.000E+00
7	8	3 3S 1	3 1S 0	3.502E+00	2.809E+00	2.114E+00	1.574E+00	1.574E+00	1.574E+00	1.574E+00	1.574E+00	1.574E+00
7	9	3 3S 1	3 3P -1	5.951E+01	5.951E+01	5.951E+01	5.951E+01	5.951E+01	5.951E+01	5.951E+01	5.951E+01	5.951E+01
7	10	3 3S 1	3 3D -1	6.380E+01	6.380E+01	6.380E+01	6.380E+01	6.380E+01	6.380E+01	6.380E+01	6.380E+01	6.380E+01
7	11	3 3S 1	3 1D 2	2.984E+00	2.669E+00	2.285E+00	1.906E+00	1.906E+00	1.906E+00	1.906E+00	1.906E+00	1.906E+00
7	12	3 3S 1	3 1P 1	1.439E+00	1.458E+00	1.329E+00	1.146E+00	1.146E+00	1.146E+00	1.146E+00	1.146E+00	1.146E+00
7	13	3 3S 1	4 3S 1	8.036E+00	7.683E+00	8.966E+00	1.096E+01	1.096E+01	1.096E+01	1.096E+01	1.096E+01	1.096E+01
7	14	3 3S 1	4 1S 0	7.178E-01	5.373E-01	3.989E-01	2.989E-01	2.989E-01	2.989E-01	2.989E-01	2.989E-01	2.989E-01
7	15	3 3S 1	4 3P -1	6.057E+00	6.663E+00	8.494E+00	9.979E+00	9.979E+00	9.979E+00	9.979E+00	9.979E+00	9.979E+00
7	16	3 3S 1	4 3D -1	4.589E+00	5.743E+00	7.357E+00	8.241E+00	8.241E+00	8.241E+00	8.241E+00	8.241E+00	8.241E+00
7	17	3 3S 1	4 1D 2	1.015E+00	9.020E-01	7.541E-01	6.066E-01	6.066E-01	6.066E-01	6.066E-01	6.066E-01	6.066E-01
7	18	3 3S 1	4 3F -1	8.937E+00	1.250E+01	1.675E+01	1.948E+01	1.948E+01	1.948E+01	1.948E+01	1.948E+01	1.948E+01
7	19	3 3S 1	4 1F 3	9.508E-01	1.076E+00	1.080E+00	9.669E-01	9.669E-01	9.669E-01	9.669E-01	9.669E-01	9.669E-01
7	20	3 3S 1	4 1P 1	3.166E-01	3.132E-01	2.931E-01	2.634E-01	2.634E-01	2.634E-01	2.634E-01	2.634E-01	2.634E-01
7	21	3 3S 1	5 3S 1	-1.000E+00	-1.000E+00	-1.000E+00	-1.000E+00	-1.000E+00	-1.000E+00	-1.000E+00	-1.000E+00	-1.000E+00
7	22	3 3S 1	5 1S 0	-1.000E+00	-1.000E+00	-1.000E+00	-1.000E+00	-1.000E+00	-1.000E+00	-1.000E+00	-1.000E+00	-1.000E+00
7	23	3 3S 1	5 3P -1	-1.000E+00	-1.000E+00	-1.000E+00	-1.000E+00	-1.000E+00	-1.000E+00	-1.000E+00	-1.000E+00	-1.000E+00
7	24	3 3S 1	5 3D -1	-1.000E+00	-1.000E+00	-1.000E+00	-1.000E+00	-1.000E+00	-1.000E+00	-1.000E+00	-1.000E+00	-1.000E+00
7	25	3 3S 1	5 1D 2	-1.000E+00	-1.000E+00	-1.000E+00	-1.000E+00	-1.000E+00	-1.000E+00	-1.000E+00	-1.000E+00	-1.000E+00
7	26	3 3S 1	5 3F -1	-1.000E+00	-1.000E+00	-1.000E+00	-1.000E+00	-1.000E+00	-1.000E+00	-1.000E+00	-1.000E+00	-1.000E+00
7	27	3 3S 1	5 1F 3	-1.000E+00	-1.000E+00	-1.000E+00	-1.000E+00	-1.000E+00	-1.000E+00	-1.000E+00	-1.000E+00	-1.000E+00
7	28	3 3S 1	5 3G -1	-1.000E+00	-1.000E+00	-1.000E+00	-1.000E+00	-1.000E+00	-1.000E+00	-1.000E+00	-1.000E+00	-1.000E+00
7	29	3 3S 1	5 1G 4	-1.000E+00	-1.000E+00	-1.000E+00	-1.000E+00	-1.000E+00	-1.000E+00	-1.000E+00	-1.000E+00	-1.000E+00
7	30	3 3S 1	5 1P 1	-1.000E+00	-1.000E+00	-1.000E+00	-1.000E+00	-1.000E+00	-1.000E+00	-1.000E+00	-1.000E+00	-1.000E+00
8	9	3 1S 0	3 3P -1	3.577E+00	3.082E+00	2.479E+00	1.942E+00	1.942E+00	1.942E+00	1.942E+00	1.942E+00	1.942E+00
8	10	3 1S 0	3 3D -1	1.495E+00	1.604E+00	1.535E+00	1.368E+00	1.368E+00	1.368E+00	1.368E+00	1.368E+00	1.368E+00
8	11	3 1S 0	3 1D 2	-1.000E+00	-1.000E+00	-1.000E+00	-1.000E+00	-1.000E+00	-1.000E+00	-1.000E+00	-1.000E+00	-1.000E+00
8	12	3 1S 0	3 1P 1	-1.000E+00	-1.000E+00	-1.000E+00	-1.000E+00	-1.000E+00	-1.000E+00	-1.000E+00	-1.000E+00	-1.000E+00
8	13	3 1S 0	4 3S 1	1.018E+00	7.359E-01	5.179E-01	3.662E-01	3.662E-01	3.662E-01	3.662E-01	3.662E-01	3.662E-01
8	14	3 1S 0	4 1S 0	2.143E+00	2.170E+00	2.851E+00	3.826E+00	3.826E+00	3.826E+00	3.826E+00	3.826E+00	3.826E+00
8	15	3 1S 0	4 3P -1	1.130E+00	9.010E-01	6.954E-01	5.309E-01	5.309E-01	5.309E-01	5.309E-01	5.309E-01	5.309E-01
8	16	3 1S 0	4 3D -1	8.212E-01	7.576E-01	6.494E-01	5.296E-01	5.296E-01	5.296E-01	5.296E-01	5.296E-01	5.296E-01
8	17	3 1S 0	4 1D 2	2.406E+00	3.213E+00	4.022E+00	4.022E+00	4.022E+00	4.022E+00	4.022E+00	4.022E+00	4.022E+00
8	18	3 1S 0	4 3F -1	1.135E+00	1.267E+00	1.261E+00	1.121E+00	1.121E+00	1.121E+00	1.121E+00	1.121E+00	1.121E+00
8	19	3 1S 0	4 1F 3	2.883E+00	4.159E+00	5.772E+00	6.884E+00	6.884E+00	6.884E+00	6.884E+00	6.884E+00	6.884E+00
8	20	3 1S 0	4 1P 1	7.677E-01	9.775E-01	1.501E+00	2.266E+00	2.266E+00	2.266E+00	2.266E+00	2.266E+00	2.266E+00
8	21	3 1S 0	5 3S 1	-1.000E+00	-1.000E+00	-1.000E+00	-1.000E+00	-1.000E+00	-1.000E+00	-1.000E+00	-1.000E+00	-1.000E+00
8	22	3 1S 0	5 1S 0	-1.000E+00	-1.000E+00	-1.000E+00	-1.000E+00	-1.000E+00	-1.000E+00	-1.000E+00	-1.000E+00	-1.000E+00
8	23	3 1S 0	5 3P -1	-1.000E+00	-1.000E+00	-1.000E+00	-1.000E+00	-1.000E+00	-1.000E+00	-1.000E+00	-1.000E+00	-1.000E+00
8	24	3 1S 0	5 3D -1	-1.000E+00	-1.000E+00	-1.000E+00	-1.000E+00	-1.000E+00	-1.000E+00	-1.000E+00	-1.000E+00	-1.000E+00
8	25	3 1S 0	5 1D 2	-1.000E+00	-1.000E+00	-1.000E+00	-1.000E+00	-1.000E+00	-1.000E+00	-1.000E+00	-1.000E+00	-1.000E+00
8	26	3 1S 0	5 3F -1	-1.000E+00	-1.000E+00	-1.000E+00	-1.000E+00	-1.000E+00	-1.000E+00	-1.000E+00	-1.000E+00	-1.000E+00
8	27	3 1S 0	5 1F 3	-1.000E+00	-1.000E+00	-1.000E+00	-1.000E+00	-1.000E+00	-1.000E+00	-1.000E+00	-1.000E+00	-1.000E+00
8	28	3 1S 0	5 3G -1	-1.000E+00	-1.000E+00	-1.000E+00	-1.000E+00	-1.000E+00	-1.000E+00	-1.000E+00	-1.000E+00	-1.000E+00
8	29	3 1S 0	5 1G 4	-1.000E+00	-1.000E+00	-1.000E+00	-1.000E+00	-1.000E+00	-1.000E+00	-1.000E+00	-1.000E+00	-1.000E+00
8	30	3 1S 0	5 1P 1	-1.000E+00	-1.000E+00	-1.000E+00	-1.000E+00	-1.000E+00	-1.000E+00	-1.000E+00	-1.000E+00	-1.000E+00
9	10	3 3P -1	3 3D -1	-1.000E+00	-1.000E+00	-1.000E+00	-1.000E+00	-1.000E+00	-1.000E+00	-1.000E+00	-1.000E+00	-1.000E+00
9	11	3 3P -1	3 1D 2	7.478E+00	6.965E+00	6.143E+00	5.222E+00	5.222E+00	5.222E+00	5.222E+00	5.222E+00	5.222E+00
9	12	3 3P -1	3 1P 1	3.070E+00	3.436E+00	3.532E+00	3.315E+00	3.315E+00	3.315E+00	3.315E+00	3.315E+00	3.315E+00
9	13	3 3P -1	4 3S 1	1.193E+01	1.481E+01	2.018E+01	2.143E+01	2.143E+01	2.143E+01	2.143E+01	2.143E+01	2.143E+01
9	14	3 3P -1	4 1S 0	1.184E+00	9.723E-01	7.752E-01	6.064E-01	6.064E-01	6.064E-01	6.064E-01	6.064E-01	6.064E-01
9	15	3 3P -1	4 3P -1	1.747E+01	1.984E+01	2.331E+01	2.331E+01	2.331E+01	2.331E+01	2.331E+01	2.331E+01	2.331E+01
9	16	3 3P -1	4 3D -1	1.388E+01	1.712E+01	2.039E+01	2.039E+01	2.039E+01	2.039E+01	2.039E+01	2.039E+01	2.039E+01
9	17	3 3P -1	4 1D 2	2.205E+00	2.077E+00	1.803E+00	1.482E+00	1.482E+00	1.482E+00	1.482E+00	1.482E+00	1.482E+00
9	18	3 3P -1	4 3F -1	1.868E+01	2.994E+01	2.994E+01	2.994E+01	2.994E+01	2.994E+01	2.994E+01	2.994E+01	2.994E+01
9	19	3 3P -1	4 1F 3	1.638E+00	1.885E+00	2.023E+00	1.943E+00	1.943E+00	1.943E+00	1.943E+00	1.943E+00	1.943E+00
9	20	3 3P -1	4 1P 1	1.055E+00	1.053E+00	9.490E-01	8.033E-01	8.033E-01	8.033E-01	8.033E-01	8.033E-01	8.033E-01
9	21	3 3P -1	5 3S 1	-1.000E+00	-1.000E+00	-1.000E+00	-1.000E+00	-1.000E+00	-1.000E+00	-1.000E+00	-1.000E+00	-1.000E+00
9	22	3 3P -1	5 1S 0	-1.000E+00	-1.000E+00	-1.000E+00	-1.000E+00	-1.000E+00	-1.000E+00	-1.000E+00	-1.000E+00	-1.000E+00
9	23	3 3P -1	5 3P -1	-1.000E+00	-1.000E+00	-1.000E+00	-1.000E+00	-1.000E+00	-1.000E+00	-1.000E+00	-1.000E+00	-1.000E+00
9	24	3 3P -1	5 3D -1	-1.000E+00	-1.000E+00	-1.000E+00	-1.000E+00	-1.000E+00	-1.000E+00	-1.000E+00	-1.000E+00	-1.000E+00
9	25	3 3P -1	5 1D 2	-1.000E+00	-1.000E+00	-1.000E+00	-1.000E+00	-1.000E+00	-1.000E+00	-1.000E+00	-1.000E+00	-1.000E+00
9	26	3 3P -1	5 3F -1	-1.000E+00	-1.000E+00	-1.000E+00	-1.000E+00	-1.000E+00	-1.000E+00	-1.000E+00	-1.000E+00	-1.000E+00
9	27	3 3P -1	5 1F 3	-1.000E+00	-1.000E+00	-1.000E+00	-1.000E+00	-1.000E+00	-1.000E+00	-1.000E+00	-1.000E+00	-1.000E+00
9	28	3 3P -1	5 3G -1	-1.000E+00	-1.000E+00	-1.000E+00	-1.000E+00	-1.000E+00	-1.000E+00	-1.000E+00	-1.000E+00	-1.000E+00
9	29	3 3P -1	5 1G 4	-1.000E+00	-1.000E+00	-1.000E+00	-1.000E+00	-1.000E+00	-1.000E+00	-1.000E+00	-1.000E+00	-1.000E+00
9	30	3 3P -1	5 1P 1	-1.000E+00	-1.000E+00	-1.000E+00	-1.000E+00	-1.000E+00	-1.000E+00	-1.000E+00	-1.000E+00	-1.000E+00
10	11	3 3D -1	3 1D 2	6.347E+00	6.939E+00	7.166E+00	6.939E+00	6.939E+00	6.939E+00	6.939E+00	6.939E+00	6.939E+00
10	12	3 3D -1	3 1P 1	3.082E+00	3.613E+00	3.720E+00	3.482E+00	3.482E+00	3.482E+00	3.482E+00	3.482E+00	3.482E+00
10	13	3 3D -1	4 3S 1	1.478E+01	1.450E+01	1.486E+01	1.497E+01	1.497E+01	1.497E+01	1.497E+01	1.497E+01	1.497E+01
10	14	3 3D -1	4 1S 0	1.173E+00	1.007E+00	8.426E-01	6.847E-01	6.847E-01	6.847E-01	6.847E-01	6.847E-01	6.847E-01
10	15	3 3D -1	4 3P -1	2.167E+01	2.279E+01	2.501E+01	2.501E+01	2.501E+01	2.501E+01	2.501E+01	2.501E+01	2.501E+01
10	16	3 3D -1	4 3D -1	2.629E+01	3.546E+01	3.546E+01	3.546E+01	3.546E+01	3.546E+01	3.546E+01	3.546E+01	3.546E+01
10	17	3 3D -1	4 1D 2	2.750E+00	2.718E+00	2.538E+00	2.246E+00	2.246E+00	2.246E+00	2.246E+00	2.246E+00	2.246E+00
10	18	3 3D -1	4 3F -1	4.477E+01	6.370E+01	9.233E+01	9.233E+01	9.233E+01	9.233E+01	9.233E+01	9.233E+01	9.233E+01
10	19	3 3D -1	4 1F 3	3.013E+00	3.245E+00	3.261E+00	3.007E+00	3.007E+00	3.007E+00	3.007E+00	3.007E+00	3.007E+00
10	20	3 3D -1	4 1P 1	1.179E+00	1.242E+00	1.179E+00	1.042E+00	1.042E+00	1.042E+00	1.042E+00	1.042E+00	1.042E+00
10	21	3 3D -1	5 3S 1	-1.000E+00	-1.000E+00	-1.000E+00	-1.000E+00	-1.000E+00	-1.000E+00	-1.000E+00	-1.000E+00	-1.000E+00
10	22	3 3D -1	5 1S 0	-1.000E+00	-1.000E+00	-1.000E+00	-1.000E+00	-1.000E+00	-1.000E+00	-1.000E+00	-1.000E+00	-1.000E+00
10	23	3 3D -1	5 3P -1	-1.000E+00	-1.000E+00	-1.000E+00	-1.000E+00	-1.000E+00	-1.000E+00	-1.000E+00	-1.000E+00	-1.000E+00
10	24	3 3D -1	5 3D -1	-1.000E+00	-1.000E+00	-1.000E+00	-1.000E+00	-1.000E+00	-1.000E+00	-1.000E+00	-1.000E+00	-1.000E+00
10	25	3 3D -1	5 1D 2	-1.000E+00	-1.000E+00	-1.000E+00	-1.000E+00	-1.000E+00	-1.000E+00	-1.000E+00	-1.000E+00	-1.000E+00
10	26	3 3D -1	5 3F -1	-1.000E+00	-1.000E+00	-1.000E+00	-1.000E+00	-1.000E+00	-1.000E+00	-1.000E+00	-1.000E+00	-1.000E+00
10	27	3 3D -1	5 1F 3	-1.000E+00	-1.000E+00	-1.000E+00	-1.000E+00	-1.000E+00	-1.000E+00	-1.000E+00	-1.000E+00	-1.000E+00
10	28	3 3D -1	5 3G -1	-1.000E+00	-1.000E+00	-1.000E+00	-1.000E+00	-1.000E+00	-1.000E+00	-1.000E+00	-1.000E+00	-1.000E+00
10	29	3 3D -1	5 1G 4	-1.000E+00	-1.000E+00	-1.000E+00	-1.000E+00	-1.000E+00	-1.000E+00	-1.000E+00	-1.000E+00	-1.000E+00
10	30	3 3D -1	5 1P 1	-1.000E+00	-1.000E+00	-1.000E+00	-1.000E+00	-1.000E+00	-1.000E+00	-1.000E+00	-1.000E+00	-1.000E+00
11	12	3 1D 2	3 1P 1	-1.000E+00	-1.000E+00	-1.000E+00	-1.000E+00	-1.000E+00	-1.000E+00	-1.000E+00	-1.000E+00	-1.000E+00
11	13	3 1D 2	4 3S 1	1.649E+00	1.399E+00	1.158E+00	9.272E-01	9.272E-01	9.272E-01	9.272E-01	9.272E-01	9.272E-01
11	14	3 1D 2	4 1S 0	2.956E+00	2.903E+00	3.044E+00	3.204E+00	3.204E+00	3.204E+00	3.204E+00	3.204E+00	3.204E+00
11	15	3 1D 2	4 3P -1	2.912E+00	2.521E+00	2.093E+00	1.688E+00	1.688E+00	1.688E+00	1.688E+00	1.688E+00	1.688E+00
11	16	3 1D 2	4 3D -1	2.504E+00	2.538E+00	2.385E+00	2.114E+00	2.114E+00	2.114E+00	2.114E+00	2.114E+00	2.114E+00
11	17	3 1D 2	4 1D 2	7.913E+00	1.064E+01	1.064E+01	1.064E+01	1.064E+01	1.064E+01	1.064E+01	1.064E+01	1.064E+01
11	18	3 1D 2	4 3F -1	3.181E+00	3.477E+00	3.504E+00	3.216E+00	3.216E+00	3.216E+00	3.216E+00	3.216E+00	3.216E+00
11	19	3 1D 2	4 1F 3	1.427E+01	2.139E+01	3.174E+01	3.174E+01	3.174E+01	3.174E+01	3.174E+01	3.174E+01	3.174E+01
11	20	3 1D 2	4 1P 1	4.168E+00	4.845E+00	5.707E+00	5.707E+00	5.707E+00	5.707E+00	5.707E+00	5.707E+00	5.707E+00
11	21	3 1D 2	5 3S 1	-1.000E+00	-1.000E+00	-1.000E+00	-1.000E+00	-1.000E+00	-1.000E+00	-1.000E+00	-1.000E+00	-1.000E+00
11	22	3 1D 2	5 1S 0	-1.000E+00	-1.000E+00	-1.000E+00	-1.000E+00	-1.000E+00	-1.000E+00	-1.000E+00	-1.000E+00	-1.000E+00
11	23	3 1D 2	5 3P -1	-1.000E+00	-1.000E+00	-1.000E+00	-1.000E+00	-1.000E+00	-1.000E+00	-1.000E+00	-1.000E+00	-1.000E+00
11	24	3 1D 2	5 3D -1	-1.000E+00	-1.000E+00	-1.000E+00	-1.000E+00	-1.000E+00	-1.000E+00	-1.000E+00	-1.000E+00	-1.000E+00
11	25	3 1D 2	5 1D 2	-1.000E+00	-1.000E+00	-1.000E+00	-1.000E+00	-1.000E+00	-1.000E+00	-1.000E+00	-1.000E+00	-1.000E+00
11	26	3 1D 2	5 3F -1	-1.000E+00	-1.000E+00	-1.000E+00	-1.000E+00	-1.000E+00	-1.000E+00	-1.000E+00	-1.000E+00	-1.000E+00
11	27	3 1D 2	5 1F 3	-1.000E+00	-1.000E+00	-1.000E+00	-1.000E+00	-1.000E+00	-1.000E+00	-1.000E+00	-1.000E+00	-1.000E+00
11	28	3 1D 2	5 3G -1	-1.000E+00	-1.000E+00	-1.000E+00	-1.000E+00	-1.000E+00	-1.000E+00	-1.000E+00	-1.000E+00	-1.000E+00
11	29	3 1D 2	5 1G 4	-1.000E+00	-1.000E+00	-1.000E+00	-1.000E+00	-1.000E+00	-1.000E+00	-1.000E+00	-1.000E+00	-1.000E+00
11	30	3 1D 2	5 1P 1	-1.000E+00	-1.000E+00	-1.000E+00	-1.000E+00	-1.000E+00	-1.000E+00	-1.000E+00	-1.000E+00	-1.000E+00
12	13	3 1P 1	4 3S 1	1.099E+00	9.664E-01	8.159E-01	6.594E-01	6.594E-01	6.594E-01	6.594E-01	6.594E-01	6.594E-01
12	14	3 1P 1	4 1S 0	1.665E+00	2.453E+00	3.463E+00	3.463E+00	3.463E+00	3.463E+00	3.463E+00	3.463E+00	3.463E+00
12	15	3 1P 1	4 3P -1	1.587E+00	1.426E+00	1.198E+00	9.631E-01	9.631E-01	9.631E-01	9.631E-01	9.631E-01	9.631E-01
12	16	3 1P 1	4 3D -1	1.327E+00	1.397E+00	1.329E+00	1.163E+00	1.163E+00	1.163E+00	1.163E+00	1.163E+00	1.163E+00
12	17	3 1P 1	4 1D 2	4.462E+00	5.744E+00	7.534E+00	7.534E+00	7.534E+00	7.534E+00	7.534E+00	7.534E+00	7.534E+00
12	18	3 1P 1	4 3F -1	1.529E+00	1.773E+00	1.908E+00	1.838E+00	1.838E+00	1.838E+00	1.838E+00	1.838E+00	1.838E+00
12	19	3 1P 1	4 1F 3	5.432E+00	8.647E+00	8.647E+00	8.647E+00	8.647E+00	8.647E+00	8.647E+00	8.647E+00	8.647E+00
12	20	3 1P 1	4 1P 1	3.017E+00	4.207E+00	5.609E+00	5.609E+00	5.609E+00	5.609E+00	5.609E+00	5.609E+00	5.609E+00
12	21	3 1P 1	5 3S 1	-1.000E+00	-1.000E+00	-1.000E+00	-1.000E+00	-1.000E+00	-1.000E+00	-1.000E+00	-1.000E+00	-1.000E+00
12	22	3 1P 1	5 1S 0	-1.000E+00	-1.000E+00	-1.000E+00	-1.000E+00	-1.000E+00	-1.000E+00	-1.000E+00	-1.000E+00	-1.000E+00
12	23	3 1P 1	5 3P -1	-1.000E+00	-1.000E+00	-1.000E+00	-1.000E+00	-1.000E+00	-1.000E+00	-1.000E+00	-1.000E+00	-1.000E+00
12	24	3 1P 1	5 3D -1	-1.000E+00	-1.000E+00	-1.000E+00	-1.000E+00	-1.000E+00	-1.000E+00	-1.000E+00	-1.000E+00	-1.000E+00
12	25	3 1P 1	5 1D 2	-1.000E+00	-1.000E+00	-1.000E+00	-1.000E+00	-1.000E+00	-1.000E+00	-1.000E+00	-1.000E+00	-1.000E+00
12	26	3 1P 1	5 3F -1	-1.000E+00	-1.000E+00	-1.000E+00	-1.000E+00	-1.000E+00	-1.000E+00	-1.000E+00	-1.000E+00	-1.000E+00
12	27	3 1P 1	5 1F 3	-1.000E+00	-1.000E+00	-1.000E+00	-1.000E+00	-1.000E+00	-1.000E+00	-1.000E+00	-1.000E+00	-1.000E+00
12	28	3 1P 1	5 3G -1	-1.000E+00	-1.000E+00	-1.000E+00	-1.000E+00	-1.000E+00	-1.000E+00	-1.000E+00	-1.000E+00	-1.000E+00
12	29	3 1P 1	5 1G 4	-1.000E+00	-1.000E+00	-1.000E+00	-1.000E+00	-1.000E+00	-1.000E+00	-1.000E+00	-1.000E+00	-1.000E+00
12	30	3 1P 1	5 1P 1	-1.000E+00	-1.000E+00	-1.000E+00	-1.000E+00	-1.000E+00	-1.000E+00	-1.000E+00	-1.000E+00	-1.000E+00
13	14	4 3S 1	4 1S 0	3.155E+00	2.270E+00	1.571E+00	1.081E+00	1.081E+00	1.081E+00	1.081E+00	1.081E+00	1.081E+00
13	15	4 3S 1	4 3P -1	-1.000E+00	-1.000E+00	-1.000E+00	-1.000E+00	-1.000E+00	-1.000E+00	-1.000E+00	-1.000E+00	-1.000E+00
13	16	4 3S 1	4 3D -1	-1.000E+00	-1.000E+00	-1.000E+00	-1.000E+00	-1.000E+00	-1.000E+00	-1.000E+00	-1.000E+00	-1.000E+00
13	17	4 3S 1	4 1D 2	2.902E+00	2.505E+00	1.955E+00	1.452E+00	1.452E+00	1.452E+00	1.452E+00	1.452E+00	1.452E+00
13	18	4 3S 1	4 3F -1	5.277E+01	4.491E+01	3.676E+01	3.017E+01	3.017E+01	3.017E+01	3.017E+01	3.017E+01	3.017E+01
13	19	4 3S 1	4 1F 3	2.186E+00	2.058E+00	1.714E+00	1.328E+00	1.328E+00	1.328E+00	1.328E+00	1.328E+00	1.328E+00
13	20	4 3S 1	4 1P 1	1.137E+00	1.077E+00	9.012E-01	7.087E-01	7.087E-01	7.087E-01	7.087E-01	7.087E-01	7.087E-01
13	21	4 3S 1	5 3S 1	-1.000E+00	-1.000E+00	-1.000E+00	-1.000E+00	-1.000E+00	-1.000E+00	-1.000E+00	-1.000E+00	-1.000E+00
13	22	4 3S 1	5 1S 0	-1.000E+00	-1.000E+00	-1.000E+00	-1.000E+00	-1.000E+00	-1.000E+00	-1.000E+00	-1.000E+00	-1.000E+00
13	23	4 3S 1	5 3P -1	-1.000E+00	-1.000E+00	-1.000E+00	-1.000E+00	-1.000E+00	-1.000E+00	-1.000E+00	-1.000E+00	-1.000E+00
13	24	4 3S 1	5 3D -1	-1.000E+00	-1.000E+00	-1.000E+00	-1.000E+00	-1.000E+00	-1.000E+00	-1.000E+00	-1.000E+00	-1.000E+00
13	25	4 3S 1	5 1D 2	-1.000E+00	-1.000E+00	-1.000E+00	-1.000E+00	-1.000E+00	-1.000E+00	-1.000E+00	-1.000E+00	-1.000E+00
13	26	4 3S 1	5 3F -1	-1.000E+00	-1.000E+00	-1.000E+00	-1.000E+00	-1.000E+00	-1.000E+00	-1.000E+00	-1.000E+00	-1.000E+00
13	27	4 3S 1	5 1F 3	-1.000E+00	-1.000E+00	-1.000E+00	-1.000E+00	-1.000E+00	-1.000E+00	-1.000E+00	-1.000E+00	-1.000E+00
13	28	4 3S 1	5 3G -1	-1.000E+00	-1.000E+00	-1.000E+00	-1.000E+00	-1.000E+00	-1.000E+00	-1.000E+00	-1.000E+00	-1.000E+00
13	29	4 3S 1	5 1G 4	-1.000E+00	-1.000E+00	-1.000E+00	-1.000E+00	-1.000E+00	-1.000E+00	-1.000E+00	-1.000E+00	-1.000E+00
13	30	4 3S 1	5 1P 1	-1.000E+00	-1.000E+00	-1.000E+00	-1.000E+00	-1.000E+00	-1.000E+00	-1.000E+00	-1.000E+00	-1.000E+00
14	15	4 1S 0	4 3P -1	3.319E+00	2.585E+00	1.901E+00	1.367E+00	1.367E+00	1.367E+00	1.367E+00	1.367E+00	1.367E+00
14	16	4 1S 0	4 3D -1	2.111E+00	1.928E+00	1.559E+00	1.183E+00	1.183E+00	1.183E+00	1.183E+00	1.183E+00	1.183E+00
14	17	4 1S 0	4 1D 2	-1.000E+00	-1.000E+00	-1.000E+00	-1.000E+00	-1.000E+00	-1.000E+00	-1.000E+00	-1.000E+00	-1.000E+00
14	18	4 1S 0	4 3F -1	2.107E+00	1.957E+00	1.606E+00	1.227E+00	1.227E+00	1.227E+00	1.227E+00	1.227E+00	1.227E+00
14	19	4 1S 0	4 1F 3	1.932E+01	1.516E+01	1.147E+01	8.808E+00	8.808E+00	8.808E+00	8.808E+00	8.808E+00	8.808E+00
14	20	4 1S 0	4 1P 1	-1.000E+00	-1.000E+00	-1.000E+00	-1.000E+00	-1.000E+00	-1.000E+00	-1.000E+00	-1.000E+00	-1.000E+00
14	21	4 1S 0	5 3S 1	-1.000E+00	-1.000E+00	-1.000E+00	-1.000E+00	-1.000E+00	-1.000E+00	-1.000E+00	-1.000E+00	-1.000E+00
14	22	4 1S 0	5 1S 0	-1.000E+00	-1.000E+00	-1.000E+00	-1.000E+00	-1.000E+00	-1.000E+00	-1.000E+00	-1.000E+00	-1.000E+00
14	23	4 1S 0	5 3P -1	-1.000E+00	-1.000E+00	-1.000E+00	-1.000E+00	-1.000E+00	-1.000E+00	-1.000E+00	-1.000E+00	-1.000E+00
14	24	4 1S 0	5 3D -1	-1.000E+00	-1.000E+00	-1.000E+00	-1.000E+00	-1.000E+00	-1.000E+00	-1.000E+00	-1.000E+00	-1.000E+00
14	25	4 1S 0	5 1D 2	-1.000E+00	-1.000E+00	-1.000E+00	-1.000E+00	-1.000E+00	-1.000E+00	-1.000E+00	-1.000E+00	-1.000E+00
14	26	4 1S 0	5 3F -1	-1.000E+00	-1.000E+00	-1.000E+00	-1.000E+00	-1.000E+00	-1.000E+00	-1.000E+00	-1.000E+00	-1.000E+00
14	27	4 1S 0	5 1F 3	-1.000E+00	-1.000E+00	-1.000E+00	-1.000E+00	-1.000E+00	-1.000E+00	-1.000E+00	-1.000E+00	-1.000E+00
14	28	4 1S 0	5 3G -1	-1.000E+00	-1.000E+00	-1.000E+00	-1.000E+00	-1.000E+00	-1.000E+00	-1.000E+00	-1.000E+00	-1.000E+00
14	29	4 1S 0	5 1G 4	-1.000E+00	-1.000E+00	-1.000E+00	-1.000E+00	-1.000E+00	-1.000E+00	-1.000E+00	-1.000E+00	-1.000E+00
14	30	4 1S 0	5 1P 1	-1.000E+00	-1.000E+00	-1.000E+00	-1.000E+00	-1.000E+00	-1.000E+00	-1.000E+00	-1.000E+00	-1.000E+00
15	16	4 3P -1	4 3D -1	-1.000E+00	-1.000E+00	-1.000E+00	-1.000E+00	-1.000E+00	-1.000E+00	-1.000E+00	-1.000E+00	-1.000E+00
15	17	4 3P -1	4 1D 2	7.862E+00	6.842E+00	5.363E+00	3.989E+00	3.989E+00	3.989E+00	3.989E+00	3.989E+00	3.989E+00
15	18	4 3P -1	4 3F -1	-1.000E+00	-1.000E+00	-1.000E+00	-1.000E+00	-1.000E+00	-1.000E+00	-1.000E+00	-1.000E+00	-1.000E+00
15	19	4 3P -1	4 1F 3	5.968E+00	5.386E+00	4.368E+00	3.332E+00	3.332E+00	3.332E+00	3.332E+00	3.332E+00	3.332E+00
15	20	4 3P -1	4 1P 1	3.425E+00	3.588E+00	3.161E+00	2.541E+00	2.541E+00	2.541E+00	2.541E+00	2.541E+00	2.541E+00
15	21	4 3P -1	5 3S 1	-1.000E+00	-1.000E+00	-1.000E+00	-1.000E+00	-1.000E+00	-1.000E+00	-1.000E+00	-1.000E+00	-1.000E+00
15	22	4 3P -1	5 1S 0	-1.000E+00	-1.000E+00	-1.000E+00	-1.000E+00	-1.000E+00	-1.000E+00	-1.000E+00	-1.000E+00	-1.000E+00
15	23	4 3P -1	5 3P -1	-1.000E+00	-1.000E+00	-1.000E+00	-1.000E+00	-1.000E+00	-1.000E+00	-1.000E+00	-1.000E+00	-1.000E+00
15	24	4 3P -1	5 3D -1	-1.000E+00	-1.000E+00	-1.000E+00	-1.000E+00	-1.000E+00	-1.000E+00	-1.000E+00	-1.000E+00	-1.000E+00
15	25	4 3P -1	5 1D 2	-1.000E+00	-1.000E+00	-1.000E+00	-1.000E+00	-1.000E+00	-1.000E+00	-1.000E+00	-1.000E+00	-1.000E+00
15	26	4 3P -1	5 3F -1	-1.000E+00	-1.000E+00	-1.000E+00	-1.000E+00	-1.000E+00	-1.000E+00	-1.000E+00	-1.000E+00	-1.000E+00
15	27	4 3P -1	5 1F 3	-1.000E+00	-1.000E+00	-1.000E+00	-1.000E+00	-1.000E+00	-1.000E+00	-1.000E+00	-1.000E+00	-1.000E+00
15	28	4 3P -1	5 3G -1	-1.000E+00	-1.000E+00	-1.000E+00	-1.000E+00	-1.000E+00	-1.000E+00	-1.000E+00	-1.000E+00	-1.000E+00
15	29	4 3P -1	5 1G 4	-1.000E+00	-1.000E+00	-1.000E+00	-1.000E+00	-1.000E+00	-1.000E+00	-1.000E+00	-1.000E+00	-1.000E+00
15	30	4 3P -1	5 1P 1	-1.000E+00	-1.000E+00	-1.000E+00	-1.000E+00	-1.000E+00	-1.000E+00	-1.000E+00	-1.000E+00	-1.000E+00
16	17	4 3D -1	4 1D 2	7.691E+00	7.673E+00	6.736E+00	5.441E+00	5.441E+00	5.441E+00	5.441E+00	5.441E+00	5.441E+00
16	18	4 3D -1	4 3F -1	-1.000E+00	-1.000E+00	-1.000E+00	-1.000E+00	-1.000E+00	-1.000E+00	-1.000E+00	-1.000E+00	-1.000E+00
16	19	4 3D -1	4 1F 3	8.098E+00	7.797E+00	6.714E+00	5.369E+00	5.369E+00	5.369E+00	5.369E+00	5.369E+00	5.369E+00
16	20	4 3D -1	4 1P 1	3.829E+00	3.821E+00	3.293E+00	2.612E+00	2.612E+00	2.612E+00	2.612E+00	2.612E+00	2.612E+00
16	21	4 3D -1	5 3S 1	-1.000E+00	-1.000E+00	-1.000E+00	-1.000E+00	-1.000E+00	-1.000E+00	-1.000E+00	-1.000E+00	-1.000E+00
16	22	4 3D -1	5 1S 0	-1.000E+00	-1.000E+00	-1.000E+00	-1.000E+00	-1.000E+00	-1.000E+00	-1.000E+00	-1.000E+00	-1.000E+00
16	23	4 3D -1	5 3P -1	-1.000E+00	-1.000E+00	-1.000E+00	-1.000E+00	-1.000E+00	-1.000E+00	-1.000E+00	-1.000E+00	-1.000E+00
16	24	4 3D -1	5 3D -1	-1.000E+00	-1.000E+00	-1.000E+00	-1.000E+00	-1.000E+00	-1.000E+00	-1.000E+00	-1.000E+00	-1.000E+00
16	25	4 3D -1	5 1D 2	-1.000E+00	-1.000E+00	-1.000E+00	-1.000E+00	-1.000E+00	-1.000E+00	-1.000E+00	-1.000E+00	-1.000E+00
16	26	4 3D -1	5 3F -1	-1.000E+00	-1.000E+00	-1.000E+00	-1.000E+00	-1.000E+00	-1.000E+00	-1.000E+00	-1.000E+00	-1.000E+00
16	27	4 3D -1	5 1F 3	-1.000E+00	-1.000E+00	-1.000E+00	-1.000E+00	-1.000E+00	-1.000E+00	-1.000E+00	-1.000E+00	-1.000E+00
16	28	4 3D -1	5 3G -1	-1.000E+00	-1.000E+00	-1.000E+00	-1.000E+00	-1.000E+00	-1.000E+00	-1.000E+00	-1.000E+00	-1.000E+00
16	29	4 3D -1	5 1G 4	-1.000E+00	-1.000E+00	-1.000E+00	-1.000E+00	-1.000E+00	-1.000E+00	-1.000E+00	-1.000E+00	-1.000E+00
16	30	4 3D -1	5 1P 1	-1.000E+00	-1.000E+00	-1.000E+00	-1.000E+00	-1.000E+00	-1.000E+00	-1.000E+00	-1.000E+00	-1.000E+00
17	18	4 1D 2	4 3F -1	7.984E+00	7.731E+00	6.671E+00	5.338E+00	5.338E+00	5.338E+00	5.338E+00	5.338E+00	5.338E+00
17	19	4 1D 2	4 1F 3	-1.000E+00	-1.000E+00	-1.000E+00	-1.000E+00	-1.000E+00	-1.000E+00	-1.000E+00	-1.000E+00	-1.000E+00
17	20	4 1D 2	4 1P 1	-1.000E+00	-1.000E+00	-1.000E+00	-1.000E+00	-1.000E+00	-1.000E+00	-1.000E+00	-1.000E+00	-1.000E+00
17	21	4 1D 2	5 3S 1	-1.000E+00	-1.000E+00	-1.000E+00	-1.000E+00	-1.000E+00	-1.000E+00	-1.000E+00	-1.000E+00	-1.000E+00
17	22	4 1D 2	5 1S 0	-1.000E+00	-1.000E+00	-1.000E+00	-1.000E+00	-1.000E+00	-1.000E+00	-1.000E+00	-1.000E+00	-1.000E+00
17	23	4 1D 2	5 3P -1	-1.000E+00	-1.000E+00	-1.000E+00	-1.000E+00	-1.000E+00	-1.000E+00	-1.000E+00	-1.000E+00	-1.000E+00
17	24	4 1D 2	5 3D -1	-1.000E+00	-1.000E+00	-1.000E+00	-1.000E+00	-1.000E+00	-1.000E+00	-1.000E+00	-1.000E+00	-1.000E+00
17	25	4 1D 2	5 1D 2	-1.000E+00	-1.000E+00	-1.000E+00	-1.000E+00	-1.000E+00	-1.000E+00	-1.000E+00	-1.000E+00	-1.000E+00
17	26	4 1D 2	5 3F -1	-1.000E+00	-1.000E+00	-1.000E+00	-1.000E+00	-1.000E+00	-1.000E+00	-1.000E+00	-1.000E+00	-1.000E+00
17	27	4 1D 2	5 1F 3	-1.000E+00	-1.000E+00	-1.000E+00	-1.000E+00	-1.000E+00	-1.000E+00	-1.000E+00	-1.000E+00	-1.000E+00
17	28	4 1D 2	5 3G -1	-1.000E+00	-1.000E+00	-1.000E+00	-1.000E+00	-1.000E+00	-1.000E+00	-1.000E+00	-1.000E+00	-1.000E+00
17	29	4 1D 2	5 1G 4	-1.000E+00	-1.000E+00	-1.000E+00	-1.000E+00	-1.000E+00	-1.000E+00	-1.000E+00	-1.000E+00	-1.000E+00
17	30	4 1D 2	5 1P 1	-1.000E+00	-1.000E+00	-1.000E+00	-1.000E+00	-1.000E+00	-1.000E+00	-1.000E+00	-1.000E+00	-1.000E+00
18	19	4 3F -1	4 1F 3	1.303E+01	1.277E+01	1.134E+01	9.426E+00	9.426E+00	9.426E+00	9.426E+00	9.426E+00	9.426E+00
18	20	4 3F -1	4 1P 1	4.149E+00	4.025E+00	3.403E+00	2.663E+00	2.663E+00	2.663E+00	2.663E+00	2.663E+00	2.663E+00
18	21	4 3F -1	5 3S 1	-1.000E+00	-1.000E+00	-1.000E+00	-1.000E+00	-1.000E+00	-1.000E+00	-1.000E+00	-1.000E+00	-1.000E+00
18	22	4 3F -1	5 1S 0	-1.000E+00	-1.000E+00	-1.000E+00	-1.000E+00	-1.000E+00	-1.000E+00	-1.000E+00	-1.000E+00	-1.000E+00
18	23	4 3F -1	5 3P -1	-1.000E+00	-1.000E+00	-1.000E+00	-1.000E+00	-1.000E+00	-1.000E+00	-1.000E+00	-1.000E+00	-1.000E+00
18	24	4 3F -1	5 3D -1	-1.000E+00	-1.000E+00	-1.000E+00	-1.000E+00	-1.000E+00	-1.000E+00	-1.000E+00	-1.000E+00	-1.000E+00
18	25	4 3F -1	5 1D 2	-1.000E+00	-1.000E+00	-1.000E+00	-1.000E+00	-1.000E+00	-1.000E+00	-1.000E+00	-1.000E+00	-1.000E+00
18	26	4 3F -1	5 3F -1	-1.000E+00	-1.000E+00	-1.000E+00	-1.000E+00	-1.000E+00	-1.000E+00	-1.000E+00	-1.000E+00	-1.000E+00
18	27	4 3F -1	5 1F 3	-1.000E+00	-1.000E+00	-1.000E+00	-1.000E+00	-1.000E+00	-1.000E+00	-1.000E+00	-1.000E+00	-1.000E+00
18	28	4 3F -1	5 3G -1	-1.000E+00	-1.000E+00	-1.000E+00	-1.000E+00	-1.000E+00	-1.000E+00	-1.000E+00	-1.000E+00	-1.000E+00
18	29	4 3F -1	5 1G 4	-1.000E+00	-1.000E+00	-1.000E+00	-1.000E+00	-1.000E+00	-1.000E+00	-1.000E+00	-1.000E+00	-1.000E+00
18	30	4 3F -1	5 1P 1	-1.000E+00	-1.000E+00	-1.000E+00	-1.000E+00	-1.000E+00	-1.000E+00	-1.000E+00	-1.000E+00	-1.000E+00
19	20	4 1F 3	4 1P 1	-1.000E+00	-1.000E+00	-1.000E+00	-1.000E+00	-1.000E+00	-1.000E+00	-1.000E+00	-1.000E+00	-1.000E+00
19	21	4 1F 3	5 3S 1	-1.000E+00	-1.000E+00	-1.000E+00	-1.000E+00	-1.000E+00	-1.000E+00	-1.000E+00	-1.000E+00	-1.000E+00
19	22	4 1F 3	5 1S 0	-1.000E+00	-1.000E+00	-1.000E+00	-1.000E+00	-1.000E+00	-1.000E+00	-1.000E+00	-1.000E+00	-1.000E+00
19	23	4 1F 3	5 3P -1	-1.000E+00	-1.000E+00	-1.000E+00	-1.000E+00	-1.000E+00	-1.000E+00	-1.000E+00	-1.000E+00	-1.000E+00
19	24	4 1F 3	5 3D -1	-1.000E+00	-1.000E+00	-1.000E+00	-1.000E+00	-1.000E+00	-1.000E+00	-1.000E+00	-1.000E+00	-1.000E+00
19	25	4 1F 3	5 1D 2	-1.000E+00	-1.000E+00	-1.000E+00	-1.000E+00	-1.000E+00	-1.000E+00	-1.000E+00	-1.000E+00	-1.000E+00
19	26	4 1F 3	5 3F -1	-1.000E+00	-1.000E+00	-1.000E+00	-1.000E+00	-1.000E+00	-1.000E+00	-1.000E+00	-1.000E+00	-1.000E+00
19	27	4 1F 3	5 1F 3	-1.000E+00	-1.000E+00	-1.000E+00	-1.000E+00	-1.000E+00	-1.000E+00	-1.000E+00	-1.000E+00	-1.000E+00
19	28	4 1F 3	5 3G -1	-1.000E+00	-1.000E+00	-1.000E+00	-1.000E+00	-1.000E+00	-1.000E+00	-1.000E+00	-1.000E+00	-1.000E+00
19	29	4 1F 3	5 1G 4	-1.000E+00	-1.000E+00	-1.000E+00	-1.000E+00	-1.000E+00	-1.000E+00	-1.000E+00	-1.000E+00	-1.000E+00
19	30	4 1F 3	5 1P 1	-1.000E+00	-1.000E+00	-1.000E+00	-1.000E+00	-1.000E+00	-1.000E+00	-1.000E+00	-1.000E+00	-1.000E+00
20	21	4 1P 1	5 3S 1	-1.000E+00	-1.000E+00	-1.000E+00	-1.000E+00	-1.000E+00	-1.000E+00	-1.000E+00	-1.000E+00	-1.000E+00
20	22	4 1P 1	5 1S 0	-1.000E+00	-1.000E+00	-1.000E+00	-1.000E+00	-1.000E+00	-1.000E+00	-1.000E+00	-1.000E+00	-1.000E+00
20	23	4 1P 1	5 3P -1	-1.000E+00	-1.000E+00	-1.000E+00	-1.000E+00	-1.000E+00	-1.000E+00	-1.000E+00	-1.000E+00	-1.000E+00
20	24	4 1P 1	5 3D -1	-1.000E+00	-1.000E+00	-1.000E+00	-1.000E+00	-1.000E+00	-1.000E+00	-1.000E+00	-1.000E+00	-1.000E+00
20	25	4 1P 1	5 1D 2	-1.000E+00	-1.000E+00	-1.000E+00	-1.000E+00	-1.000E+00	-1.000E+00	-1.000E+00	-1.000E+00	-1.000E+00
20	26	4 1P 1	5 3F -1	-1.000E+00	-1.000E+00	-1.000E+00	-1.000E+00	-1.000E+00	-1.000E+00	-1.000E+00	-1.000E+00	-1.000E+00
20	27	4 1P 1	5 1F 3	-1.000E+00	-1.000E+00	-1.000E+00	-1.000E+00	-1.000E+00	-1.000E+00	-1.000E+00	-1.000E+00	-1.000E+00
20	28	4 1P 1	5 3G -1	-1.000E+00	-1.000E+00	-1.000E+00	-1.000E+00	-1.000E+00	-1.000E+00	-1.000E+00	-1.000E+00	-1.000E+00
20	29	4 1P 1	5 1G 4	-1.000E+00	-1.000E+00	-1.000E+00	-1.000E+00	-1.000E+00	-1.000E+00	-1.000E+00	-1.000E+00	-1.000E+00
20	30	4 1P 1	5 1P 1	-1.000E+00	-1.000E+00	-1.000E+00	-1.000E+00	-1.000E+00	-1.000E+00	-1.000E+00	-1.000E+00	-1.000E+00
21	22	5 3S 1	5 1S 0	-1.000E+00	-1.000E+00	-1.000E+00	-1.000E+00	-1.000E+00	-1.000E+00	-1.000E+00	-1.000E+00	-1.000E+00
21	23	5 3S 1	5 3P -1	-1.000E+00	-1.000E+00	-1.000E+00	-1.000E+00	-1.000E+00	-1.000E+00	-1.000E+00	-1.000E+00	-1.000E+00
21	24	5 3S 1	5 3D -1	-1.000E+00	-1.000E+00	-1.000E+00	-1.000E+00	-1.000E+00	-1.000E+00	-1.000E+00	-1.000E+00	-1.000E+00
21	25	5 3S 1	5 1D 2	-1.000E+00	-1.000E+00	-1.000E+00	-1.000E+00	-1.000E+00	-1.000E+00	-1.000E+00	-1.000E+00	-1.000E+00
21	26	5 3S 1	5 3F -1	-1.000E+00	-1.000E+00	-1.000E+00	-1.000E+00	-1.000E+00	-1.000E+00	-1.000E+00	-1.000E+00	-1.000E+00
21	27	5 3S 1	5 1F 3	-1.000E+00	-1.000E+00	-1.000E+00	-1.000E+00	-1.000E+00	-1.000E+00	-1.000E+00	-1.000E+00	-1.000E+00
21	28	5 3S 1	5 3G -1	-1.000E+00	-1.000E+00	-1.000E+00	-1.000E+00	-1.000E+00	-1.000E+00	-1.000E+00	-1.000E+00	-1.000E+00
21	29	5 3S 1	5 1G 4	-1.000E+00	-1.000E+00	-1.000E+00	-1.000E+00	-1.000E+00	-1.000E+00	-1.000E+00	-1.000E+00	-1.000E+00
21	30	5 3S 1	5 1P 1	-1.000E+00	-1.000E+00	-1.000E+00	-1.000E+00	-1.000E+00	-1.000E+00	-1.000E+00	-1.000E+00	-1.000E+00
22	23	5 1S 0	5 3P -1	-1.000E+00	-1.000E+00	-1.000E+00	-1.000E+00	-1.000E+00	-1.000E+00	-1.000E+00	-1.000E+00	-1.000E+00
22	24	5 1S 0	5 3D -1	-1.000E+00	-1.000E+00	-1.000E+00	-1.000E+00	-1.000E+00	-1.000E+00	-1.000E+00	-1.000E+00	-1.000E+00
22	25	5 1S 0	5 1D 2	-1.000E+00	-1.000E+00	-1.000E+00	-1.000E+00	-1.000E+00	-1.000E+00	-1.000E+00	-1.000E+00	-1.000E+00
22	26	5 1S 0	5 3F -1	-1.000E+00	-1.000E+00	-1.000E+00	-1.000E+00	-1.000E+00	-1.000E+00	-1.000E+00	-1.000E+00	-1.000E+00
22	27	5 1S 0	5 1F 3	-1.000E+00	-1.000E+00	-1.000E+00	-1.000E+00	-1.000E+00	-1.000E+00	-1.000E+00	-1.000E+00	-1.000E+00
22	28	5 1S 0	5 3G -1	-1.000E+00	-1.000E+00	-1.000E+00	-1.000E+00	-1.000E+00	-1.000E+00	-1.000E+00	-1.000E+00	-1.000E+00
22	29	5 1S 0	5 1G 4	-1.000E+00	-1.000E+00	-1.000E+00	-1.000E+00	-1.000E+00	-1.000E+00	-1.000E+00	-1.000E+00	-1.000E+00
22	30	5 1S 0	5 1P 1	-1.000E+00	-1.000E+00	-1.000E+00	-1.000E+00	-1.000E+00	-1.000E+00	-1.000E+00	-1.000E+00	-1.000E+00
23	24	5 3P -1	5 3D -1	-1.000E+00	-1.000E+00	-1.000E+00	-1.000E+00	-1.000E+00	-1.000E+00	-1.000E+00	-1.000E+00	-1.000E+00
23	25	5 3P -1	5 1D 2	-1.000E+00	-1.000E+00	-1.000E+00	-1.000E+00	-1.000E+00	-1.000E+00	-1.000E+00	-1.000E+00	-1.000E+00
23	26	5 3P -1	5 3F -1	-1.000E+00	-1.000E+00	-1.000E+00	-1.000E+00	-1.000E+00	-1.000E+00	-1.000E+00	-1.000E+00	-1.000E+00
23	27	5 3P -1	5 1F 3	-1.000E+00	-1.000E+00	-1.000E+00	-1.000E+00	-1.000E+00	-1.000E+00	-1.000E+00	-1.000E+00	-1.000E+00
23	28	5 3P -1	5 3G -1	-1.000E+00	-1.000E+00	-1.000E+00	-1.000E+00	-1.000E+00	-1.000E+00	-1.000E+00	-1.000E+00	-1.000E+00
23	29	5 3P -1	5 1G 4	-1.000E+00	-1.000E+00	-1.000E+00	-1.000E+00	-1.000E+00	-1.000E+00	-1.000E+00	-1.000E+00	-1.000E+00
23	30	5 3P -1	5 1P 1	-1.000E+00	-1.000E+00	-1.000E+00	-1.000E+00	-1.000E+00	-1.000E+00	-1.000E+00	-1.000E+00	-1.000E+00
24	25	5 3D -1	5 1D 2	-1.000E+00	-1.000E+00	-1.000E+00	-1.000E+00	-1.000E+00	-1.000E+00	-1.000E+00	-1.000E+00	-1.000E+00
24	26	5 3D -1	5 3F -1	-1.000E+00	-1.000E+00	-1.000E+00	-1.000E+00	-1.000E+00	-1.000E+00	-1.000E+00	-1.000E+00	-1.000E+00
24	27	5 3D -1	5 1F 3	-1.000E+00	-1.000E+00	-1.000E+00	-1.000E+00	-1.000E+00	-1.000E+00	-1.000E+00	-1.000E+00	-1.000E+00
24	28	5 3D -1	5 3G -1	-1.000E+00	-1.000E+00	-1.000E+00	-1.000E+00	-1.000E+00	-1.000E+00	-1.000E+00	-1.000E+00	-1.000E+00
24	29	5 3D -1	5 1G 4	-1.000E+00	-1.000E+00	-1.000E+00	-1.000E+00	-1.000E+00	-1.000E+00	-1.000E+00	-1.000E+00	-1.000E+00
24	30	5 3D -1	5 1P 1	-1.000E+00	-1.000E+00	-1.000E+00	-1.000E+00	-1.000E+00	-1.000E+00	-1.000E+00	-1.000E+00	-1.000E+00
25	26	5 1D 2	5 3F -1	-1.000E+00	-1.000E+00	-1.000E+00	-1.000E+00	-1.000E+00	-1.000E+00	-1.000E+00	-1.000E+00	-1.000E+00
25	27	5 1D 2	5 1F 3	-1.000E+00	-1.000E+00	-1.000E+00	-1.000E+00	-1.000E+00	-1.000E+00	-1.000E+00	-1.000E+00	-1.000E+00
25	28	5 1D 2	5 3G -1	-1.000E+00	-1.000E+00	-1.000E+00	-1.000E+00	-1.000E+00	-1.000E+00	-1.000E+00	-1.000E+00	-1.000E+00
25	29	5 1D 2	5 1G 4	-1.000E+00	-1.000E+00	-1.000E+00	-1.000E+00	-1.000E+00	-1.000E+00	-1.000E+00	-1.000E+00	-1.000E+00
25	30	5 1D 2	5 1P 1	-1.000E+00	-1.000E+00	-1.000E+00	-1.000E+00	-1.000E+00	-1.000E+00	-1.000E+00	-1.000E+00	-1.000E+00
26	27	5 3F -1	5 1F 3	-1.000E+00	-1.000E+00	-1.000E+00	-1.000E+00	-1.000E+00	-1.000E+00	-1.000E+00	-1.000E+00	-1.000E+00
26	28	5 3F -1	5 3G -1	-1.000E+00	-1.000E+00	-1.000E+00	-1.000E+00	-1.000E+00	-1.000E+00	-1.000E+00	-1.000E+00	-1.000E+00
26	29	5 3F -1	5 1G 4	-1.000E+00	-1.000E+00	-1.000E+00	-1.000E+00	-1.000E+00	-1.000E+00	-1.000E+00	-1.000E+00	-1.000E+00
26	30	5 3F -1	5 1P 1	-1.000E+00	-1.000E+00	-1.000E+00	-1.000E+00	-1.000E+00	-1.000E+00	-1.000E+00	-1.000E+00	-1.000E+00
27	28	5 1F 3	5 3G -1	-1.000E+00	-1.000E+00	-1.000E+00	-1.000E+00	-1.000E+00	-1.000E+00	-1.000E+00	-1.000E+00	-1.000E+00
27	29	5 1F 3	5 1G 4	-1.000E+00	-1.000E+00	-1.000E+00	-1.000E+00	-1.000E+00	-1.000E+00	-1.000E+00	-1.000E+00	-1.000E+00
27	30	5 1F 3	5 1P 1	-1.000E+00	-1.000E+00	-1.000E+00	-1.000E+00	-1.000E+00	-1.000E+00	-1.000E+00	-1.000E+00	-1.000E+00
28	29	5 3G -1	5 1G 4	-1.000E+00	-1.000E+00	-1.000E+00	-1.000E+00	-1.000E+00	-1.000E+00	-1.000E+00	-1.000E+00	-1.000E+00
28	30	5 3G -1	5 1P 1	-1.000E+00	-1.000E+00	-1.000E+00	-1.000E+00	-1.000E+00	-1.000E+00	-1.000E+00	-1.000E+00	-1.000E+00
29	30	5 1G 4	5 1P 1	-1.000E+00	-1.000E+00	-1.000E+00	-1.000E+00	-1.000E+00	-1.000E+00	-1.000E+00	-1.000E+00	-1.000E+00
