 20061204
 3.07626e-01 5.60964e+00 9.95690e+00 2.24237e-01 3.85291e+01
 1.07629e+00 6.02640e+00 2.38222e+00 1.63081e-01 7.69680e+00
 7.59605e-01 7.15690e+00 1.36471e+00 4.46372e-01 3.42940e+01
 8.03881e+00 3.38786e+00 8.30480e-01 6.96195e-01 3.81896e-03
 2.24160e+01 2.76959e+00 4.91676e-01 5.73670e-01 1.88765e-04
 4.89715e+01 2.40666e+00 3.29170e-01 4.83482e-01 1.93150e-05
 9.00516e+01 2.18635e+00 2.42373e-01 4.23331e-01 3.33215e-06
 1.49785e+02 2.03097e+00 1.87576e-01 3.77563e-01 7.72796e-07
 2.36282e+02 1.90366e+00 1.47477e-01 3.36978e-01 2.07509e-07
 3.51115e+02 1.80795e+00 1.19663e-01 3.05468e-01 6.65714e-08
 5.05155e+02 1.72688e+00 9.81424e-02 2.77588e-01 2.33701e-08
 6.88866e+02 1.66895e+00 8.33773e-02 2.57807e-01 9.67881e-09
 9.24778e+02 1.61588e+00 7.09266e-02 2.38951e-01 4.17212e-09
 1.22140e+03 1.56826e+00 6.05304e-02 2.21567e-01 1.87985e-09
 1.55181e+03 1.53342e+00 5.30777e-02 2.09108e-01 9.55475e-10
 1.91695e+03 1.50651e+00 4.74662e-02 1.99626e-01 5.29159e-10
 2.25281e+03 1.49288e+00 4.42374e-02 1.95646e-01 3.43234e-10
 2.88811e+03 1.45352e+00 3.75427e-02 1.79942e-01 1.66104e-10
 3.36382e+03 1.43914e+00 3.46821e-02 1.75102e-01 1.09654e-10
 4.02076e+03 1.41813e+00 3.11794e-02 1.67104e-01 6.62254e-11
 4.34720e+03 1.41875e+00 3.05827e-02 1.68655e-01 5.52354e-11
 5.10349e+03 1.39946e+00 2.75666e-02 1.61110e-01 3.50689e-11
 5.73713e+03 1.38962e+00 2.58979e-02 1.57673e-01 2.55703e-11
 6.32447e+03 1.38308e+00 2.46845e-02 1.55657e-01 1.98061e-11
 6.75642e+03 1.38112e+00 2.40425e-02 1.55622e-01 1.69170e-11
 7.33346e+03 1.37528e+00 2.30102e-02 1.53756e-01 1.36861e-11
 7.96918e+03 1.36796e+00 2.18658e-02 1.51139e-01 1.09935e-11
 8.38737e+03 1.36654e+00 2.14220e-02 1.51153e-01 9.77583e-12
 9.30284e+03 1.35578e+00 2.00133e-02 1.46881e-01 7.33042e-12
 1.09155e+04 1.33508e+00 1.76264e-02 1.38015e-01 4.57661e-12
 1.24027e+04 1.32101e+00 1.60384e-02 1.32113e-01 3.16776e-12
 1.29082e+04 1.31991e+00 1.57688e-02 1.32097e-01 2.89890e-12
 1.33691e+04 1.31869e+00 1.55004e-02 1.31988e-01 2.68842e-12
 1.39502e+04 1.31601e+00 1.51099e-02 1.31186e-01 2.43068e-12
 1.51495e+04 1.30713e+00 1.41522e-02 1.27516e-01 1.93140e-12
 1.53501e+04 1.30790e+00 1.41167e-02 1.28245e-01 1.91250e-12
 1.61357e+04 1.30466e+00 1.37357e-02 1.27105e-01 1.68549e-12
 1.80085e+04 1.29316e+00 1.26205e-02 1.22162e-01 1.22606e-12
 1.81497e+04 1.29424e+00 1.26401e-02 1.22980e-01 1.23130e-12
 1.85509e+04 1.29336e+00 1.24952e-02 1.22879e-01 1.18145e-12
 1.91380e+04 1.29059e+00 1.22009e-02 1.21878e-01 1.09869e-12
 1.92786e+04 1.29140e+00 1.22162e-02 1.22522e-01 1.10236e-12
 1.92483e+04 1.29283e+00 1.22967e-02 1.23437e-01 1.13619e-12
 1.93915e+04 1.29339e+00 1.22994e-02 1.23948e-01 1.13792e-12
 1.94684e+04 1.29398e+00 1.23176e-02 1.24447e-01 1.15087e-12
 1.96903e+04 1.29314e+00 1.22120e-02 1.24285e-01 1.13559e-12
 1.98262e+04 1.29341e+00 1.22096e-02 1.24622e-01 1.13686e-12
 2.00316e+04 1.29273e+00 1.21296e-02 1.24512e-01 1.12439e-12
 2.03953e+04 1.29120e+00 1.19684e-02 1.24016e-01 1.08500e-12
 2.08006e+04 1.28917e+00 1.17763e-02 1.23269e-01 1.04047e-12
 2.10323e+04 1.28832e+00 1.16853e-02 1.23061e-01 1.02511e-12
 2.11387e+04 1.28828e+00 1.16787e-02 1.23207e-01 1.02916e-12
 2.12366e+04 1.28823e+00 1.16635e-02 1.23350e-01 1.03416e-12
 2.06752e+04 1.29167e+00 1.19534e-02 1.25091e-01 1.14697e-12
 2.05738e+04 1.29240e+00 1.20104e-02 1.25581e-01 1.18637e-12
 2.21989e+04 1.28392e+00 1.12798e-02 1.21830e-01 9.50039e-13
 2.27207e+04 1.28159e+00 1.10767e-02 1.20908e-01 8.98683e-13
 2.37584e+04 1.27644e+00 1.06472e-02 1.18675e-01 7.93691e-13
 2.51633e+04 1.27083e+00 1.01830e-02 1.16227e-01 6.73954e-13
 2.53424e+04 1.27087e+00 1.01888e-02 1.16376e-01 6.70823e-13
 2.54713e+04 1.27027e+00 1.01408e-02 1.16222e-01 6.70873e-13
 2.57923e+04 1.26934e+00 1.00661e-02 1.15921e-01 6.55652e-13
 2.73005e+04 1.26305e+00 9.56598e-03 1.13140e-01 5.56481e-13
 2.76820e+04 1.26175e+00 9.46526e-03 1.12655e-01 5.41061e-13
 2.89190e+04 1.25739e+00 9.12933e-03 1.10756e-01 4.78741e-13
 2.93302e+04 1.25591e+00 9.01763e-03 1.10185e-01 4.64756e-13
 2.96601e+04 1.25503e+00 8.95437e-03 1.09884e-01 4.55491e-13
 3.00211e+04 1.25411e+00 8.88879e-03 1.09562e-01 4.45060e-13
 3.00215e+04 1.25356e+00 8.85608e-03 1.09407e-01 4.51017e-13
 3.04895e+04 1.25209e+00 8.75018e-03 1.08828e-01 4.35708e-13
 3.06108e+04 1.25067e+00 8.65586e-03 1.08259e-01 4.35540e-13
 3.08893e+04 1.24984e+00 8.60245e-03 1.07960e-01 4.29142e-13
 3.12948e+04 1.24857e+00 8.51112e-03 1.07471e-01 4.17474e-13
 3.15102e+04 1.24770e+00 8.45464e-03 1.07156e-01 4.13874e-13
 3.15318e+04 1.24767e+00 8.46726e-03 1.07220e-01 4.18426e-13
 3.25503e+04 1.24505e+00 8.26816e-03 1.06109e-01 3.83836e-13
 3.36744e+04 1.24043e+00 7.95003e-03 1.04027e-01 3.48558e-13
 3.60942e+04 1.23555e+00 7.58706e-03 1.01869e-01 2.84588e-13
 3.67949e+04 1.23353e+00 7.45286e-03 1.01013e-01 2.71133e-13
 3.69918e+04 1.23311e+00 7.43040e-03 1.00895e-01 2.69941e-13
 3.82903e+04 1.22973e+00 7.19264e-03 9.94116e-02 2.45070e-13
 4.04734e+04 1.22488e+00 6.85977e-03 9.72484e-02 2.08427e-13
 4.38950e+04 1.21802e+00 6.39805e-03 9.41438e-02 1.63548e-13
 4.47467e+04 1.21625e+00 6.28883e-03 9.33897e-02 1.55748e-13
 4.53623e+04 1.21504e+00 6.21636e-03 9.28992e-02 1.50929e-13
 4.57412e+04 1.21425e+00 6.17286e-03 9.25980e-02 1.48701e-13
 4.58669e+04 1.21368e+00 6.14706e-03 9.23910e-02 1.48998e-13
 4.64746e+04 1.21260e+00 6.08280e-03 9.19582e-02 1.44578e-13
 4.67313e+04 1.21198e+00 6.05299e-03 9.17324e-02 1.43630e-13
 4.72504e+04 1.21100e+00 5.99627e-03 9.13374e-02 1.40241e-13
 4.75397e+04 1.21076e+00 5.98892e-03 9.12843e-02 1.39133e-13
 4.78916e+04 1.20989e+00 5.94172e-03 9.09401e-02 1.37340e-13
 4.84595e+04 1.20887e+00 5.88514e-03 9.05207e-02 1.33742e-13
 4.98872e+04 1.20647e+00 5.74072e-03 8.94596e-02 1.23380e-13
 5.02178e+04 1.20578e+00 5.70418e-03 8.91986e-02 1.22067e-13
 5.05910e+04 1.20509e+00 5.66983e-03 8.89294e-02 1.20466e-13
 5.08355e+04 1.20460e+00 5.64584e-03 8.87566e-02 1.19839e-13
 5.10768e+04 1.20412e+00 5.62479e-03 8.85841e-02 1.19234e-13
 5.13650e+04 1.20348e+00 5.59185e-03 8.83416e-02 1.18272e-13
 5.15616e+04 1.20280e+00 5.56150e-03 8.80741e-02 1.17928e-13
 5.15049e+04 1.20288e+00 5.57236e-03 8.81638e-02 1.19484e-13
 5.16203e+04 1.20239e+00 5.55256e-03 8.79774e-02 1.19718e-13
 5.20700e+04 1.20183e+00 5.52369e-03 8.77696e-02 1.17647e-13
 5.22801e+04 1.20111e+00 5.48987e-03 8.74815e-02 1.17181e-13
 5.26918e+04 1.20047e+00 5.45422e-03 8.72364e-02 1.15403e-13
 5.30097e+04 1.19987e+00 5.42558e-03 8.69977e-02 1.14269e-13
 5.31625e+04 1.19949e+00 5.40908e-03 8.68723e-02 1.14250e-13
 5.32084e+04 1.19910e+00 5.39659e-03 8.67286e-02 1.14906e-13
 5.39327e+04 1.19789e+00 5.32780e-03 8.62162e-02 1.11101e-13
 5.42985e+04 1.19747e+00 5.31012e-03 8.60574e-02 1.09764e-13
 5.47482e+04 1.19671e+00 5.26994e-03 8.57517e-02 1.07888e-13
 5.53598e+04 1.19566e+00 5.21107e-03 8.53086e-02 1.05076e-13
 5.56526e+04 1.19515e+00 5.19132e-03 8.51014e-02 1.04227e-13
 5.62626e+04 1.19423e+00 5.14124e-03 8.47205e-02 1.01584e-13
 5.64509e+04 1.19374e+00 5.12138e-03 8.45269e-02 1.01336e-13
 5.65048e+04 1.19347e+00 5.11202e-03 8.44478e-02 1.01850e-13
 5.63001e+04 1.19365e+00 5.13057e-03 8.45656e-02 1.03855e-13
 5.62106e+04 1.19367e+00 5.13907e-03 8.46105e-02 1.05220e-13
 5.63240e+04 1.19328e+00 5.12788e-03 8.44597e-02 1.05369e-13
 5.63976e+04 1.19293e+00 5.11407e-03 8.43346e-02 1.05744e-13
 5.59892e+04 1.19323e+00 5.14229e-03 8.45086e-02 1.08999e-13
 5.61317e+04 1.19317e+00 5.14126e-03 8.45229e-02 1.09032e-13
 5.64118e+04 1.19274e+00 5.12409e-03 8.43517e-02 1.08190e-13
 5.63712e+04 1.19258e+00 5.12406e-03 8.43088e-02 1.09242e-13
 5.66924e+04 1.19188e+00 5.09079e-03 8.40173e-02 1.08103e-13
 5.67500e+04 1.19178e+00 5.08880e-03 8.40072e-02 1.08594e-13
 5.71390e+04 1.19113e+00 5.05839e-03 8.37378e-02 1.07089e-13
 5.70679e+04 1.19104e+00 5.06027e-03 8.37273e-02 1.08292e-13
 5.70957e+04 1.19074e+00 5.05193e-03 8.36150e-02 1.08889e-13
 5.72020e+04 1.19060e+00 5.04686e-03 8.35863e-02 1.09074e-13
 5.71903e+04 1.19039e+00 5.04318e-03 8.35158e-02 1.09911e-13
 5.72388e+04 1.19028e+00 5.04478e-03 8.34939e-02 1.10422e-13
 5.71377e+04 1.19007e+00 5.04055e-03 8.34292e-02 1.11778e-13
 5.68854e+04 1.19047e+00 5.07016e-03 8.36427e-02 1.14177e-13
 5.67902e+04 1.19026e+00 5.06625e-03 8.35736e-02 1.15534e-13
 5.66644e+04 1.19047e+00 5.08405e-03 8.37017e-02 1.17186e-13
 5.64886e+04 1.19041e+00 5.09217e-03 8.36938e-02 1.19105e-13
 5.85530e+04 1.18765e+00 4.93064e-03 8.24445e-02 1.07198e-13
 5.86855e+04 1.18747e+00 4.92364e-03 8.23949e-02 1.07190e-13
 5.88453e+04 1.18691e+00 4.90199e-03 8.21526e-02 1.06948e-13
 5.88638e+04 1.18704e+00 4.91314e-03 8.22433e-02 1.07616e-13
 5.87851e+04 1.18691e+00 4.91251e-03 8.22120e-02 1.08765e-13
 5.88130e+04 1.18659e+00 4.90079e-03 8.20866e-02 1.09285e-13
 5.93471e+04 1.18588e+00 4.86743e-03 8.17790e-02 1.06950e-13
 5.95908e+04 1.18557e+00 4.85105e-03 8.16661e-02 1.06301e-13
 5.97129e+04 1.18536e+00 4.84487e-03 8.15949e-02 1.06318e-13
 5.96874e+04 1.18516e+00 4.84112e-03 8.15297e-02 1.07120e-13
 5.98537e+04 1.18475e+00 4.82531e-03 8.13542e-02 1.06848e-13
 6.01163e+04 1.18433e+00 4.80679e-03 8.11877e-02 1.06068e-13
 6.02535e+04 1.18400e+00 4.79354e-03 8.10538e-02 1.05967e-13
 6.12993e+04 1.18263e+00 4.71801e-03 8.04429e-02 1.01044e-13
 6.15881e+04 1.18211e+00 4.69647e-03 8.02230e-02 1.00175e-13
 6.15834e+04 1.18205e+00 4.69907e-03 8.02166e-02 1.00826e-13
 6.21590e+04 1.18146e+00 4.66635e-03 7.99722e-02 9.85752e-14
 6.20649e+04 1.18144e+00 4.67359e-03 7.99807e-02 9.96399e-14
 6.20998e+04 1.18126e+00 4.66945e-03 7.99154e-02 1.00061e-13
 6.21969e+04 1.18093e+00 4.65326e-03 7.97913e-02 1.00153e-13
 6.26209e+04 1.18051e+00 4.63736e-03 7.96109e-02 9.86650e-14
 6.26851e+04 1.18013e+00 4.62024e-03 7.94646e-02 9.88984e-14
 6.27897e+04 1.17991e+00 4.61297e-03 7.93820e-02 9.89649e-14
 6.32154e+04 1.17946e+00 4.59261e-03 7.91949e-02 9.74916e-14
 6.28296e+04 1.17960e+00 4.60748e-03 7.92777e-02 9.99157e-14
 6.27666e+04 1.17960e+00 4.61281e-03 7.93002e-02 1.00817e-13
 6.28188e+04 1.17926e+00 4.60014e-03 7.91606e-02 1.01098e-13
 6.49777e+04 1.17700e+00 4.47186e-03 7.81305e-02 9.15301e-14
 6.49998e+04 1.17682e+00 4.46764e-03 7.80687e-02 9.19442e-14
 6.50971e+04 1.17673e+00 4.46685e-03 7.80477e-02 9.20540e-14
 6.51001e+04 1.17668e+00 4.47044e-03 7.80443e-02 9.25666e-14
 6.53712e+04 1.17590e+00 4.43566e-03 7.76892e-02 9.18101e-14
 6.59554e+04 1.17541e+00 4.40940e-03 7.74885e-02 8.98314e-14
 6.60573e+04 1.17525e+00 4.40404e-03 7.74358e-02 8.99013e-14
 6.61940e+04 1.17513e+00 4.40154e-03 7.73997e-02 8.98355e-14
 6.63293e+04 1.17456e+00 4.37606e-03 7.71503e-02 8.96919e-14
 6.65814e+04 1.17430e+00 4.36866e-03 7.70420e-02 8.91325e-14
 6.65895e+04 1.17427e+00 4.36925e-03 7.70586e-02 8.95946e-14
 6.68073e+04 1.17394e+00 4.35579e-03 7.69209e-02 8.91590e-14
 6.68303e+04 1.17387e+00 4.35616e-03 7.69057e-02 8.95459e-14
 6.74621e+04 1.17325e+00 4.32576e-03 7.66363e-02 8.74358e-14
 6.83886e+04 1.17218e+00 4.26888e-03 7.61559e-02 8.42239e-14
 6.92863e+04 1.17117e+00 4.21869e-03 7.57032e-02 8.12833e-14
 6.93488e+04 1.17128e+00 4.22583e-03 7.57736e-02 8.15203e-14
 6.95462e+04 1.17057e+00 4.19544e-03 7.54550e-02 8.11497e-14
 7.01551e+04 1.16996e+00 4.16792e-03 7.51812e-02 7.93871e-14
 7.11655e+04 1.16926e+00 4.12696e-03 7.48849e-02 7.63674e-14
 7.26336e+04 1.16728e+00 4.02543e-03 7.39746e-02 7.19420e-14
 7.28369e+04 1.16733e+00 4.03171e-03 7.40156e-02 7.17252e-14
 7.33426e+04 1.16671e+00 4.00143e-03 7.37486e-02 7.05385e-14
 7.36828e+04 1.16643e+00 3.99036e-03 7.36310e-02 6.98917e-14
 7.39666e+04 1.16614e+00 3.97808e-03 7.35127e-02 6.94100e-14
 7.40107e+04 1.16601e+00 3.97690e-03 7.34663e-02 6.96236e-14
 7.39172e+04 1.16586e+00 3.97482e-03 7.34083e-02 7.02226e-14
 7.45995e+04 1.16527e+00 3.94497e-03 7.31551e-02 6.85885e-14
 7.50173e+04 1.16479e+00 3.92397e-03 7.29436e-02 6.77286e-14
 7.58009e+04 1.16410e+00 3.88972e-03 7.26377e-02 6.58975e-14
 7.65273e+04 1.16333e+00 3.85286e-03 7.22975e-02 6.42674e-14
 7.67465e+04 1.16309e+00 3.84380e-03 7.22001e-02 6.40069e-14
 7.83220e+04 1.16165e+00 3.76989e-03 7.15471e-02 6.03590e-14
 7.86456e+04 1.16134e+00 3.75780e-03 7.14128e-02 5.98753e-14
 7.88621e+04 1.16124e+00 3.75643e-03 7.13818e-02 5.96646e-14
 7.94154e+04 1.16056e+00 3.72562e-03 7.10786e-02 5.86356e-14
 7.96269e+04 1.16016e+00 3.70716e-03 7.09092e-02 5.84067e-14
 8.00661e+04 1.15983e+00 3.69397e-03 7.07664e-02 5.76932e-14
 8.10129e+04 1.15905e+00 3.65865e-03 7.04134e-02 5.58797e-14
 8.13573e+04 1.15870e+00 3.64328e-03 7.02705e-02 5.54012e-14
 8.15364e+04 1.15849e+00 3.63595e-03 7.01817e-02 5.52756e-14
 8.16732e+04 1.15816e+00 3.62227e-03 7.00475e-02 5.52242e-14
 8.20184e+04 1.15784e+00 3.61158e-03 6.99051e-02 5.47526e-14
 8.23027e+04 1.15760e+00 3.60165e-03 6.98110e-02 5.44176e-14
 8.26037e+04 1.15719e+00 3.58450e-03 6.96305e-02 5.40326e-14
 8.28891e+04 1.15698e+00 3.57542e-03 6.95479e-02 5.37045e-14
 8.31632e+04 1.15664e+00 3.56328e-03 6.94017e-02 5.33854e-14
 8.38334e+04 1.15620e+00 3.54204e-03 6.92124e-02 5.23135e-14
 8.45296e+04 1.15556e+00 3.51339e-03 6.89287e-02 5.12031e-14
 8.51244e+04 1.15504e+00 3.49037e-03 6.86951e-02 5.03153e-14
 8.55104e+04 1.15472e+00 3.47542e-03 6.85645e-02 4.98329e-14
 8.59027e+04 1.15445e+00 3.46470e-03 6.84513e-02 4.93502e-14
 8.63232e+04 1.15394e+00 3.44238e-03 6.82267e-02 4.88031e-14
 8.67658e+04 1.15358e+00 3.42754e-03 6.80725e-02 4.82421e-14
 8.71436e+04 1.15326e+00 3.41489e-03 6.79327e-02 4.77995e-14
 8.75238e+04 1.15294e+00 3.40150e-03 6.77952e-02 4.73598e-14
 8.78433e+04 1.15270e+00 3.39224e-03 6.76996e-02 4.70311e-14
 8.83514e+04 1.15228e+00 3.37388e-03 6.75155e-02 4.63900e-14
 8.87785e+04 1.15172e+00 3.34931e-03 6.72688e-02 4.58735e-14
 8.91574e+04 1.15145e+00 3.33919e-03 6.71508e-02 4.54645e-14
 8.94967e+04 1.15121e+00 3.32838e-03 6.70588e-02 4.51244e-14
 9.12270e+04 1.14991e+00 3.26653e-03 6.64589e-02 4.26817e-14
 9.13531e+04 1.14982e+00 3.26608e-03 6.64247e-02 4.26803e-14
 9.15646e+04 1.14979e+00 3.26820e-03 6.64228e-02 4.25650e-14
 9.17676e+04 1.14936e+00 3.25112e-03 6.62332e-02 4.24261e-14
 9.19852e+04 1.14917e+00 3.24418e-03 6.61558e-02 4.22891e-14
 9.23665e+04 1.14871e+00 3.22490e-03 6.59510e-02 4.19049e-14
 9.27334e+04 1.14853e+00 3.21863e-03 6.58796e-02 4.15699e-14
 9.31345e+04 1.14835e+00 3.21068e-03 6.58105e-02 4.11939e-14
 9.32638e+04 1.14820e+00 3.20672e-03 6.57554e-02 4.11821e-14
 9.34470e+04 1.14799e+00 3.20042e-03 6.56619e-02 4.10922e-14
 9.36383e+04 1.14773e+00 3.19123e-03 6.55532e-02 4.09887e-14
 9.39122e+04 1.14741e+00 3.17906e-03 6.54152e-02 4.07725e-14
 9.46940e+04 1.14701e+00 3.16010e-03 6.52396e-02 3.99037e-14
 9.55356e+04 1.14632e+00 3.12968e-03 6.49305e-02 3.89646e-14
 9.58083e+04 1.14612e+00 3.12136e-03 6.48497e-02 3.87748e-14
 9.59772e+04 1.14581e+00 3.10892e-03 6.47174e-02 3.87024e-14
 9.60382e+04 1.14590e+00 3.11656e-03 6.47660e-02 3.87914e-14
 9.61351e+04 1.14571e+00 3.11176e-03 6.46857e-02 3.88142e-14
 9.62523e+04 1.14556e+00 3.10646e-03 6.46315e-02 3.88161e-14
 9.64684e+04 1.14534e+00 3.09921e-03 6.45360e-02 3.86919e-14
 9.65454e+04 1.14519e+00 3.09579e-03 6.44746e-02 3.87404e-14
 9.66749e+04 1.14507e+00 3.09092e-03 6.44320e-02 3.87282e-14
 9.68937e+04 1.14485e+00 3.08242e-03 6.43444e-02 3.86016e-14
 9.70653e+04 1.14474e+00 3.08065e-03 6.42944e-02 3.85386e-14
 9.71949e+04 1.14465e+00 3.07937e-03 6.42618e-02 3.85276e-14
 9.74727e+04 1.14443e+00 3.07107e-03 6.41735e-02 3.83312e-14
 9.77813e+04 1.14427e+00 3.06446e-03 6.41107e-02 3.81055e-14
 9.80282e+04 1.14378e+00 3.04592e-03 6.38878e-02 3.79248e-14
 9.83343e+04 1.14363e+00 3.04135e-03 6.38269e-02 3.77052e-14
 9.85896e+04 1.14345e+00 3.03740e-03 6.37486e-02 3.75425e-14
 9.87936e+04 1.14322e+00 3.02670e-03 6.36560e-02 3.74358e-14
 9.91176e+04 1.14305e+00 3.02231e-03 6.35790e-02 3.71976e-14
 9.94444e+04 1.14271e+00 3.00897e-03 6.34309e-02 3.69463e-14
 9.96930e+04 1.14241e+00 2.99691e-03 6.33062e-02 3.67862e-14
 9.99557e+04 1.14230e+00 2.99342e-03 6.32636e-02 3.66264e-14
 1.00226e+05 1.14209e+00 2.98556e-03 6.31740e-02 3.64523e-14
 1.00559e+05 1.14201e+00 2.98204e-03 6.31493e-02 3.62206e-14
 1.00877e+05 1.14176e+00 2.97389e-03 6.30401e-02 3.59942e-14
 1.01298e+05 1.14139e+00 2.96004e-03 6.28730e-02 3.56510e-14
 1.01553e+05 1.14121e+00 2.95435e-03 6.27955e-02 3.55004e-14
 1.01811e+05 1.14107e+00 2.95073e-03 6.27426e-02 3.53516e-14
 1.02152e+05 1.14069e+00 2.93733e-03 6.25658e-02 3.50987e-14
 1.02392e+05 1.14052e+00 2.92838e-03 6.25039e-02 3.49685e-14
 1.02798e+05 1.14020e+00 2.91748e-03 6.23580e-02 3.46574e-14
 1.03037e+05 1.13993e+00 2.90616e-03 6.22441e-02 3.45226e-14
 1.03260e+05 1.13977e+00 2.90035e-03 6.21773e-02 3.44118e-14
 1.03571e+05 1.13972e+00 2.90042e-03 6.21642e-02 3.42222e-14
 1.03788e+05 1.13947e+00 2.89246e-03 6.20533e-02 3.41121e-14
 1.04065e+05 1.13929e+00 2.88545e-03 6.19798e-02 3.39492e-14
 1.04366e+05 1.13882e+00 2.86790e-03 6.17639e-02 3.37421e-14
 1.04670e+05 1.13872e+00 2.86443e-03 6.17290e-02 3.35615e-14
 1.04889e+05 1.13852e+00 2.85746e-03 6.16407e-02 3.34543e-14
 1.05114e+05 1.13832e+00 2.84916e-03 6.15632e-02 3.33441e-14
 1.05329e+05 1.13825e+00 2.84732e-03 6.15349e-02 3.32519e-14
 1.05553e+05 1.13815e+00 2.84555e-03 6.14957e-02 3.31488e-14
 1.05817e+05 1.13778e+00 2.83203e-03 6.13320e-02 3.29906e-14
 1.06043e+05 1.13754e+00 2.82361e-03 6.12226e-02 3.28763e-14
 1.06282e+05 1.13739e+00 2.81893e-03 6.11609e-02 3.27574e-14
 1.06474e+05 1.13727e+00 2.81474e-03 6.11173e-02 3.26853e-14
 1.06596e+05 1.13737e+00 2.81830e-03 6.11813e-02 3.26931e-14
 1.06734e+05 1.13707e+00 2.80941e-03 6.10364e-02 3.26558e-14
 1.06899e+05 1.13691e+00 2.80504e-03 6.09718e-02 3.26044e-14
 1.07094e+05 1.13677e+00 2.80008e-03 6.09126e-02 3.25265e-14
 1.07412e+05 1.13658e+00 2.79417e-03 6.08281e-02 3.23350e-14
 1.07570e+05 1.13636e+00 2.78581e-03 6.07358e-02 3.22865e-14
 1.07682e+05 1.13628e+00 2.78372e-03 6.07066e-02 3.22886e-14
 1.07850e+05 1.13601e+00 2.77566e-03 6.05877e-02 3.22272e-14
 1.08040e+05 1.13590e+00 2.77353e-03 6.05401e-02 3.21560e-14
 1.08222e+05 1.13577e+00 2.76748e-03 6.04890e-02 3.20926e-14
 1.08556e+05 1.13579e+00 2.76898e-03 6.05083e-02 3.19048e-14
 1.08761e+05 1.13541e+00 2.75564e-03 6.03343e-02 3.18031e-14
 1.09056e+05 1.13522e+00 2.74731e-03 6.02573e-02 3.16373e-14
 1.09374e+05 1.13506e+00 2.74255e-03 6.01859e-02 3.14542e-14
 1.09625e+05 1.13502e+00 2.74168e-03 6.01773e-02 3.13390e-14
 1.09865e+05 1.13479e+00 2.73374e-03 6.00805e-02 3.12204e-14
 1.10391e+05 1.13460e+00 2.72669e-03 5.99970e-02 3.08649e-14
 1.10923e+05 1.13432e+00 2.71520e-03 5.98730e-02 3.05034e-14
 1.11443e+05 1.13406e+00 2.70513e-03 5.97586e-02 3.01597e-14
 1.11933e+05 1.13369e+00 2.69023e-03 5.95971e-02 2.98384e-14
 1.12475e+05 1.13364e+00 2.68795e-03 5.95804e-02 2.95013e-14
 1.13043e+05 1.13328e+00 2.67371e-03 5.94170e-02 2.91297e-14
 1.13838e+05 1.13282e+00 2.65121e-03 5.92218e-02 2.85892e-14
 1.14312e+05 1.13236e+00 2.63588e-03 5.90055e-02 2.82961e-14
 1.14794e+05 1.13205e+00 2.62284e-03 5.88698e-02 2.80115e-14
 1.15246e+05 1.13181e+00 2.61594e-03 5.87597e-02 2.77564e-14
 1.15793e+05 1.13141e+00 2.60024e-03 5.85782e-02 2.74275e-14
 1.16300e+05 1.13105e+00 2.58649e-03 5.84129e-02 2.71347e-14
 1.16804e+05 1.13095e+00 2.58321e-03 5.83762e-02 2.68636e-14
 1.17320e+05 1.13056e+00 2.56602e-03 5.82069e-02 2.65719e-14
 1.17636e+05 1.13059e+00 2.56948e-03 5.82217e-02 2.64415e-14
 1.18050e+05 1.13032e+00 2.55894e-03 5.81028e-02 2.62306e-14
 1.18894e+05 1.12981e+00 2.53744e-03 5.78760e-02 2.57281e-14
 1.19150e+05 1.12967e+00 2.53270e-03 5.78189e-02 2.56337e-14
 1.19556e+05 1.12962e+00 2.53230e-03 5.77995e-02 2.54488e-14
 1.19972e+05 1.12914e+00 2.51319e-03 5.75804e-02 2.52355e-14
 1.20318e+05 1.12868e+00 2.49798e-03 5.73674e-02 2.50694e-14
 1.20800e+05 1.12863e+00 2.49572e-03 5.73535e-02 2.48435e-14
 1.21051e+05 1.12890e+00 2.50617e-03 5.74894e-02 2.47794e-14
 1.22186e+05 1.12812e+00 2.47567e-03 5.71245e-02 2.41275e-14
 1.22462e+05 1.12820e+00 2.47849e-03 5.71775e-02 2.40426e-14
 1.22787e+05 1.12778e+00 2.46255e-03 5.69852e-02 2.39018e-14
 1.23194e+05 1.12772e+00 2.46152e-03 5.69624e-02 2.37334e-14
 1.23605e+05 1.12738e+00 2.44892e-03 5.68079e-02 2.35501e-14
 1.23996e+05 1.12716e+00 2.44139e-03 5.67088e-02 2.33863e-14
 1.24428e+05 1.12704e+00 2.43702e-03 5.66622e-02 2.32064e-14
 1.24798e+05 1.12680e+00 2.42883e-03 5.65549e-02 2.30569e-14
 1.25153e+05 1.12656e+00 2.42021e-03 5.64523e-02 2.29168e-14
 1.25678e+05 1.12620e+00 2.40622e-03 5.62834e-02 2.26796e-14
 1.26128e+05 1.12597e+00 2.39694e-03 5.61878e-02 2.24925e-14
 1.27072e+05 1.12567e+00 2.38534e-03 5.60563e-02 2.20459e-14
 1.27564e+05 1.12562e+00 2.38133e-03 5.60437e-02 2.18532e-14
 1.28374e+05 1.12534e+00 2.37096e-03 5.59177e-02 2.14923e-14
 1.29717e+05 1.12455e+00 2.34079e-03 5.55498e-02 2.08563e-14
 1.30155e+05 1.12440e+00 2.33443e-03 5.54879e-02 2.06993e-14
 1.30404e+05 1.12429e+00 2.33039e-03 5.54440e-02 2.06357e-14
 1.30812e+05 1.12419e+00 2.32702e-03 5.54081e-02 2.04981e-14
 1.31503e+05 1.12394e+00 2.31799e-03 5.52939e-02 2.02235e-14
 1.34111e+05 1.12274e+00 2.26943e-03 5.47373e-02 1.90725e-14
 1.34519e+05 1.12263e+00 2.26467e-03 5.46931e-02 1.89491e-14
 1.34850e+05 1.12250e+00 2.26020e-03 5.46412e-02 1.88579e-14
 1.35145e+05 1.12245e+00 2.25984e-03 5.46190e-02 1.87852e-14
 1.35648e+05 1.12207e+00 2.24688e-03 5.44442e-02 1.86139e-14
 1.36053e+05 1.12216e+00 2.25029e-03 5.44993e-02 1.85041e-14
 1.36537e+05 1.12178e+00 2.23575e-03 5.43243e-02 1.83440e-14
 1.36946e+05 1.12172e+00 2.23520e-03 5.42987e-02 1.82286e-14
 1.37256e+05 1.12130e+00 2.21984e-03 5.41103e-02 1.81388e-14
 1.37738e+05 1.12120e+00 2.21614e-03 5.40724e-02 1.79956e-14
 1.38100e+05 1.12094e+00 2.20859e-03 5.39509e-02 1.78931e-14
 1.38570e+05 1.12082e+00 2.20585e-03 5.38944e-02 1.77558e-14
 1.39081e+05 1.12049e+00 2.19167e-03 5.37511e-02 1.75969e-14
 1.39724e+05 1.12050e+00 2.19337e-03 5.37621e-02 1.74034e-14
 1.40171e+05 1.12010e+00 2.17775e-03 5.35842e-02 1.72697e-14
 1.40632e+05 1.11991e+00 2.17210e-03 5.34985e-02 1.71400e-14
 1.41091e+05 1.11980e+00 2.16751e-03 5.34529e-02 1.70155e-14
 1.41495e+05 1.11962e+00 2.16063e-03 5.33793e-02 1.69096e-14
 1.41895e+05 1.11942e+00 2.15418e-03 5.32886e-02 1.68048e-14
 1.42355e+05 1.11912e+00 2.14449e-03 5.31519e-02 1.66763e-14
 1.42738e+05 1.11907e+00 2.14452e-03 5.31304e-02 1.65852e-14
 1.43087e+05 1.11871e+00 2.13168e-03 5.29652e-02 1.64951e-14
 1.43572e+05 1.11863e+00 2.12866e-03 5.29320e-02 1.63693e-14
 1.43948e+05 1.11845e+00 2.12316e-03 5.28519e-02 1.62782e-14
 1.44374e+05 1.11823e+00 2.11590e-03 5.27563e-02 1.61697e-14
 1.44863e+05 1.11800e+00 2.10719e-03 5.26528e-02 1.60406e-14
 1.45510e+05 1.11776e+00 2.09977e-03 5.25456e-02 1.58617e-14
 1.45835e+05 1.11765e+00 2.09649e-03 5.24969e-02 1.57934e-14
 1.46277e+05 1.11749e+00 2.09060e-03 5.24318e-02 1.56865e-14
 1.46650e+05 1.11735e+00 2.08680e-03 5.23694e-02 1.56032e-14
 1.46936e+05 1.11707e+00 2.07555e-03 5.22466e-02 1.55434e-14
 1.47259e+05 1.11709e+00 2.07759e-03 5.22580e-02 1.54823e-14
 1.47727e+05 1.11685e+00 2.07066e-03 5.21501e-02 1.53672e-14
 1.47876e+05 1.11688e+00 2.07234e-03 5.21669e-02 1.53618e-14
 1.48024e+05 1.11674e+00 2.06766e-03 5.21101e-02 1.53509e-14
 1.48008e+05 1.11660e+00 2.06369e-03 5.20502e-02 1.53905e-14
 1.48445e+05 1.11638e+00 2.05683e-03 5.19494e-02 1.52867e-14
 1.48997e+05 1.11631e+00 2.05437e-03 5.19214e-02 1.51541e-14
 1.49371e+05 1.11605e+00 2.04432e-03 5.18076e-02 1.50704e-14
 1.49654e+05 1.11597e+00 2.04379e-03 5.17688e-02 1.50204e-14
 1.49904e+05 1.11588e+00 2.03935e-03 5.17409e-02 1.49810e-14
 1.50161e+05 1.11571e+00 2.03535e-03 5.16593e-02 1.49361e-14
 1.50455e+05 1.11566e+00 2.03475e-03 5.16429e-02 1.48849e-14
 1.50242e+05 1.11567e+00 2.03502e-03 5.16517e-02 1.49861e-14
 1.50182e+05 1.11556e+00 2.03282e-03 5.16038e-02 1.50379e-14
 1.50448e+05 1.11538e+00 2.02829e-03 5.15247e-02 1.49901e-14
 1.50704e+05 1.11536e+00 2.02832e-03 5.15188e-02 1.49505e-14
 1.50917e+05 1.11531e+00 2.02629e-03 5.15064e-02 1.49232e-14
 1.51058e+05 1.11514e+00 2.02148e-03 5.14281e-02 1.49126e-14
 1.51638e+05 1.11496e+00 2.01559e-03 5.13484e-02 1.47731e-14
 1.52054e+05 1.11489e+00 2.01387e-03 5.13197e-02 1.46865e-14
 1.52426e+05 1.11462e+00 2.00420e-03 5.11978e-02 1.46066e-14
 1.52788e+05 1.11463e+00 2.00531e-03 5.12052e-02 1.45392e-14
 1.53097e+05 1.11446e+00 1.99936e-03 5.11318e-02 1.44815e-14
 1.53416e+05 1.11434e+00 1.99526e-03 5.10830e-02 1.44231e-14
 1.53650e+05 1.11430e+00 1.99430e-03 5.10689e-02 1.43914e-14
 1.54003e+05 1.11402e+00 1.98569e-03 5.09380e-02 1.43181e-14
 1.54267e+05 1.11390e+00 1.98162e-03 5.08885e-02 1.42757e-14
 1.54505e+05 1.11395e+00 1.98405e-03 5.09196e-02 1.42465e-14
