20190102 # magic number
# Give level energies in cm^-1 for each H-like ion.
# Each line gives n, l, S, J, energy.
# The last entry for each ion is the ionization potential.
# It is marked with negative quantum numbers. The ionization
# potential MUST be the last entry for a given element!
# It is used as a sentinel to switch to the next element.
#
# These data were calculated using the ATLL r123.
#
# hydrogen
 1 -1 -1 -1 0.0000000
 2 -1 -1 -1 82259.11
 3 -1 -1 -1 97492.31
 4 -1 -1 -1 102823.900
 5 -1 -1 -1 105291.659
 6 -1 -1 -1 106632.1674
 7 -1 -1 -1 107440.4510
 8 -1 -1 -1 107965.0579
 9 -1 -1 -1 108324.7265
10 -1 -1 -1 108581.99524
11 -1 -1 -1 108772.34497
12 -1 -1 -1 108917.12153
13 -1 -1 -1 109029.79172
14 -1 -1 -1 109119.19206
15 -1 -1 -1 109191.31568
16 -1 -1 -1 109250.34358
17 -1 -1 -1 109299.26445
18 -1 -1 -1 109340.260617
19 -1 -1 -1 109374.955669
20 -1 -1 -1 109404.577741
21 -1 -1 -1 109430.069704
22 -1 -1 -1 109452.165136
23 -1 -1 -1 109471.441693
24 -1 -1 -1 109488.359251
25 -1 -1 -1 109503.287592
26 -1 -1 -1 109516.526782
27 -1 -1 -1 109528.322370
28 -1 -1 -1 109538.876855
29 -1 -1 -1 109548.358435
30 -1 -1 -1 109556.9077528
31 -1 -1 -1 109564.6431366
32 -1 -1 -1 109571.6647213
33 -1 -1 -1 109578.0577027
34 -1 -1 -1 109583.8949355
35 -1 -1 -1 109589.2390172
36 -1 -1 -1 109594.1439739
37 -1 -1 -1 109598.6566309
38 -1 -1 -1 109602.8177345
39 -1 -1 -1 109606.6628752
40 -1 -1 -1 109610.2232507
41 -1 -1 -1 109613.5263013
42 -1 -1 -1 109616.5962400
43 -1 -1 -1 109619.4544974
44 -1 -1 -1 109622.1200969
45 -1 -1 -1 109624.6099718
46 -1 -1 -1 109626.9392352
47 -1 -1 -1 109629.1214096
48 -1 -1 -1 109631.1686239
49 -1 -1 -1 109633.0917821
50 -1 -1 -1 109634.9007086
-1 -1 -1 -1 109678.7717431
#
# helium
 1 -1 -1 -1 0.000000
 2 -1 -1 -1 329182.3
 3 -1 -1 -1 390142.4
 4 -1 -1 -1 411477.95
 5 -1 -1 -1 421353.16
 6 -1 -1 -1 426717.44
 7 -1 -1 -1 429951.916
 8 -1 -1 -1 432051.211
 9 -1 -1 -1 433490.479
10 -1 -1 -1 434519.977
11 -1 -1 -1 435281.689
12 -1 -1 -1 435861.0327
13 -1 -1 -1 436311.8982
14 -1 -1 -1 436669.6460
15 -1 -1 -1 436958.2585
16 -1 -1 -1 437194.4667
17 -1 -1 -1 437390.2302
18 -1 -1 -1 437554.2819
19 -1 -1 -1 437693.1188
20 -1 -1 -1 437811.65548
21 -1 -1 -1 437913.66497
22 -1 -1 -1 438002.08278
23 -1 -1 -1 438079.22049
24 -1 -1 -1 438146.91834
25 -1 -1 -1 438206.65607
26 -1 -1 -1 438259.63444
27 -1 -1 -1 438306.83605
28 -1 -1 -1 438349.07121
29 -1 -1 -1 438387.01300
30 -1 -1 -1 438421.22422
31 -1 -1 -1 438452.17838
32 -1 -1 -1 438480.27617
33 -1 -1 -1 438505.85853
34 -1 -1 -1 438529.216980
35 -1 -1 -1 438550.602024
36 -1 -1 -1 438570.229851
37 -1 -1 -1 438588.287839
38 -1 -1 -1 438604.939041
39 -1 -1 -1 438620.325874
40 -1 -1 -1 438634.573183
41 -1 -1 -1 438647.790772
42 -1 -1 -1 438660.075533
43 -1 -1 -1 438671.513224
44 -1 -1 -1 438682.179969
45 -1 -1 -1 438692.143528
46 -1 -1 -1 438701.464380
47 -1 -1 -1 438710.196636
48 -1 -1 -1 438718.388832
49 -1 -1 -1 438726.084600
50 -1 -1 -1 438733.323255
-1 -1 -1 -1 438908.878911
#
# lithium
 1 -1 -1 -1 0.0000
 2 -1 -1 -1 740750
 3 -1 -1 -1 877927.0
 4 -1 -1 -1 925936.8
 5 -1 -1 -1 948157.9
 6 -1 -1 -1 960228.44
 7 -1 -1 -1 967506.54
 8 -1 -1 -1 972230.28
 9 -1 -1 -1 975468.85
10 -1 -1 -1 977785.375
-1 -1 -1 -1 987661.0156
#
# beryllium
 1 -1 -1 -1 0.0000
 2 -1 -1 -1 1317030
 3 -1 -1 -1 1560925
 4 -1 -1 -1 1646282
 5 -1 -1 -1 1685788.7
 6 -1 -1 -1 1707248.4
 7 -1 -1 -1 1720187.7
 8 -1 -1 -1 1728585.75
 9 -1 -1 -1 1734343.37
10 -1 -1 -1 1738461.75
-1 -1 -1 -1 1756018.8188
#
# boron
 1 -1 -1 -1 0.000
 2 -1 -1 -1 2058120
 3 -1 -1 -1 2439256
 4 -1 -1 -1 2572638
 5 -1 -1 -1 2634370
 6 -1 -1 -1 2667902.3
 7 -1 -1 -1 2688120.7
 8 -1 -1 -1 2701243.0
 9 -1 -1 -1 2710239.49
10 -1 -1 -1 2716674.60
-1 -1 -1 -1 2744107.976
#
# carbon
 1 -1 -1 -1 0.000
 2 -1 -1 -1 2964120
 3 -1 -1 -1 3513050
 4 -1 -1 -1 3705135
 5 -1 -1 -1 3794035
 6 -1 -1 -1 3842323
 7 -1 -1 -1 3871438.8
 8 -1 -1 -1 3890335.4
 9 -1 -1 -1 3903290.7
10 -1 -1 -1 3912557.4
11 -1 -1 -1 3919413.68
12 -1 -1 -1 3924628.40
13 -1 -1 -1 3928686.66
14 -1 -1 -1 3931906.76
15 -1 -1 -1 3934504.56
16 -1 -1 -1 3936630.66
17 -1 -1 -1 3938392.72
18 -1 -1 -1 3939869.34
19 -1 -1 -1 3941118.998
20 -1 -1 -1 3942185.937
21 -1 -1 -1 3943104.115
22 -1 -1 -1 3943899.955
23 -1 -1 -1 3944594.263
24 -1 -1 -1 3945203.604
25 -1 -1 -1 3945741.297
-1 -1 -1 -1 3952061.900
#
# nitrogen
 1 -1 -1 -1 0.000
 2 -1 -1 -1 4035200
 3 -1 -1 -1 4782500
 4 -1 -1 -1 5043979
 5 -1 -1 -1 5164990
 6 -1 -1 -1 5230720
 7 -1 -1 -1 5270351
 8 -1 -1 -1 5296072.2
 9 -1 -1 -1 5313706.3
10 -1 -1 -1 5326319.6
11 -1 -1 -1 5335651.9
12 -1 -1 -1 5342749.9
13 -1 -1 -1 5348273.73
14 -1 -1 -1 5352656.70
15 -1 -1 -1 5356192.65
16 -1 -1 -1 5359086.55
17 -1 -1 -1 5361484.93
18 -1 -1 -1 5363494.80
19 -1 -1 -1 5365195.75
20 -1 -1 -1 5366647.99
21 -1 -1 -1 5367897.74
22 -1 -1 -1 5368980.979
23 -1 -1 -1 5369926.019
24 -1 -1 -1 5370755.407
25 -1 -1 -1 5371487.273
-1 -1 -1 -1 5380090.385
#
# oxygen
 1 -1 -1 -1 0.00
 2 -1 -1 -1 5271600
 3 -1 -1 -1 6247800
 4 -1 -1 -1 6589370
 5 -1 -1 -1 6747438
 6 -1 -1 -1 6833294
 7 -1 -1 -1 6885060
 8 -1 -1 -1 6918656
 9 -1 -1 -1 6941688.9
10 -1 -1 -1 6958163.9
11 -1 -1 -1 6970353.3
12 -1 -1 -1 6979624.3
13 -1 -1 -1 6986839.2
14 -1 -1 -1 6992564.00
15 -1 -1 -1 6997182.44
16 -1 -1 -1 7000962.28
17 -1 -1 -1 7004094.90
18 -1 -1 -1 7006720.06
19 -1 -1 -1 7008941.73
20 -1 -1 -1 7010838.55
21 -1 -1 -1 7012470.90
22 -1 -1 -1 7013885.75
23 -1 -1 -1 7015120.10
24 -1 -1 -1 7016203.39
25 -1 -1 -1 7017159.308
-1 -1 -1 -1 7028396.10
#
# fluorine
 1 -1 -1 -1 0.00
 2 -1 -1 -1 6673400
 3 -1 -1 -1 7909210
 4 -1 -1 -1 8341570
 5 -1 -1 -1 8541640
 6 -1 -1 -1 8650312
 7 -1 -1 -1 8715831
 8 -1 -1 -1 8758353
 9 -1 -1 -1 8787504.7
10 -1 -1 -1 8808356.5
11 -1 -1 -1 8823784.1
12 -1 -1 -1 8835517.9
13 -1 -1 -1 8844649.5
14 -1 -1 -1 8851895.0
15 -1 -1 -1 8857740.3
16 -1 -1 -1 8862524.25
17 -1 -1 -1 8866489.03
18 -1 -1 -1 8869811.55
19 -1 -1 -1 8872623.38
20 -1 -1 -1 8875024.07
-1 -1 -1 -1 8897245.52
#
# neon
 1 -1 -1 -1 0.00
 2 -1 -1 -1 8240800
 3 -1 -1 -1 9767000
 4 -1 -1 -1 10300820
 5 -1 -1 -1 10547850
 6 -1 -1 -1 10682017
 7 -1 -1 -1 10762909
 8 -1 -1 -1 10815407
 9 -1 -1 -1 10851399
10 -1 -1 -1 10877142.3
11 -1 -1 -1 10896189.2
12 -1 -1 -1 10910675.7
13 -1 -1 -1 10921949.4
14 -1 -1 -1 10930894.7
15 -1 -1 -1 10938111.2
16 -1 -1 -1 10944017.3
17 -1 -1 -1 10948912.2
18 -1 -1 -1 10953014.08
19 -1 -1 -1 10956485.51
20 -1 -1 -1 10959449.35
-1 -1 -1 -1 10986883.36
#
# sodium
 1 -1 -1 -1 0.0
 2 -1 -1 -1 9974300
 3 -1 -1 -1 11821400
 4 -1 -1 -1 12467490
 5 -1 -1 -1 12766430
 6 -1 -1 -1 12928790
 7 -1 -1 -1 13026674
 8 -1 -1 -1 13090201
 9 -1 -1 -1 13133752
10 -1 -1 -1 13164902
11 -1 -1 -1 13187949.7
12 -1 -1 -1 13205478.7
13 -1 -1 -1 13219120.2
14 -1 -1 -1 13229944.2
15 -1 -1 -1 13238676.3
-1 -1 -1 -1 13297691.2
#
# magnesium
 1 -1 -1 -1 0.0
 2 -1 -1 -1 11874000
 3 -1 -1 -1 14072800
 4 -1 -1 -1 14841890
 5 -1 -1 -1 15197700
 6 -1 -1 -1 15390930
 7 -1 -1 -1 15507429
 8 -1 -1 -1 15583034
 9 -1 -1 -1 15634866
10 -1 -1 -1 15671939
11 -1 -1 -1 15699368
12 -1 -1 -1 15720229.3
13 -1 -1 -1 15736464.1
14 -1 -1 -1 15749345.7
15 -1 -1 -1 15759737.8
-1 -1 -1 -1 15829970.9
#
# aluminium
 1 -1 -1 -1 0.0
 2 -1 -1 -1 13940000
 3 -1 -1 -1 16521700
 4 -1 -1 -1 17424500
 5 -1 -1 -1 17842090
 6 -1 -1 -1 18068890
 7 -1 -1 -1 18205630
 8 -1 -1 -1 18294363
 9 -1 -1 -1 18355196
10 -1 -1 -1 18398707
11 -1 -1 -1 18430899
12 -1 -1 -1 18455383
13 -1 -1 -1 18474436.4
14 -1 -1 -1 18489554.7
15 -1 -1 -1 18501751.2
-1 -1 -1 -1 18584178.4
#
# silicon
 1 -1 -1 -1 0.0
 2 -1 -1 -1 16173000
 3 -1 -1 -1 19168400
 4 -1 -1 -1 20215600
 5 -1 -1 -1 20699990
 6 -1 -1 -1 20963050
 7 -1 -1 -1 21121650
 8 -1 -1 -1 21224564
 9 -1 -1 -1 21295118
10 -1 -1 -1 21345583
11 -1 -1 -1 21382919
12 -1 -1 -1 21411315
13 -1 -1 -1 21433413
14 -1 -1 -1 21450947.2
15 -1 -1 -1 21465092.5
-1 -1 -1 -1 21560689.3
#
# phosphorus
 1 -1 -1 -1 0.0
 2 -1 -1 -1 18574000
 3 -1 -1 -1 22013300
 4 -1 -1 -1 23215700
 5 -1 -1 -1 23771920
 6 -1 -1 -1 24073940
 7 -1 -1 -1 24256010
 8 -1 -1 -1 24374170
 9 -1 -1 -1 24455163
10 -1 -1 -1 24513096
11 -1 -1 -1 24555958
12 -1 -1 -1 24588557
13 -1 -1 -1 24613925
14 -1 -1 -1 24634054
15 -1 -1 -1 24650292.7
-1 -1 -1 -1 24760035.0
#
# sulphur
 1 -1 -1 -1 0.0
 2 -1 -1 -1 21142000
 3 -1 -1 -1 25057000
 4 -1 -1 -1 26425400
 5 -1 -1 -1 27058300
 6 -1 -1 -1 27402010
 7 -1 -1 -1 27609180
 8 -1 -1 -1 27743620
 9 -1 -1 -1 27835784
10 -1 -1 -1 27901702
11 -1 -1 -1 27950471
12 -1 -1 -1 27987562
13 -1 -1 -1 28016426
14 -1 -1 -1 28039329
15 -1 -1 -1 28057805
-1 -1 -1 -1 28182668.5
#
# chlorine
 1 -1 -1 -1 0
 2 -1 -1 -1 23878000
 3 -1 -1 -1 28300000
 4 -1 -1 -1 29845200
 5 -1 -1 -1 30559800
 6 -1 -1 -1 30947860
 7 -1 -1 -1 31181760
 8 -1 -1 -1 31333540
 9 -1 -1 -1 31437590
10 -1 -1 -1 31512006
11 -1 -1 -1 31567064
12 -1 -1 -1 31608937
13 -1 -1 -1 31641524
14 -1 -1 -1 31667379
15 -1 -1 -1 31688237
-1 -1 -1 -1 31829198
#
# argon
 1 -1 -1 -1 0
 2 -1 -1 -1 26783000
 3 -1 -1 -1 31743000
 4 -1 -1 -1 33475700
 5 -1 -1 -1 34277000
 6 -1 -1 -1 34712080
 7 -1 -1 -1 34974330
 8 -1 -1 -1 35144510
 9 -1 -1 -1 35261160
10 -1 -1 -1 35344600
11 -1 -1 -1 35406326
12 -1 -1 -1 35453272
13 -1 -1 -1 35489806
14 -1 -1 -1 35518793
15 -1 -1 -1 35542178
-1 -1 -1 -1 35700212
#
# potassium
 1 -1 -1 -1 0
 2 -1 -1 -1 29857000
 3 -1 -1 -1 35386000
 4 -1 -1 -1 37317400
 5 -1 -1 -1 38210400
 6 -1 -1 -1 38695200
 7 -1 -1 -1 38987430
 8 -1 -1 -1 39177050
 9 -1 -1 -1 39307040
10 -1 -1 -1 39400010
-1 -1 -1 -1 39796240
#
# calcium
 1 -1 -1 -1 0
 2 -1 -1 -1 33101000
 3 -1 -1 -1 39230000
 4 -1 -1 -1 41371000
 5 -1 -1 -1 42360700
 6 -1 -1 -1 42898000
 7 -1 -1 -1 43221820
 8 -1 -1 -1 43431950
 9 -1 -1 -1 43575990
10 -1 -1 -1 43679010
-1 -1 -1 -1 44118056
#
# scandium
 1 -1 -1 -1 0
 2 -1 -1 -1 36510000
 3 -1 -1 -1 43276000
 4 -1 -1 -1 45637400
 5 -1 -1 -1 46728800
 6 -1 -1 -1 47321200
 7 -1 -1 -1 47678260
 8 -1 -1 -1 47909950
 9 -1 -1 -1 48068760
10 -1 -1 -1 48182340
-1 -1 -1 -1 48666407
#
# titanium
 1 -1 -1 -1 0
 2 -1 -1 -1 40100000
 3 -1 -1 -1 47525000
 4 -1 -1 -1 50117100
 5 -1 -1 -1 51315200
 6 -1 -1 -1 51965500
 7 -1 -1 -1 52357400
 8 -1 -1 -1 52611720
 9 -1 -1 -1 52786030
10 -1 -1 -1 52910690
-1 -1 -1 -1 53441971
#
# vanadium
 1 -1 -1 -1 0
 2 -1 -1 -1 43860000
 3 -1 -1 -1 51977000
 4 -1 -1 -1 54811000
 5 -1 -1 -1 56120800
 6 -1 -1 -1 56831700
 7 -1 -1 -1 57260100
 8 -1 -1 -1 57538100
 9 -1 -1 -1 57728630
10 -1 -1 -1 57864890
-1 -1 -1 -1 58445583
#
# chromium
 1 -1 -1 -1 0
 2 -1 -1 -1 47780000
 3 -1 -1 -1 56633000
 4 -1 -1 -1 59720000
 5 -1 -1 -1 61146500
 6 -1 -1 -1 61920700
 7 -1 -1 -1 62387200
 8 -1 -1 -1 62689900
 9 -1 -1 -1 62897380
10 -1 -1 -1 63045760
-1 -1 -1 -1 63678060
#
# manganese
 1 -1 -1 -1 0
 2 -1 -1 -1 51890000
 3 -1 -1 -1 61494000
 4 -1 -1 -1 64845000
 5 -1 -1 -1 66393100
 6 -1 -1 -1 67233300
 7 -1 -1 -1 67739600
 8 -1 -1 -1 68068080
 9 -1 -1 -1 68293220
10 -1 -1 -1 68454240
-1 -1 -1 -1 69140350
#
# iron
 1 -1 -1 -1 0
 2 -1 -1 -1 56160000
 3 -1 -1 -1 66561000
 4 -1 -1 -1 70187000
 5 -1 -1 -1 71861600
 6 -1 -1 -1 72770500
 7 -1 -1 -1 73318200
 8 -1 -1 -1 73673500
 9 -1 -1 -1 73917070
10 -1 -1 -1 74091230
-1 -1 -1 -1 74833360
#
# cobalt
 1 -1 -1 -1 0
 2 -1 -1 -1 60610000
 3 -1 -1 -1 71834000
 4 -1 -1 -1 75746000
 5 -1 -1 -1 77553000
 6 -1 -1 -1 78533400
 7 -1 -1 -1 79124100
 8 -1 -1 -1 79507300
 9 -1 -1 -1 79769950
10 -1 -1 -1 79957780
-1 -1 -1 -1 80758120
#
# nickel
 1 -1 -1 -1 0
 2 -1 -1 -1 65240000
 3 -1 -1 -1 77315000
 4 -1 -1 -1 81524000
 5 -1 -1 -1 83468000
 6 -1 -1 -1 84522800
 7 -1 -1 -1 85158200
 8 -1 -1 -1 85570400
 9 -1 -1 -1 85852860
10 -1 -1 -1 86054880
-1 -1 -1 -1 86915620
#
# copper
 1 -1 -1 -1 0
 2 -1 -1 -1 70040000
 3 -1 -1 -1 83006000
 4 -1 -1 -1 87523000
 5 -1 -1 -1 89609000
 6 -1 -1 -1 90740000
 7 -1 -1 -1 91421700
 8 -1 -1 -1 91863900
 9 -1 -1 -1 92167000
10 -1 -1 -1 92383690
-1 -1 -1 -1 93307040
#
# zinc
 1 -1 -1 -1 0
 2 -1 -1 -1 75020000
 3 -1 -1 -1 88906000
 4 -1 -1 -1 93742000
 5 -1 -1 -1 95975000
 6 -1 -1 -1 97186100
 7 -1 -1 -1 97915700
 8 -1 -1 -1 98389000
 9 -1 -1 -1 98713300
10 -1 -1 -1 98945280
-1 -1 -1 -1 99933460

