# Isotope data
#
# Columns:
#  (1)		Element Symbol
#  (2)		Atomic Number
#  (3)		Mass Number
#  (4)		Mass excess from Table I of Audi & Wapstra, 1995, NuPhA, 595, 409
#  (5)		Mass, in atomic mass units, obtained from the mass excess with:
#  			M = A + ME/31493.86
#		see first equation in Section 3 of Audi & Wapstra (1995)
#  (6)		Spin, from:	Stone 2005, Atomic Data and Nuclear Data Tables, 90, 75
#  (7)		Magnetic moment, in nuclear magnetons (Stone 2005)
#
# Elm	 Z	 A	   MassExc(keV)	 Mass(u)	I	MagMom
# (1)	(2)	(3)	   (4)		 (5)		(6)	(7)
H	  1	  1	     7288.969	  1.0078	0.5	 2.792847
H	  1	  2	    13135.720	  2.0141	1.0	 0.857438
He	  2	  3	    14931.204	  3.0160	0.5	-2.127498
He	  2	  4	     2424.911	  4.0026
Li	  3	  6	    14086.300	  6.0151	1.0	 0.822047
Li	  3	  7	    14907.700	  7.0160	1.5	 3.256427
Be	  4	  9	    11347.600	  9.0122	1.5	-1.177432
B	  5	 10	    12050.800	 10.0129	3.0	 1.800645
B	  5	 11	     8668.000	 11.0093	1.5	 2.688649
C	  6	 12	        0.000	 12.0000
C	  6	 13	     3125.011	 13.0034	0.5	 0.702412
N	  7	 14	     2863.417	 14.0031	1.0	 0.403761
N	  7	 15	      101.438	 15.0001	0.5	-0.283189
O	  8	 16	    -4736.998	 15.9949
O	  8	 17	     -809.000	 16.9991	2.5	-1.893790
O	  8	 18	     -782.100	 17.9992
F	  9	 19	    -1487.400	 18.9984	0.5	 2.628868
Ne	 10	 20	    -7041.930	 19.9924
Ne	 10	 21	    -5731.720	 20.9938	1.5	-0.661797
Ne	 10	 22	    -8024.340	 21.9914
Na	 11	 23	    -9529.490	 22.9898	1.5	 2.217522
Mg	 12	 24	   -13933.380	 23.9850
Mg	 12	 25	   -13192.730	 24.9858	2.5	-0.855450
Mg	 12	 26	   -16214.480	 25.9826
Al	 13	 27	   -17196.830	 26.9815	2.5	 3.641507
Si	 14	 28	   -21492.793	 27.9769
Si	 14	 29	   -21895.025	 28.9765	0.5	-0.555290
Si	 14	 30	   -24432.880	 29.9738
P	 15	 31	   -24440.990	 30.9738	0.5	 1.131600
S	 16	 32	   -26015.980	 31.9721
S	 16	 33	   -26586.240	 32.9715	1.5	 0.643821
S	 16	 34	   -29931.850	 33.9679
S	 16	 36	   -30663.960	 35.9671
Cl	 17	 35	   -29013.510	 34.9689	1.5	 0.821874
Cl	 17	 37	   -31761.520	 36.9659	1.5	 0.684124
Ar	 18	 36	   -30230.440	 35.9675
Ar	 18	 38	   -34714.800	 37.9627
Ar	 18	 40	   -35039.890	 39.9624
K	 19	 39	   -33806.840	 38.9637	1.5	 0.391470
K	 19	 40	   -33535.020	 39.9640	4.0	-1.298100
K	 19	 41	   -35558.870	 40.9618	1.5	 0.214870
Ca	 20	 40	   -34846.110	 39.9626
Ca	 20	 42	   -38546.800	 41.9586
Ca	 20	 43	   -38408.400	 42.9588	3.5	-1.317300
Ca	 20	 44	   -41469.100	 43.9555
Ca	 20	 46	   -43134.900	 45.9537
Ca	 20	 48	   -44215.000	 47.9525
Sc	 21	 45	   -41069.300	 44.9559	3.5	 4.756487
Ti	 22	 46	   -44125.300	 45.9526
Ti	 22	 47	   -44931.700	 46.9518	2.5	-0.788480
Ti	 22	 48	   -48487.000	 47.9479
Ti	 22	 49	   -48558.000	 48.9479	3.5	-1.104170
Ti	 22	 50	   -51425.800	 49.9448
V	 23	 50	   -49217.500	 49.9472	6.0	 3.3456889
V	 23	 51	   -52197.500	 50.9440	3.5	 5.148706
Cr	 24	 50	   -50254.500	 49.9460
Cr	 24	 52	   -55412.800	 51.9405
Cr	 24	 53	   -55280.600	 52.9407	1.5	-0.474540
Cr	 24	 54	   -56928.300	 53.9389
Mn	 25	 55	   -57706.400	 54.9380	2.5	 3.453200
Fe	 26	 54	   -56248.400	 53.9396
Fe	 26	 56	   -60601.000	 55.9349
Fe	 26	 57	   -60175.700	 56.9354	0.5	 0.090764
Fe	 26	 58	   -62148.800	 57.9333
Co	 27	 59	   -62223.600	 58.9332	3.5	 4.627000
Ni	 28	 58	   -60223.000	 57.9353
Ni	 28	 60	   -64468.100	 59.9308
Ni	 28	 61	   -64216.800	 60.9311
Ni	 28	 62	   -66742.700	 61.9283
Ni	 28	 64	   -67095.900	 63.9280
Cu	 29	 63	   -65576.200	 62.9296
Cu	 29	 65	   -67259.700	 64.9278
Zn	 30	 64	   -65999.500	 63.9291
Zn	 30	 66	   -68896.300	 65.9260
Zn	 30	 67	   -67877.200	 66.9271
Zn	 30	 68	   -70004.000	 67.9248
Zn	 30	 70	   -69559.000	 69.9253
