#			
# this is the "table1.dat" from the A&A web site, that goes with the paper			
# >>refer	all	dr	Mazzotta, P., Mazzitelli, G., Colafrancesco, S.,
# >>refercon	& Vittorio, N. 1998, A&AS, 113, 403-409		
#			
# anything starting with a # is a comment and is ignored			
#			
#   1-  8  A8    ---     Ion       Ion's label			
#  10- 20  E11.5 cm3/s   c1        c1 coefficient			
#  22- 32  E11.5 cm3/s   c2        ? c2 coefficient			
#  34- 44  E11.5 cm3/s   c3        ? c3 coefficient			
#  46- 56  E11.5 cm3/s   c4        ? c4 coefficient			
#  58- 64  F7.2  cm3/s   E1        E1 coefficient			
#  66- 72  F7.2  cm3/s   E2        ? E2 coefficient			
#  74- 79  F6.2  cm3/s   E3        ? E3 coefficient			
#  81- 86  F6.2  cm3/s   E4        ? E4 coefficient
#
# NB - this file is tab delimited, so formatting info not needed
#			
He 2	1.12E-09	0.00E+00	0.00E+00	0.00E+00	39.7	0	0	0
Li 2	1.32E-09	0.00E+00	0.00E+00	0.00E+00	64.7	0	0	0
Li 3	4.80E-09	0.00E+00	0.00E+00	0.00E+00	91.8	0	0	0
Be 2	5.27E-10	0.00E+00	0.00E+00	0.00E+00	4.01	0	0	0
Be 3	1.26E-09	0.00E+00	0.00E+00	0.00E+00	118.51	0	0	0
Be 4	8.72E-09	0.00E+00	0.00E+00	0.00E+00	159.13	0	0	0
B  2	1.36E-09	0.00E+00	0.00E+00	0.00E+00	9.95	0	0	0
B  3	1.44E-09	0.00E+00	0.00E+00	0.00E+00	5.97	0	0	0
B  4	6.12E-09	0.00E+00	0.00E+00	0.00E+00	194.86	0	0	0
B  5	1.61E-08	0.00E+00	0.00E+00	0.00E+00	245.9	0	0	0
C  2	1.04E-09	5.85E-10	5.63E-11	0.00E+00	12.57	162.9	6.3	0
C  3	4.62E-12	2.82E-09	0.00E+00	0.00E+00	0.49	11.78	0	0
C  4	5.39E-10	1.51E-09	6.03E-10	0.00E+00	185.96	17.99	2.41	0
C  5	1.40E-08	0.00E+00	0.00E+00	0.00E+00	287.34	0	0	0
C  6	3.36E-08	0.00E+00	0.00E+00	0.00E+00	356.46	0	0	0
N  2	2.38E-09	0.00E+00	0.00E+00	0.00E+00	18.96	0	0	0
N  3	2.06E-10	3.06E-09	2.80E-12	0.00E+00	10.22	16.81	2.19	0
N  4	6.44E-09	0.00E+00	0.00E+00	0.00E+00	15.92	0	0	0
N  5	2.85E-09	1.61E-09	8.93E-10	0.00E+00	11.43	580.02	125.77	0
N  6	3.67E-08	0.00E+00	0.00E+00	0.00E+00	401.99	0	0	0
N  7	4.78E-08	0.00E+00	0.00E+00	0.00E+00	482.06	0	0	0
O  2	9.69E-10	0.00E+00	0.00E+00	0.00E+00	15.6	0	0	0
O  3	3.82E-09	0.00E+00	0.00E+00	0.00E+00	18.23	0	0	0
O  4	5.57E-09	3.50E-11	5.44E-09	0.00E+00	38.17	1.88	17.81	0
O  5	9.17E-09	0.00E+00	0.00E+00	0.00E+00	20.49	0	0	0
O  6	3.21E-09	3.04E-09	1.76E-09	0.00E+00	29.35	297.44	5.47	0
O  7	5.20E-08	0.00E+00	0.00E+00	0.00E+00	529.68	0	0	0
O  8	3.78E-08	0.00E+00	0.00E+00	0.00E+00	517.02	0	0	0
F  2	1.23E-09	0.00E+00	0.00E+00	0.00E+00	21.41	0	0	0
F  3	2.03E-09	0.00E+00	0.00E+00	0.00E+00	18.08	0	0	0
F  4	1.09E-09	0.00E+00	0.00E+00	0.00E+00	18.87	0	0	0
F  5	6.08E-09	9.22E-09	1.62E-11	0.00E+00	19.32	45.3	1.96	0
F  6	1.21E-08	6.40E-10	0.00E+00	0.00E+00	24.29	2.67	0	0
F  7	4.25E-09	7.42E-09	4.85E-09	0.00E+00	105.49	772.8	12.87	0
F  8	6.79E-08	0.00E+00	0.00E+00	0.00E+00	671.64	0	0	0
F  9	5.50E-08	0.00E+00	0.00E+00	0.00E+00	744.74	0	0	0
Ne 2	8.28E-10	0.00E+00	0.00E+00	0.00E+00	27.3	0	0	0
Ne 3	2.48E-09	0.00E+00	0.00E+00	0.00E+00	26.02	0	0	0
Ne 4	2.92E-09	2.98E-09	0.00E+00	0.00E+00	19.3	44.64	0	0
Ne 5	7.56E-11	1.81E-08	0.00E+00	0.00E+00	1.84	26.02	0	0
Ne 6	1.82E-08	1.34E-11	4.24E-11	0.00E+00	28.66	0.09	0.39	0
Ne 7	1.10E-08	7.80E-09	0.00E+00	0.00E+00	42.07	17.64	0	0
Ne 8	1.12E-08	6.01E-09	8.32E-09	0.00E+00	713.62	13.63	108.87	0
Ne 9	8.96E-08	0.00E+00	0.00E+00	0.00E+00	827	0	0	0
Ne10	7.34E-08	0.00E+00	0.00E+00	0.00E+00	980.6	0	0	0
Na 2	1.66E-09	0.00E+00	0.00E+00	0.00E+00	39.4	0	0	0
Na 3	1.97E-09	0.00E+00	0.00E+00	0.00E+00	34.04	0	0	0
Na 4	7.01E-09	0.00E+00	0.00E+00	0.00E+00	29.71	0	0	0
Na 5	2.99E-08	6.50E-09	0.00E+00	0.00E+00	95.34	26	0	0
Na 6	6.54E-08	2.60E-08	0.00E+00	0.00E+00	109.31	38.02	0	0
Na 7	2.15E-10	4.84E-11	1.01E-08	4.24E-08	1.73	0.3	22.1	77.61
Na 8	7.39E-09	1.61E-08	0.00E+00	0.00E+00	15.34	46.43	0	0
Na 9	2.84E-08	6.73E-09	3.32E-09	0.00E+00	348.56	28.19	11.08	0
Na10	1.18E-07	0.00E+00	0.00E+00	0.00E+00	999.94	0	0	0
Na11	7.55E-08	0.00E+00	0.00E+00	0.00E+00	1096.3	0	0	0
Mg 2	3.65E-10	0.00E+00	0.00E+00	0.00E+00	4.34	0	0	0
Mg 3	2.52E-11	2.09E-09	0.00E+00	0.00E+00	37.94	52.77	0	0
Mg 4	4.72E-09	0.00E+00	0.00E+00	0.00E+00	42.93	0	0	0
Mg 5	3.94E-09	6.19E-09	0.00E+00	0.00E+00	100.13	32.23	0	0
Mg 6	9.36E-09	7.55E-09	0.00E+00	0.00E+00	28.26	166.16	0	0
Mg 7	1.80E-08	4.92E-08	5.20E-10	0.00E+00	136.77	43.12	15.14	0
Mg 8	1.83E-08	3.30E-08	2.17E-10	0.00E+00	32.35	121.28	2.03	0
Mg 9	2.19E-08	2.40E-09	9.64E-09	0.00E+00	35.75	4.94	172.59	0
Mg10	5.27E-09	5.51E-09	3.68E-08	0.00E+00	16.16	22.13	317.8	0
Mg11	1.46E-07	0.00E+00	0.00E+00	0.00E+00	1185.5	0	0	0
Mg12	7.42E-08	0.00E+00	0.00E+00	0.00E+00	1249.5	0	0	0
Al 2	2.83E-09	0.00E+00	0.00E+00	0.00E+00	7.42	0	0	0
Al 3	1.27E-09	0.00E+00	0.00E+00	0.00E+00	5.79	0	0	0
Al 4	5.07E-10	2.56E-09	2.51E-09	0.00E+00	60.79	75.28	95.2	0
Al 5	5.44E-09	2.71E-09	0.00E+00	0.00E+00	65.83	156.31	0	0
Al 6	9.12E-09	9.76E-09	0.00E+00	0.00E+00	36.7	144.33	0	0
Al 7	7.06E-08	1.20E-08	0.00E+00	0.00E+00	154.77	32.83	0	0
Al 8	1.52E-07	5.64E-08	0.00E+00	0.00E+00	168.98	36.54	0	0
Al 9	7.27E-11	5.55E-10	1.98E-08	6.80E-08	0.52	3.61	28.71	122.65
Al10	2.34E-08	1.80E-08	1.04E-08	0.00E+00	57.44	379.3	16.58	0
Al11	4.74E-09	5.58E-08	9.13E-09	0.00E+00	12.2	419.18	31.14	0
Al12	1.76E-07	0.00E+00	0.00E+00	0.00E+00	1386.1	0	0	0
Al13	1.02E-07	0.00E+00	0.00E+00	0.00E+00	1489.6	0	0	0
Si 2	4.90E-12	6.08E-10	0.00E+00	0.00E+00	2.05	9.68	0	0
Si 3	2.26E-11	5.61E-09	0.00E+00	0.00E+00	2.76	10.13	0	0
Si 4	4.70E-09	0.00E+00	0.00E+00	0.00E+00	8.21	0	0	0
Si 5	1.20E-09	4.35E-09	6.97E-09	0.00E+00	81.6	102.41	122.94	0
Si 6	7.09E-09	0.00E+00	0.00E+00	0.00E+00	98.23	0	0	0
Si 7	2.42E-08	1.34E-08	0.00E+00	0.00E+00	130.55	41.79	0	0
Si 8	1.99E-08	3.74E-08	0.00E+00	0.00E+00	35.76	200.34	0	0
Si 9	3.76E-08	6.87E-08	0.00E+00	0.00E+00	30.67	159.86	0	0
Si10	7.96E-08	2.36E-09	2.25E-08	5.84E-10	143.31	4.22	30.16	0.75
Si11	2.64E-08	7.11E-09	3.00E-08	0.00E+00	47.69	14.06	242.59	0
Si12	2.83E-08	4.32E-08	1.16E-08	0.00E+00	178.96	586.57	17.65	0
Si13	2.07E-07	0.00E+00	0.00E+00	0.00E+00	1601.8	0	0	0
Si14	1.15E-07	0.00E+00	0.00E+00	0.00E+00	1773.5	0	0	0
P  2	3.12E-09	0.00E+00	0.00E+00	0.00E+00	14.16	0	0	0
P  3	6.36E-09	0.00E+00	0.00E+00	0.00E+00	11.2	0	0	0
P  4	1.36E-08	0.00E+00	0.00E+00	0.00E+00	11.68	0	0	0
P  5	8.37E-09	0.00E+00	0.00E+00	0.00E+00	10.14	0	0	0
P  6	3.72E-08	0.00E+00	0.00E+00	0.00E+00	126.47	0	0	0
P  7	7.06E-09	8.54E-09	0.00E+00	0.00E+00	234.24	81.37	0	0
P  8	1.63E-08	2.44E-08	0.00E+00	0.00E+00	45.8	183.76	0	0
P  9	4.10E-08	2.31E-08	0.00E+00	0.00E+00	245.22	39.97	0	0
P 10	6.00E-08	9.91E-08	0.00E+00	0.00E+00	40.84	240.15	0	0
P 11	5.38E-09	6.44E-08	0.00E+00	0.00E+00	254.05	39.1	0	0
P 12	4.22E-08	1.45E-08	0.00E+00	0.00E+00	92.62	17.96	0	0
P 13	9.66E-09	6.20E-08	8.65E-09	9.07E-08	40.34	4134.9	14.92	483.94
P 14	2.39E-07	0.00E+00	0.00E+00	0.00E+00	1832.4	0	0	0
P 15	1.30E-07	0.00E+00	0.00E+00	0.00E+00	1976.5	0	0	0
S  2	1.37E-09	0.00E+00	0.00E+00	0.00E+00	14.95	0	0	0
S  3	8.07E-09	1.10E-10	0.00E+00	0.00E+00	17.56	7.07	0	0
S  4	1.82E-08	5.92E-11	0.00E+00	0.00E+00	16.62	2.4	0	0
S  5	1.77E-08	0.00E+00	0.00E+00	0.00E+00	13.46	0	0	0
S  6	1.49E-08	0.00E+00	0.00E+00	0.00E+00	12.11	0	0	0
S  7	3.31E-09	1.92E-08	5.17E-08	0.00E+00	119.68	163.2	197.2	0
S  8	1.07E-08	1.11E-08	0.00E+00	0.00E+00	59.55	244.72	0	0
S  9	2.13E-08	1.90E-08	0.00E+00	0.00E+00	273.5	50.32	0	0
S 10	2.55E-08	1.79E-08	0.00E+00	0.00E+00	44.58	295.3	0	0
S 11	1.24E-09	9.51E-08	8.83E-08	0.00E+00	13.22	61.67	240.37	0
S 12	3.57E-08	2.38E-07	1.51E-09	0.00E+00	49.1	273.17	11.09	0
S 13	3.35E-08	9.44E-09	7.30E-08	0.00E+00	55.34	17.29	305.05	0
S 14	7.90E-09	1.16E-07	1.27E-08	0.00E+00	13.61	529.25	39.33	0
S 15	2.72E-07	0.00E+00	0.00E+00	0.00E+00	2078	0	0	0
S 16	1.47E-07	0.00E+00	0.00E+00	0.00E+00	2262	0	0	0
Cl 2	1.43E-09	0.00E+00	0.00E+00	0.00E+00	20.87	0	0	0
Cl 3	2.55E-09	0.00E+00	0.00E+00	0.00E+00	15.15	0	0	0
Cl 4	2.52E-08	0.00E+00	0.00E+00	0.00E+00	19.48	0	0	0
Cl 5	5.71E-08	0.00E+00	0.00E+00	0.00E+00	19.89	0	0	0
Cl 6	4.14E-08	0.00E+00	0.00E+00	0.00E+00	16.95	0	0	0
Cl 7	1.58E-08	0.00E+00	0.00E+00	0.00E+00	14.09	0	0	0
Cl 8	1.35E-08	0.00E+00	0.00E+00	0.00E+00	197.04	0	0	0
Cl 9	1.37E-08	1.95E-08	0.00E+00	0.00E+00	60.22	296.76	0	0
Cl10	2.31E-08	2.88E-08	0.00E+00	0.00E+00	55.1	337.99	0	0
Cl11	2.95E-08	4.21E-08	0.00E+00	0.00E+00	48.65	341.46	0	0
Cl12	1.05E-07	1.08E-07	0.00E+00	0.00E+00	61.84	282.43	0	0
Cl13	1.05E-07	8.94E-08	0.00E+00	0.00E+00	58.55	331.71	0	0
Cl14	1.08E-08	4.88E-08	8.97E-08	0.00E+00	11.35	74.52	398.2	0
Cl15	1.46E-08	1.39E-07	8.47E-09	0.00E+00	41.24	561.41	13.49	0
Cl16	3.05E-07	0.00E+00	0.00E+00	0.00E+00	2338.6	0	0	0
Cl17	1.61E-07	0.00E+00	0.00E+00	0.00E+00	2493.9	0	0	0
Ar 2	6.17E-10	0.00E+00	0.00E+00	0.00E+00	27.61	0	0	0
Ar 3	5.99E-09	0.00E+00	0.00E+00	0.00E+00	25.22	0	0	0
Ar 4	2.38E-08	0.00E+00	0.00E+00	0.00E+00	26.93	0	0	0
Ar 5	3.42E-08	2.48E-08	0.00E+00	0.00E+00	27.42	18.6	0	0
Ar 6	7.56E-08	0.00E+00	0.00E+00	0.00E+00	22.02	0	0	0
Ar 7	5.64E-08	0.00E+00	0.00E+00	0.00E+00	18.95	0	0	0
Ar 8	1.43E-08	3.36E-08	0.00E+00	0.00E+00	130.87	16.46	0	0
Ar 9	1.19E-07	0.00E+00	0.00E+00	0.00E+00	249.9	0	0	0
Ar10	2.76E-07	7.25E-09	0.00E+00	0.00E+00	261.61	85.96	0	0
Ar11	3.49E-08	3.45E-09	1.90E-07	0.00E+00	180	37.91	304.69	0
Ar12	2.75E-07	2.78E-08	0.00E+00	0.00E+00	288.6	39.68	0	0
Ar13	3.87E-07	7.52E-08	0.00E+00	0.00E+00	372.81	52.02	0	0
Ar14	5.35E-08	3.47E-07	0.00E+00	0.00E+00	51.37	393.8	0	0
Ar15	4.42E-08	9.88E-09	1.13E-07	0.00E+00	59.13	11.43	374.89	0
Ar16	1.41E-08	1.44E-07	1.58E-08	0.00E+00	98.61	509.91	16.87	0
Ar17	3.38E-07	0.00E+00	0.00E+00	0.00E+00	2614.2	0	0	0
Ar18	1.80E-07	0.00E+00	0.00E+00	0.00E+00	2784.4	0	0	0
K  2	1.90E-08	0.00E+00	0.00E+00	0.00E+00	44.41	0	0	0
K  3	8.70E-09	0.00E+00	0.00E+00	0.00E+00	32.74	0	0	0
K  4	2.50E-08	0.00E+00	0.00E+00	0.00E+00	30.42	0	0	0
K  5	2.50E-08	0.00E+00	0.00E+00	0.00E+00	26.73	0	0	0
K  6	8.75E-08	0.00E+00	0.00E+00	0.00E+00	24.81	0	0	0
K  7	9.30E-08	0.00E+00	0.00E+00	0.00E+00	24.73	0	0	0
K  8	6.93E-08	0.00E+00	0.00E+00	0.00E+00	20.23	0	0	0
K  9	1.91E-08	4.04E-08	0.00E+00	0.00E+00	124.64	18.31	0	0
K 10	2.18E-07	0.00E+00	0.00E+00	0.00E+00	349.99	0	0	0
K 11	5.92E-08	2.06E-09	3.29E-07	0.00E+00	194.27	58.56	324.25	0
K 12	4.22E-09	5.14E-08	2.52E-07	0.00E+00	39.41	201.16	343.01	0
K 13	3.88E-08	7.14E-08	0.00E+00	0.00E+00	55.34	410.96	0	0
K 14	1.49E-07	8.98E-08	0.00E+00	0.00E+00	321.7	56.04	0	0
K 15	8.78E-08	1.05E-07	0.00E+00	0.00E+00	251.18	47.65	0	0
K 16	1.59E-07	2.02E-08	4.83E-08	0.00E+00	503.55	21.3	80.46	0
K 17	1.21E-08	1.68E-08	1.90E-07	0.00E+00	15.18	50.83	627.01	0
K 18	3.71E-07	0.00E+00	0.00E+00	0.00E+00	2904.8	0	0	0
K 19	1.95E-07	0.00E+00	0.00E+00	0.00E+00	3055.5	0	0	0
Ca 2	1.59E-10	0.00E+00	0.00E+00	0.00E+00	3.09	0	0	0
Ca 3	1.84E-08	0.00E+00	0.00E+00	0.00E+00	35.49	0	0	0
Ca 4	6.97E-08	0.00E+00	0.00E+00	0.00E+00	35.3	0	0	0
Ca 5	7.44E-08	0.00E+00	0.00E+00	0.00E+00	33.7	0	0	0
Ca 6	5.13E-08	0.00E+00	0.00E+00	0.00E+00	34.62	0	0	0
Ca 7	1.99E-08	9.34E-08	0.00E+00	0.00E+00	57.66	26.81	0	0
Ca 8	1.15E-07	0.00E+00	0.00E+00	0.00E+00	28.16	0	0	0
Ca 9	8.71E-08	0.00E+00	0.00E+00	0.00E+00	22.68	0	0	0
Ca10	3.53E-08	4.83E-08	0.00E+00	0.00E+00	162.14	20.08	0	0
Ca11	3.24E-07	0.00E+00	0.00E+00	0.00E+00	403.62	0	0	0
Ca12	2.27E-07	2.96E-07	4.22E-09	0.00E+00	273.87	411.36	71.41	0
Ca13	5.18E-08	4.81E-09	3.45E-07	0.00E+00	207.87	40.64	389.25	0
Ca14	4.38E-08	8.77E-08	0.00E+00	0.00E+00	59.55	448.94	0	0
Ca15	1.11E-07	4.18E-09	1.69E-07	0.00E+00	70.38	21.64	440.49	0
Ca16	6.41E-08	4.52E-07	0.00E+00	0.00E+00	58.44	500.92	0	0
Ca17	5.36E-08	1.25E-08	2.05E-07	0.00E+00	66.32	15.06	472.06	0
Ca18	1.38E-08	1.86E-08	2.05E-07	0.00E+00	15.77	56.46	643.42	0
Ca19	4.03E-07	0.00E+00	0.00E+00	0.00E+00	3210.4	0	0	0
Ca20	2.14E-07	0.00E+00	0.00E+00	0.00E+00	3221.7	0	0	0
Sc 2	1.94E-09	0.00E+00	0.00E+00	0.00E+00	5.07	0	0	0
Sc 3	1.05E-08	0.00E+00	0.00E+00	0.00E+00	9.92	0	0	0
Sc 4	3.48E-08	0.00E+00	0.00E+00	0.00E+00	41.94	0	0	0
Sc 5	7.37E-08	0.00E+00	0.00E+00	0.00E+00	41.03	0	0	0
Sc 6	9.60E-08	0.00E+00	0.00E+00	0.00E+00	30.08	0	0	0
Sc 7	6.67E-08	0.00E+00	0.00E+00	0.00E+00	37.76	0	0	0
Sc 8	8.30E-08	4.90E-08	0.00E+00	0.00E+00	31.81	49.8	0	0
Sc 9	1.25E-07	0.00E+00	0.00E+00	0.00E+00	27.7	0	0	0
Sc10	2.64E-09	1.23E-07	1.13E-07	0.00E+00	108.18	425	27.04	0
Sc11	5.40E-08	7.74E-09	8.41E-08	0.00E+00	21.27	72.42	296.3	0
Sc12	4.30E-07	0.00E+00	0.00E+00	0.00E+00	461.35	0	0	0
Sc13	2.70E-09	9.56E-08	5.83E-07	0.00E+00	60.66	232.9	414.65	0
Sc14	6.46E-08	5.51E-09	4.39E-07	0.00E+00	227.98	42.01	428.61	0
Sc15	4.06E-08	4.46E-07	0.00E+00	0.00E+00	58.33	481.87	0	0
Sc16	9.93E-08	5.63E-07	0.00E+00	0.00E+00	60.11	509.27	0	0
Sc17	6.89E-08	5.11E-07	0.00E+00	0.00E+00	61.85	531.91	0	0
Sc18	2.33E-07	2.38E-08	5.57E-08	0.00E+00	529.49	21.48	86.16	0
Sc19	1.46E-08	2.10E-08	2.31E-07	0.00E+00	15.76	58.55	675.59	0
Sc20	4.34E-07	0.00E+00	0.00E+00	0.00E+00	3531.1	0	0	0
Sc21	2.64E-07	0.00E+00	0.00E+00	0.00E+00	4288.4	0	0	0
Ti 2	3.39E-09	0.00E+00	0.00E+00	0.00E+00	9.67	0	0	0
Ti 3	1.88E-08	0.00E+00	0.00E+00	0.00E+00	17	0	0	0
Ti 4	3.95E-09	0.00E+00	0.00E+00	0.00E+00	11.19	0	0	0
Ti 5	5.89E-08	0.00E+00	0.00E+00	0.00E+00	46.98	0	0	0
Ti 6	6.77E-08	2.47E-07	0.00E+00	0.00E+00	61.16	25.8	0	0
Ti 7	1.21E-07	1.03E-07	0.00E+00	0.00E+00	107.07	25.89	0	0
Ti 8	8.29E-08	0.00E+00	0.00E+00	0.00E+00	43.08	0	0	0
Ti 9	3.74E-08	1.19E-07	0.00E+00	0.00E+00	131.64	42.28	0	0
Ti10	2.58E-08	1.45E-07	0.00E+00	0.00E+00	142.17	31.7	0	0
Ti11	4.20E-08	9.72E-08	0.00E+00	0.00E+00	114.16	26.44	0	0
Ti12	2.42E-08	1.40E-07	6.04E-08	0.00E+00	131.74	450	22.84	0
Ti13	2.54E-07	2.63E-07	0.00E+00	0.00E+00	366	529	0	0
Ti14	3.22E-07	5.43E-07	4.87E-09	0.00E+00	321.26	518.04	71.17	0
Ti15	8.74E-08	6.23E-09	5.39E-07	0.00E+00	253.28	43.62	487.55	0
Ti16	5.11E-07	4.47E-08	0.00E+00	0.00E+00	542.66	60.95	0	0
Ti17	6.31E-07	1.08E-07	0.00E+00	0.00E+00	577.27	61.85	0	0
Ti18	7.11E-08	5.73E-07	0.00E+00	0.00E+00	61.1	570.26	0	0
Ti19	2.87E-08	5.89E-08	2.90E-07	0.00E+00	22.44	93.06	577.76	0
Ti20	1.84E-08	2.21E-08	2.71E-07	0.00E+00	17.33	74.29	731.57	0
Ti21	4.64E-07	0.00E+00	0.00E+00	0.00E+00	3866.7	0	0	0
Ti22	2.50E-07	0.00E+00	0.00E+00	0.00E+00	4036	0	0	0
5  2	2.82E-09	0.00E+00	0.00E+00	0.00E+00	11.7	0	0	0
5  3	1.15E-08	0.00E+00	0.00E+00	0.00E+00	14.3	0	0	0
5  4	2.08E-08	0.00E+00	0.00E+00	0.00E+00	23.13	0	0	0
5  5	6.14E-08	0.00E+00	0.00E+00	0.00E+00	50.94	0	0	0
5  6	7.31E-08	0.00E+00	0.00E+00	0.00E+00	46.56	0	0	0
5  7	1.85E-07	0.00E+00	0.00E+00	0.00E+00	53.54	0	0	0
5  8	1.84E-07	0.00E+00	0.00E+00	0.00E+00	51.34	0	0	0
5  9	9.91E-08	0.00E+00	0.00E+00	0.00E+00	45.86	0	0	0
5 10	1.21E-07	6.69E-08	0.00E+00	0.00E+00	37.03	72.23	0	0
5 11	1.69E-07	0.00E+00	0.00E+00	0.00E+00	32.99	0	0	0
5 12	4.66E-08	2.23E-07	6.66E-08	0.00E+00	140.52	553	30.74	0
5 13	6.84E-08	3.08E-08	2.28E-07	0.00E+00	24.17	151.73	525	0
5 14	6.57E-07	0.00E+00	0.00E+00	0.00E+00	515.79	0	0	0
5 15	1.92E-07	4.10E-09	8.66E-07	0.00E+00	296.21	64.61	525.97	0
5 16	7.37E-09	5.65E-07	2.04E-07	0.00E+00	46.05	575.33	322.95	0
5 17	4.87E-08	5.82E-07	0.00E+00	0.00E+00	64.33	585.52	0	0
5 18	7.06E-07	1.18E-07	0.00E+00	0.00E+00	619.14	65.17	0	0
5 19	6.33E-07	7.28E-08	0.00E+00	0.00E+00	643.97	60.37	0	0
5 20	2.91E-07	5.32E-08	8.79E-08	0.00E+00	752.79	35.61	204.16	0
5 21	2.52E-08	1.89E-08	2.95E-07	0.00E+00	75.02	17.1	755.19	0
5 22	4.93E-07	0.00E+00	0.00E+00	0.00E+00	4217.3	0	0	0
5 23	2.64E-07	0.00E+00	0.00E+00	0.00E+00	4288.4	0	0	0
Cr 2	2.14E-09	0.00E+00	0.00E+00	0.00E+00	17.42	0	0	0
Cr 3	7.81E-09	0.00E+00	0.00E+00	0.00E+00	11.72	0	0	0
Cr 4	2.79E-08	0.00E+00	0.00E+00	0.00E+00	24.81	0	0	0
Cr 5	3.52E-08	0.00E+00	0.00E+00	0.00E+00	29.44	0	0	0
Cr 6	4.81E-08	0.00E+00	0.00E+00	0.00E+00	33.32	0	0	0
Cr 7	1.18E-07	0.00E+00	0.00E+00	0.00E+00	59.55	0	0	0
Cr 8	3.42E-07	1.23E-07	0.00E+00	0.00E+00	97.42	17.85	0	0
Cr 9	5.12E-08	4.06E-07	0.00E+00	0.00E+00	18.32	126.38	0	0
Cr10	1.15E-07	0.00E+00	0.00E+00	0.00E+00	51.23	0	0	0
Cr11	7.33E-08	1.18E-07	0.00E+00	0.00E+00	194.76	66.2	0	0
Cr12	7.27E-08	1.70E-07	0.00E+00	0.00E+00	189.63	33.14	0	0
Cr13	8.42E-08	1.16E-07	0.00E+00	0.00E+00	204.22	33.17	0	0
Cr14	4.03E-08	3.15E-07	7.63E-08	0.00E+00	171.22	590	26.59	0
Cr15	3.40E-07	4.09E-07	0.00E+00	0.00E+00	424	675	0	0
Cr16	3.66E-07	9.16E-07	5.46E-09	0.00E+00	357.22	616.12	67.97	0
Cr17	1.70E-07	7.93E-09	7.37E-07	0.00E+00	319.62	46.81	603.05	0
Cr18	5.32E-08	6.40E-07	0.00E+00	0.00E+00	69.25	651.73	0	0
Cr19	7.81E-07	1.32E-07	0.00E+00	0.00E+00	684.21	72.45	0	0
Cr20	7.83E-08	6.98E-07	0.00E+00	0.00E+00	67.71	695.99	0	0
Cr21	3.41E-08	6.89E-08	3.80E-07	0.00E+00	28.56	103.67	686.3	0
Cr22	3.19E-07	2.67E-08	1.82E-08	0.00E+00	760.25	70.07	15.81	0
Cr23	5.20E-07	0.00E+00	0.00E+00	0.00E+00	4583	0	0	0
Cr24	2.81E-07	0.00E+00	0.00E+00	0.00E+00	4701.2	0	0	0
Mn 2	8.97E-10	0.00E+00	0.00E+00	0.00E+00	11.46	0	0	0
Mn 3	6.23E-09	0.00E+00	0.00E+00	0.00E+00	17.27	0	0	0
Mn 4	1.98E-08	0.00E+00	0.00E+00	0.00E+00	20.73	0	0	0
Mn 5	4.38E-08	0.00E+00	0.00E+00	0.00E+00	26.16	0	0	0
Mn 6	5.38E-08	0.00E+00	0.00E+00	0.00E+00	38.54	0	0	0
Mn 7	1.04E-07	0.00E+00	0.00E+00	0.00E+00	50.95	0	0	0
Mn 8	1.42E-07	0.00E+00	0.00E+00	0.00E+00	63.92	0	0	0
Mn 9	8.40E-08	3.88E-07	0.00E+00	0.00E+00	17.5	113.67	0	0
Mn10	4.26E-08	4.18E-07	0.00E+00	0.00E+00	18.1	136.16	0	0
Mn11	1.27E-07	0.00E+00	0.00E+00	0.00E+00	54.37	0	0	0
Mn12	1.15E-07	1.57E-07	0.00E+00	0.00E+00	213.3	74.91	0	0
Mn13	1.05E-07	1.86E-07	0.00E+00	0.00E+00	198.6	34.18	0	0
Mn14	8.95E-08	1.30E-07	0.00E+00	0.00E+00	223.96	36.55	0	0
Mn15	5.40E-08	4.36E-07	9.56E-08	0.00E+00	185.98	650	28.74	0
Mn16	3.94E-07	5.29E-07	0.00E+00	0.00E+00	727	456	0	0
Mn17	1.11E-06	4.07E-07	6.02E-09	0.00E+00	672.79	379.9	66.51	0
Mn18	2.10E-07	8.82E-09	8.53E-07	0.00E+00	348.03	48.37	672.27	0
Mn19	5.64E-08	7.28E-07	0.00E+00	0.00E+00	70.84	688.24	0	0
Mn20	8.62E-07	1.38E-07	0.00E+00	0.00E+00	731.78	77.16	0	0
Mn21	8.58E-08	7.66E-07	0.00E+00	0.00E+00	69.18	746.8	0	0
Mn22	5.39E-08	1.07E-07	3.87E-07	0.00E+00	35.3	186.94	825.61	0
Mn23	1.93E-08	3.24E-08	3.38E-07	0.00E+00	16.3	74.73	801.76	0
Mn24	5.45E-07	0.00E+00	0.00E+00	0.00E+00	4963.6	0	0	0
Mn25	3.00E-07	0.00E+00	0.00E+00	0.00E+00	4962.4	0	0	0
Fe 2	1.76E-10	8.00E-11	0.00E+00	0.00E+00	5.12	12.9	0	0
Fe 3	1.84E-09	2.16E-09	0.00E+00	0.00E+00	16.7	31.4	0	0
Fe 4	1.20E-08	3.76E-09	0.00E+00	0.00E+00	28.6	52.1	0	0
Fe 5	3.04E-08	1.28E-08	0.00E+00	0.00E+00	37.3	67.4	0	0
Fe 6	6.40E-08	1.92E-08	0.00E+00	0.00E+00	54.2	100	0	0
Fe 7	7.36E-08	3.28E-08	0.00E+00	0.00E+00	45.5	360	0	0
Fe 8	1.28E-07	2.88E-08	0.00E+00	0.00E+00	66.7	123	0	0
Fe 9	1.44E-07	5.60E-08	0.00E+00	0.00E+00	66.1	129	0	0
Fe10	1.12E-07	2.08E-07	0.00E+00	0.00E+00	21.6	136	0	0
Fe11	8.00E-08	2.24E-07	0.00E+00	0.00E+00	22.2	144	0	0
Fe12	1.80E-07	1.85E-07	0.00E+00	0.00E+00	59.6	362	0	0
Fe13	1.92E-07	1.36E-07	0.00E+00	0.00E+00	75	205	0	0
Fe14	2.08E-07	1.28E-07	0.00E+00	0.00E+00	36.3	193	0	0
Fe15	1.52E-07	7.20E-08	0.00E+00	0.00E+00	39.4	198	0	0
Fe16	9.60E-08	9.60E-08	4.80E-07	0.00E+00	24.6	248	560	0
Fe17	4.50E-07	6.34E-07	0.00E+00	0.00E+00	479.98	802.63	0	0
Fe18	2.03E-09	2.69E-08	1.45E-07	1.54E-06	22.5	117	341	683
Fe19	2.06E-07	8.80E-08	8.54E-07	0.00E+00	346.23	48.25	662.92	0
Fe20	1.28E-08	5.74E-08	7.25E-08	5.92E-07	23.7	85.1	329	787
Fe21	1.48E-08	7.63E-08	6.32E-08	9.85E-07	13.2	66.6	297	714
Fe22	7.44E-10	1.03E-07	1.54E-07	7.30E-07	39.1	80.3	392	919
Fe23	4.07E-08	8.34E-08	4.97E-07	0.00E+00	29.03	113.33	765.77	0
Fe24	3.42E-08	3.77E-07	1.84E-08	0.00E+00	68.95	850.53	15.15	0
Fe25	5.67E-07	0.00E+00	0.00E+00	0.00E+00	5359.3	0	0	0
Fe26	2.95E-07	0.00E+00	0.00E+00	0.00E+00	5170.2	0	0	0
Co 2	2.28E-10	2.27E-10	0.00E+00	0.00E+00	4.98	22.91	0	0
Co 3	2.29E-09	0.00E+00	0.00E+00	0.00E+00	12.45	0	0	0
Co 4	3.22E-09	0.00E+00	0.00E+00	0.00E+00	25.86	0	0	0
Co 5	9.53E-09	0.00E+00	0.00E+00	0.00E+00	38.41	0	0	0
Co 6	2.62E-08	0.00E+00	0.00E+00	0.00E+00	48.58	0	0	0
Co 7	6.78E-08	0.00E+00	0.00E+00	0.00E+00	62.93	0	0	0
Co 8	1.03E-07	0.00E+00	0.00E+00	0.00E+00	72.02	0	0	0
Co 9	1.53E-07	0.00E+00	0.00E+00	0.00E+00	86.37	0	0	0
Co10	1.72E-07	0.00E+00	0.00E+00	0.00E+00	72.69	0	0	0
Co11	1.43E-07	1.62E-07	0.00E+00	0.00E+00	168.91	34.83	0	0
Co12	1.15E-07	1.28E-07	0.00E+00	0.00E+00	35.01	151.68	0	0
Co13	1.27E-07	6.31E-08	3.70E-09	0.00E+00	57.51	168.17	26.25	0
Co14	1.32E-07	2.55E-07	0.00E+00	0.00E+00	168.97	64.7	0	0
Co15	2.43E-07	1.18E-07	0.00E+00	0.00E+00	40.02	175.65	0	0
Co16	1.89E-07	5.05E-08	0.00E+00	0.00E+00	41.34	141.64	0	0
Co17	6.45E-08	1.06E-07	7.39E-07	0.00E+00	225.14	31.83	800	0
Co18	6.31E-07	6.56E-07	0.00E+00	0.00E+00	529.42	1008.7	0	0
Co19	3.92E-07	1.60E-06	7.00E-09	0.00E+00	402.99	764.22	60.93	0
Co20	2.86E-07	1.08E-08	1.11E-06	0.00E+00	401.26	51.05	790.07	0
Co21	5.01E-07	9.40E-08	0.00E+00	0.00E+00	952.95	98.49	0	0
Co22	1.55E-07	1.03E-06	0.00E+00	0.00E+00	81.58	854.7	0	0
Co23	1.02E-07	9.10E-07	0.00E+00	0.00E+00	72.97	844.92	0	0
Co24	2.46E-07	4.90E-07	8.53E-08	0.00E+00	392.6	1472.7	45.01	0
Co25	1.95E-08	4.03E-08	3.78E-07	0.00E+00	15.52	75.15	852.54	0
Co26	5.87E-07	0.00E+00	0.00E+00	0.00E+00	5769.9	0	0	0
Co27	3.29E-07	0.00E+00	0.00E+00	0.00E+00	5630.5	0	0	0
Ni 2	1.22E-09	0.00E+00	0.00E+00	0.00E+00	13.74	0	0	0
Ni 3	7.37E-09	0.00E+00	0.00E+00	0.00E+00	22.44	0	0	0
Ni 4	1.93E-08	0.00E+00	0.00E+00	0.00E+00	35.28	0	0	0
Ni 5	1.43E-08	0.00E+00	0.00E+00	0.00E+00	42.05	0	0	0
Ni 6	3.95E-08	0.00E+00	0.00E+00	0.00E+00	51.18	0	0	0
Ni 7	7.98E-08	0.00E+00	0.00E+00	0.00E+00	51.59	0	0	0
Ni 8	8.79E-08	0.00E+00	0.00E+00	0.00E+00	56.15	0	0	0
Ni 9	1.24E-07	0.00E+00	0.00E+00	0.00E+00	64.77	0	0	0
Ni10	1.79E-07	0.00E+00	0.00E+00	0.00E+00	107.38	0	0	0
Ni11	1.95E-07	0.00E+00	0.00E+00	0.00E+00	78.39	0	0	0
Ni12	6.01E-08	4.21E-07	0.00E+00	0.00E+00	152.86	65.05	0	0
Ni13	5.42E-07	0.00E+00	0.00E+00	0.00E+00	65.5	0	0	0
Ni14	8.67E-08	1.25E-07	0.00E+00	0.00E+00	149.47	56.39	0	0
Ni15	1.18E-07	3.57E-07	0.00E+00	0.00E+00	127.62	51.44	0	0
Ni16	9.89E-08	2.90E-07	0.00E+00	0.00E+00	156.31	45.15	0	0
Ni17	9.73E-08	1.67E-07	0.00E+00	0.00E+00	54.88	40.25	0	0
Ni18	9.00E-07	8.30E-08	1.09E-07	0.00E+00	870	244.4	32.59	0
Ni19	5.49E-07	9.52E-07	0.00E+00	0.00E+00	542	952	0	0
Ni20	4.56E-07	1.80E-06	7.98E-09	0.00E+00	431.64	831.14	58.84	0
Ni21	1.19E-08	1.25E-06	3.33E-07	0.00E+00	52.53	865.71	429.76	0
Ni22	1.35E-07	6.60E-07	0.00E+00	0.00E+00	91.34	905.64	0	0
Ni23	1.05E-06	1.70E-07	0.00E+00	0.00E+00	960.14	92.17	0	0
Ni24	1.12E-07	9.81E-07	0.00E+00	0.00E+00	75.94	911.3	0	0
Ni25	7.12E-08	9.23E-08	5.78E-07	0.00E+00	37.23	168.82	936.53	0
Ni26	4.46E-08	1.95E-08	3.97E-07	0.00E+00	75.44	15.11	880.65	0
Ni27	6.33E-07	0.00E+00	0.00E+00	0.00E+00	6195.5	0	0	0
Ni28	3.54E-07	0.00E+00	0.00E+00	0.00E+00	6011.9	0	0	0
