20090324
# mpp telg1[NMODS_HCA]
#
66
#
   50000. 5.0  50000. 6.0  50000. 7.0  50000. 8.0 
   60000. 5.0  60000. 6.0  60000. 7.0  60000. 8.0 
   70000. 5.0  70000. 6.0  70000. 7.0  70000. 8.0 
   80000. 5.0  80000. 6.0  80000. 7.0  80000. 8.0 
   90000. 5.0  90000. 6.0  90000. 7.0  90000. 8.0 
  100000. 5.0 100000. 6.0 100000. 7.0 100000. 8.0 
              110000. 6.0 110000. 7.0 110000. 8.0 
              120000. 6.0 120000. 7.0 120000. 8.0 
              130000. 6.0 130000. 7.0 130000. 8.0 
              140000. 6.0 140000. 7.0 140000. 8.0 
              150000. 6.0 150000. 7.0 150000. 8.0 
              160000. 6.0 160000. 7.0 160000. 8.0 
              170000. 6.0 170000. 7.0 170000. 8.0 
              180000. 6.0 180000. 7.0 180000. 8.0 
              190000. 6.0 190000. 7.0 190000. 8.0 
                          200000. 7.0 200000. 8.0  200000. 9.0 
                          300000. 7.0 300000. 8.0  300000. 9.0 
                                      400000. 8.0  400000. 9.0 
                                      500000. 8.0  500000. 9.0 
                                                   600000. 9.0 
                                                   700000. 9.0 
                                                   800000. 9.0 
                                                   900000. 9.0 
                                                  1000000. 9.0
#
# mpp telg2[NMODS_HNI]
#
51
#
   50000. 5.0  50000. 6.0  50000. 7.0  50000. 8.0 
   60000. 5.0  60000. 6.0  60000. 7.0  60000. 8.0 
   70000. 5.0  70000. 6.0  70000. 7.0  70000. 8.0 
   80000. 5.0  80000. 6.0  80000. 7.0  80000. 8.0 
   90000. 5.0  90000. 6.0  90000. 7.0  90000. 8.0 
  100000. 5.0 100000. 6.0 100000. 7.0 100000. 8.0 
              110000. 6.0 110000. 7.0 110000. 8.0 
              120000. 6.0 120000. 7.0 120000. 8.0 
              130000. 6.0 130000. 7.0 130000. 8.0 
              140000. 6.0 140000. 7.0 140000. 8.0 
              150000. 6.0 150000. 7.0 150000. 8.0 
              160000. 6.0 160000. 7.0 160000. 8.0 
              170000. 6.0 170000. 7.0 170000. 8.0 
              180000. 6.0 180000. 7.0 180000. 8.0 
              190000. 6.0 190000. 7.0 190000. 8.0
#
# mpp telg3[NMODS_PG1159]
#
71
#
   40000. 5.0  40000. 6.0  40000. 7.0  40000. 8.0  40000. 9.0 
   50000. 5.0  50000. 6.0  50000. 7.0  50000. 8.0  50000. 9.0 
   60000. 5.0  60000. 6.0  60000. 7.0  60000. 8.0  60000. 9.0 
   70000. 5.0  70000. 6.0  70000. 7.0  70000. 8.0  70000. 9.0 
   80000. 5.0  80000. 6.0  80000. 7.0  80000. 8.0  80000. 9.0 
   90000. 5.0  90000. 6.0  90000. 7.0  90000. 8.0  90000. 9.0 
  100000. 5.0 100000. 6.0 100000. 7.0 100000. 8.0 100000. 9.0 
              110000. 6.0 110000. 7.0 110000. 8.0 110000. 9.0 
              120000. 6.0 120000. 7.0 120000. 8.0 120000. 9.0 
              130000. 6.0 130000. 7.0 130000. 8.0 130000. 9.0 
              140000. 6.0 140000. 7.0 140000. 8.0 140000. 9.0 
              150000. 6.0 150000. 7.0 150000. 8.0 150000. 9.0 
              160000. 6.0 160000. 7.0 160000. 8.0 160000. 9.0 
              170000. 6.0 170000. 7.0 170000. 8.0 170000. 9.0 
              180000. 6.0 180000. 7.0 180000. 8.0 180000. 9.0 
              190000. 6.0 190000. 7.0 190000. 8.0 190000. 9.0
#
# mpp telg4[NMODS_HYDR]
#
100
#
  20000. 4.0  20000. 5.0  20000. 6.0  20000. 7.0  20000. 8.0  20000. 9.0 
  30000. 4.0  30000. 5.0  30000. 6.0  30000. 7.0  30000. 8.0  30000. 9.0 
  40000. 4.0  40000. 5.0  40000. 6.0  40000. 7.0  40000. 8.0  40000. 9.0 
  50000. 4.0  50000. 5.0  50000. 6.0  50000. 7.0  50000. 8.0  50000. 9.0 
              60000. 5.0  60000. 6.0  60000. 7.0  60000. 8.0  60000. 9.0 
              70000. 5.0  70000. 6.0  70000. 7.0  70000. 8.0  70000. 9.0 
              80000. 5.0  80000. 6.0  80000. 7.0  80000. 8.0  80000. 9.0 
              90000. 5.0  90000. 6.0  90000. 7.0  90000. 8.0  90000. 9.0 
             100000. 5.0 100000. 6.0 100000. 7.0 100000. 8.0 100000. 9.0 
                         110000. 6.0 110000. 7.0 110000. 8.0 110000. 9.0 
                         120000. 6.0 120000. 7.0 120000. 8.0 120000. 9.0 
                         130000. 6.0 130000. 7.0 130000. 8.0 130000. 9.0 
                         140000. 6.0 140000. 7.0 140000. 8.0 140000. 9.0 
                         150000. 6.0 150000. 7.0 150000. 8.0 150000. 9.0 
                         160000. 6.0 160000. 7.0 160000. 8.0 160000. 9.0 
                         170000. 6.0 170000. 7.0 170000. 8.0 170000. 9.0 
                         180000. 6.0 180000. 7.0 180000. 8.0 180000. 9.0 
                         190000. 6.0 190000. 7.0 190000. 8.0 190000. 9.0 
                                     200000. 7.0 200000. 8.0 200000. 9.0 
                                     300000. 7.0 300000. 8.0 300000. 9.0 
                                                 400000. 8.0 400000. 9.0 
                                                 500000. 8.0 500000. 9.0 
                                                             600000. 9.0 
                                                             700000. 9.0 
                                                             800000. 9.0 
                                                             900000. 9.0 
                                                            1000000. 9.0
#
# mpp telg5[NMODS_HELIUM]
#
81
#
   50000. 5.0  50000. 6.0  50000. 7.0  50000. 8.0  50000. 9.0 
   60000. 5.0  60000. 6.0  60000. 7.0  60000. 8.0  60000. 9.0 
   70000. 5.0  70000. 6.0  70000. 7.0  70000. 8.0  70000. 9.0 
   80000. 5.0  80000. 6.0  80000. 7.0  80000. 8.0  80000. 9.0 
   90000. 5.0  90000. 6.0  90000. 7.0  90000. 8.0  90000. 9.0 
  100000. 5.0 100000. 6.0 100000. 7.0 100000. 8.0 100000. 9.0 
              110000. 6.0 110000. 7.0 110000. 8.0 110000. 9.0 
              120000. 6.0 120000. 7.0 120000. 8.0 120000. 9.0 
              130000. 6.0 130000. 7.0 130000. 8.0 130000. 9.0 
              140000. 6.0 140000. 7.0 140000. 8.0 140000. 9.0 
              150000. 6.0 150000. 7.0 150000. 8.0 150000. 9.0 
              160000. 6.0 160000. 7.0 160000. 8.0 160000. 9.0 
              170000. 6.0 170000. 7.0 170000. 8.0 170000. 9.0 
              180000. 6.0 180000. 7.0 180000. 8.0 180000. 9.0 
              190000. 6.0 190000. 7.0 190000. 8.0 190000. 9.0 
                          200000. 7.0 200000. 8.0 200000. 9.0 
                          300000. 7.0 300000. 8.0 300000. 9.0 
                                      400000. 8.0 400000. 9.0 
                                      500000. 8.0 500000. 9.0 
                                                  600000. 9.0 
                                                  700000. 9.0 
                                                  800000. 9.0 
                                                  900000. 9.0 
                                                 1000000. 9.0
#
# mpp telg6[NMODS_HpHE]
#
117
#
   50000. 5.0  50000. 5.5  50000. 6.0  50000. 6.5  50000. 7.0  50000. 7.5  50000. 8.0  50000. 8.5  50000. 9.0 
   60000. 5.0  60000. 5.5  60000. 6.0  60000. 6.5  60000. 7.0  60000. 7.5  60000. 8.0  60000. 8.5  60000. 9.0 
   70000. 5.0  70000. 5.5  70000. 6.0  70000. 6.5  70000. 7.0  70000. 7.5  70000. 8.0  70000. 8.5  70000. 9.0 
   80000. 5.0  80000. 5.5  80000. 6.0  80000. 6.5  80000. 7.0  80000. 7.5  80000. 8.0  80000. 8.5  80000. 9.0 
   90000. 5.0  90000. 5.5  90000. 6.0  90000. 6.5  90000. 7.0  90000. 7.5  90000. 8.0  90000. 8.5  90000. 9.0 
  100000. 5.0 100000. 5.5 100000. 6.0 100000. 6.5 100000. 7.0 100000. 7.5 100000. 8.0 100000. 8.5 100000. 9.0 
                          110000. 6.0 110000. 6.5 110000. 7.0 110000. 7.5 110000. 8.0 110000. 8.5 110000. 9.0 
                          120000. 6.0 120000. 6.5 120000. 7.0 120000. 7.5 120000. 8.0 120000. 8.5 120000. 9.0 
                          130000. 6.0 130000. 6.5 130000. 7.0 130000. 7.5 130000. 8.0 130000. 8.5 130000. 9.0 
                          140000. 6.0 140000. 6.5 140000. 7.0 140000. 7.5 140000. 8.0 140000. 8.5 140000. 9.0 
                          150000. 6.0 150000. 6.5 150000. 7.0 150000. 7.5 150000. 8.0 150000. 8.5 150000. 9.0 
                          160000. 6.0 160000. 6.5 160000. 7.0 160000. 7.5 160000. 8.0 160000. 8.5 160000. 9.0 
                          170000. 6.0 170000. 6.5 170000. 7.0 170000. 7.5 170000. 8.0 170000. 8.5 170000. 9.0 
                          180000. 6.0 180000. 6.5 180000. 7.0 180000. 7.5 180000. 8.0 180000. 8.5 180000. 9.0 
                          190000. 6.0 190000. 6.5 190000. 7.0 190000. 7.5 190000. 8.0 190000. 8.5 190000. 9.0
#
# EOF sentinel
#
20090324
