20061204
       6       6   10695   0.663  -0.679   0.624   0.681   0.994
       6       6    9088   0.171  -0.558   0.624   0.681   0.958
       6       6    9658   0.054  -0.528   0.624   0.681       1
       6       6    1657   0.954  -0.665   0.239   0.687       1
       6       6    6828   0.046  -0.536   1.504   0.779   0.254
       6       5    9903   0.697  -0.784   4.205    0.72       1
       6       5    4267   1.011  -0.754   2.587   0.719    0.95
       6       5    7231   1.724    -0.7   1.683   0.667   0.012
       6       5    6580   0.584  -0.521   0.624   0.681    0.17
       6       5    2837   0.584  -0.521   0.624   0.681   0.313
       6       5    1761   0.584  -0.521   0.624   0.681   0.517
       6       5    1335   0.953  -0.539   0.412   0.654       1
       6       4    8197   0.587   -0.78   7.448    0.72       1
       6       4    8665   0.293  -0.611   4.486   0.849   0.421
       6       4    2726   0.293  -0.611   4.486   0.849   0.574
       6       4    4069   0.523  -0.784   4.205    0.72    0.91
       6       4    7613   0.523  -0.784   4.205    0.72    0.09
       6       4    3888   0.359  -0.572   2.795   0.827   0.119
       6       4    1923   0.688  -0.754   2.587   0.719       1
       6       4    4649   0.429  -0.501   0.624   0.681    0.94
       6       4    4187   0.174  -0.784   4.205    0.72    0.98
       6       4    2163   0.229  -0.754   2.587   0.719   0.426
       6       3    7726    0.58  -0.775   7.448    0.72       1
       6       3    4659   0.519  -0.818   4.205    0.72       1
       6       3    2529   0.907  -0.749   4.205    0.72       1
       6       3    1549   3.772   -0.59   0.889   0.549       1
       7       7   10117   0.601  -0.695   1.683   0.667       1
       7       7   10525   0.393  -0.697   1.683   0.667   0.724
       7       7    9829   0.393  -0.697   1.683   0.667   0.276
       7       7    8692   1.254  -0.624   1.683   0.667   0.957
       7       7    8212   0.624  -0.602   1.683   0.667    0.76
       7       7    7452   0.047  -0.489   0.624   0.681   0.964
       7       7    1200   1.437  -0.664   0.768   0.564       1
       7       6    4530   0.108  -0.754   2.587   0.719    0.65
       7       6    4026   0.108  -0.754   2.587   0.719    0.35
       7       6    4176   0.085  -0.754   2.587   0.719   0.542
       7       6    1494   0.085  -0.754   2.587   0.719   0.391
       7       6    2232   0.059  -0.754   2.587   0.719   0.653
       7       6    4678   0.059  -0.754   2.587   0.719   0.223
       7       6    4041   0.326  -0.754   2.587   0.719   0.926
       7       6    4552   0.326  -0.754   2.587   0.719   0.074
       7       6    4239   0.252  -0.754   2.587   0.719   0.887
       7       6    4435   0.181  -0.754   2.587   0.719    0.79
       7       6    5005   0.633   -0.69   1.683   0.667       1
       7       6    5679     1.2  -0.615   1.683   0.667   0.337
       7       6    1742   3.561  -0.615   1.683   0.667    0.52
       7       6    1345   3.561  -0.615   1.683   0.667   0.137
       7       5    8237   0.587   -0.78   7.448    0.72       1
       7       5    4379   0.697  -0.784   4.205    0.72       1
       7       5    1885   1.011  -0.754   2.587   0.719   0.924
       7       5    4641   1.434  -0.707   1.683   0.667   0.005
       7       5    4110    1.35  -0.734   0.624   0.681   0.058
       7       4    7703   0.438  -0.801   10.35   0.717       1
       7       4    7582   0.363  -0.618   7.778   0.848    0.51
       7       4    4606   0.587   -0.78   7.448    0.72       1
       7       4    4707   0.293  -0.611   4.486   0.849   0.426
       7       4    2646   0.523  -0.784   4.205    0.72    0.73
       7       4    1700   0.523  -0.784   4.205    0.72   0.235
       7       4    1036    0.52  -0.754   2.587   0.719   0.992
       7       4    3481   0.429  -0.501   0.624   0.681   0.817
       7       3    7618    0.55  -0.764   10.35   0.717       1
       7       3    4945   0.566   -0.78   7.448    0.72       1
       7       3    2981   0.519  -0.818   4.205    0.72       1
       7       3    1620   0.907  -0.749   4.205    0.72       1
       8       8    8447   0.226  -0.508   0.624   0.681       1
       8       8    7773   1.983   -0.63   0.971   0.573       1
       8       8    9264   1.191  -0.684   1.683   0.667       1
       8       8    3947   0.264  -0.589   0.442   0.756   0.158
       8       8    1357   2.231   -0.63   0.971   0.573       1
       8       7    4342   0.144  -0.754   2.587   0.719       1
       8       7    4607   0.112  -0.754   2.587   0.719    0.88
       8       7    4489    0.08  -0.754   2.587   0.719   0.074
       8       7    4094   0.289  -0.754   2.587   0.719       1
       8       7    4278   0.225  -0.754   2.587   0.719    0.88
       8       7    4051   0.225  -0.754   2.587   0.719    0.12
       8       7    4294    0.16  -0.754   2.587   0.719    0.85
       8       7    4339    0.16  -0.754   2.587   0.719    0.15
       8       7    4075   0.601  -0.695   1.683   0.667       1
       8       7    4111   0.409  -0.705   1.683   0.667    0.72
       8       7    3867   0.409  -0.705   1.683   0.667    0.28
       8       7    4152   0.226  -0.679   1.683   0.667   0.616
       8       7    4913   0.226  -0.679   1.683   0.667   0.294
       8       7    4651   1.257  -0.624   1.683   0.667       1
       8       7    4341   0.633  -0.609   1.683   0.667       1
       8       7    3736   0.047  -0.506   0.624   0.681       1
       8       6    4435   0.155  -0.784   4.205    0.72       1
       8       6    3265   0.633   -0.69   1.683   0.667       1
       8       6    3762     1.2  -0.615   1.683   0.667   0.383
       8       6    5592    0.05  -0.508   0.624   0.691    0.22
       8       5    7713   0.438  -0.801   10.35   0.717       1
       8       5    7677   0.363  -0.618   7.778   0.848    0.51
       8       5    4632   0.587   -0.78   7.448    0.72       1
       8       5    4344   0.391  -0.611   4.486   0.849    0.45
       8       5    2450   0.697  -0.784   4.205    0.72   0.913
       8       5    1068   0.906   -0.74   2.587   0.719   0.406
       8       5    3409     0.7    -0.7   1.683   0.667   0.003
       8       5    3066    0.43  -0.473   0.624   0.681   0.117
       8       4    7611   0.354  -0.812    14.4   0.712       1
       8       4    7592   0.311  -0.641   11.48   0.846   0.563
       8       4    2993   0.311  -0.641   11.48   0.846    0.43
       8       4    4930   0.438  -0.801   10.35   0.717       1
       8       4    1845   0.363  -0.618   7.778   0.848    0.47
       8       4    2942   0.587   -0.78   7.448    0.72       1
       8       4    1644   0.492  -0.784   4.205    0.72    0.85
       8       4    1708   0.164  -0.784   4.205    0.72    0.68
       8       3    5291   0.545  -0.764   10.35   0.717       1
       8       3    2082   0.331  -0.553   11.48   0.846       1
       8       3    3434   0.566   -0.78   7.448    0.72       1
       8       3    2070   0.519  -0.818   4.205    0.72       1
       8       3    1125   0.907  -0.749   4.205    0.72       1
        6        6   1140.1        0   0.4616        0        0   1.0136      0.1
        6        5   8797.3        0   0.0859        0        0   0.4749      0.1
        6        5   6579.3   0.0619  -0.1724   0.1524  -0.0055   1.6026      0.3
        6        5   5113.4        0   0.3787        0        0    3.608     0.15
        6        5   4961.1        0   0.0273        0        0   0.7948      0.1
        6        5   4619.1  -0.0004   0.9778   0.0002        0   3.5887     0.15
        6        5   4267.2   0.8583  -1.9394   1.1805  -0.0323   5.6506      0.6
        6        5   4142.4        0   0.1297        0        0   2.3123      0.1
        6        5   3165.7    1e-04   0.3373        0        0   5.0189      0.2
        6        5   1335.3   1.5568   3.9044   2.6807  -0.0123   0.5834      0.1
        6        5   1167.5        0   0.2038        0        0   0.7948      0.1
        6        5   1092.5        0   0.7724    1e-04        0   0.7948      0.1
        6        5   1036.8   0.4879   0.1712   1.3281  -0.0308   0.9202      0.1
        6        5    971.1  -0.0003   6.4693   0.0006   -1e-04   7.4627     0.25
        6        5    952.5  -0.0003   3.3894   0.0003        0   5.7634      0.2
        6        5    946.1    1e-04   1.4276    1e-04        0   0.7949      0.1
        6        5    799.8   -1e-04   6.8606   0.0002        0   0.4749      0.1
        6        4  14382.5   0.0291  -0.1855   0.3267  -0.0338   4.6059      0.2
        6        4  13986.1   0.0263  -0.0947   0.1296  -0.0109    3.746      0.3
        6        4  13717.4   0.0859   -0.548   0.9649  -0.0997   4.6058      0.2
        6        4  13579.6   0.1094  -0.2675   0.1883   -0.009   2.0379      0.4
        6        4   9700.4   0.0002    0.006   0.0004        0      0.3      0.1
        6        4   8664.6   0.0886  -0.2722   0.2362  -0.0138   2.0358     0.35
        6        4   8340.8   0.0116   0.1716   0.0132  -0.0005   0.3184      0.1
        6        4   8315.1        0   0.3579    1e-04        0   5.3545      0.2
        6        4   8226.2    1e-04   0.3041        0        0   5.3518      0.2
        6        4   8196.5   0.3807  -1.1942   1.0595  -0.0718   2.3905      0.4
        6        4   8196.5   0.1278   -0.404   0.3619   -0.025   2.4353      0.4
        6        4   8189.1   0.0005   0.5632    1e-04        0   5.3503      0.2
        6        4   7597.8   0.0287  -0.1106   0.1235  -0.0069   1.7323      0.3
        6        4   6740.3   0.0207  -0.0509   0.0782  -0.0023   0.5355      0.1
        6        4   5826.2   0.0018   0.0078   0.0026        0    0.439      0.1
        6        4   5305.3   0.0298  -0.1075   0.1472  -0.0124    3.746      0.3
        6        4   5263.1   0.0008   0.0046   0.0017   -1e-04      0.4      0.1
        6        4   5133.4   0.1048  -0.2563   0.1805  -0.0086   2.0382      0.4
        6        4   4717.9        0   0.2144        0        0   3.6259     0.15
        6        4   4662.4   0.0019   0.0063   0.0042  -0.0002   0.4188      0.1
        6        4   4648.8   0.1151  -0.1057   0.3451  -0.0113   0.4817      0.1
        6        4   4593.2   0.0005   0.6813    1e-04        0   3.6254     0.15
        6        4   4542.7        0   0.0064        0        0   0.2711      0.1
        6        4   4429.2        0   0.4345    1e-04        0   3.5947     0.15
        6        4   4395.3        0   0.0074        0        0   0.3643      0.1
        6        4   4371.1        0   0.3019        0        0   3.6551     0.15
        6        4     4330   0.0005   1.3291        0        0   3.5934     0.15
        6        4   4325.5   0.0013    0.006   0.0021   -1e-04     0.45      0.1
        6        4   4300.8        0    0.261        0        0   3.6685     0.15
        6        4     4187   0.1051   -0.405   0.4552  -0.0261   1.7717      0.3
        6        4   4158.7   0.0116  -0.0223   0.0367  -0.0009   0.4847      0.1
        6        4   4069.4   0.2862  -1.1021   1.2297  -0.0691   1.7324      0.3
        6        4   3927.4   0.0003   0.5449        0        0   3.6034     0.15
        6        4   3887.1   0.0177  -0.0341   0.0559  -0.0013   0.4847      0.1
        6        4   3602.6        0   0.2012        0        0   3.3809     0.15
        6        4   3414.9        0    0.006        0        0   0.2711      0.1
        6        4   3385.2        0   0.0554        0        0   0.3472      0.1
        6        4   2512.2        0   0.5505        0        0   0.3472      0.1
        6        4     2440        0   0.1694        0        0   0.2711      0.1
        6        4   2296.9   0.8743   3.8841   1.4779  -0.0483   0.4521      0.1
        6        4   2296.1        0      0.4        0        0    0.577      0.1
        6        4   2200.4        0   0.5229        0        0   0.4931      0.1
        6        4   2162.9   0.0396  -0.0138   0.1125   0.0029   0.5586      0.1
        6        4   2114.3        0   0.3575        0        0   0.3472      0.1
        6        4   2017.4        0   0.8108        0        0   0.4931      0.1
        6        4   1923.3        0   0.3165        0        0   0.4931      0.1
        6        4   1923.1   0.2666  -0.3774   0.7627    0.031   0.6278      0.1
        6        4     1828   -1e-04   3.8078  -0.0002        0   0.2711      0.1
        6        4   1796.8        0   0.2882        0        0   0.3643      0.1
        6        4   1777.9        0   0.1239        0        0   0.4931      0.1
        6        4   1701.6        0   0.1853        0        0    0.324      0.1
        6        4   1633.6        0    0.213        0        0    0.324      0.1
        6        4   1620.3   0.0243   0.0381   0.0513  -0.0017     0.42      0.1
        6        4   1577.1   0.2336    3.444   0.2656  -0.0109   0.3185      0.1
        6        4   1548.9        0   0.2776        0        0   0.3643      0.1
        6        4   1516.3        0   0.1069        0        0   0.3472      0.1
        6        4   1491.2        0   0.3415        0        0    0.324      0.1
        6        4   1480.4        0   0.1479        0        0    0.577      0.1
        6        4   1478.1        0   0.4007        0        0   0.4931      0.1
        6        4   1381.7   0.0128   0.0598   0.0227  -0.0012   0.4327      0.1
        6        4   1296.3   0.1194  -0.2296    0.377   -0.009   0.4847      0.1
        6        4   1247.4   -1e-04   0.8535   0.5001  -0.0341   0.6671      0.1
        6        4   1175.7   0.3864   3.1446   1.1348  -0.0611    0.413      0.1
        6        4      977   0.8323    5.197   2.5875  -0.0812   0.4437      0.1
        6        4    574.3    0.098   0.1127   0.2229   0.0007    0.499      0.1
        6        4    538.2   0.1342  -0.1435   0.4201  -0.0134   0.4903      0.1
        6        4    511.5   0.0589   0.2539   0.0849  -0.0015    0.439      0.1
        6        4    493.5   0.1009   0.5483   0.2102  -0.0138   0.5706      0.1
        6        4    492.6   0.0728   0.3386   0.1285  -0.0069   0.4327      0.1
        6        4    483.7   0.0718   0.3649   0.1455   -0.009   0.5733      0.1
        6        4      476        0   1.1418        0        0   0.9157      0.1
        6        4    459.6   0.9723   2.2972   1.8844  -0.0286   0.3893      0.1
        6        4    450.7        0   0.2904   0.0481  -0.0036   0.3764      0.1
        6        4    433.3   0.0453   0.1992    0.072   -0.002   0.4534      0.1
        6        4    411.7    1e-04   4.3059        0        0   0.3643      0.1
        6        4    398.4    1e-04   2.6254   0.0002        0    0.324      0.1
        6        4    371.7   0.1225   0.1922   0.2586  -0.0088     0.42      0.1
        7        7  10594.8        0   0.0135        0        0   0.4078      0.1
        7        7   9048.1        0    0.019   0.0024  -0.0003    0.371      0.1
        7        7   8180.4        0   0.0064   0.0003        0     0.35      0.1
        7        7   1000.2        0   0.0395        0        0   0.2727      0.1
        7        7    994.2        0   0.0721        0        0   0.3594      0.1
        7        7    980.7        0   0.4728        0        0   0.5591      0.1
        7        6   5679.6   0.0234  -0.0852   0.0927  -0.0056   2.3686      0.3
        7        6   5495.1        0   0.0781        0        0   1.1623      0.1
        7        6   5004.4   0.0704   -0.199   0.1603  -0.0099   3.3831      0.4
        7        6   4724.1        0   0.0186        0        0   0.7718      0.1
        7        6   1085.1   0.0005   0.8561    2.377  -0.1017   0.8595      0.1
        7        6    916.3   0.0143  -0.2447   1.1821   0.0132   0.8461      0.1
        7        6    646.4   0.0009   2.2631        0        0   1.1627      0.1
        7        5   6938.2        0   0.2206        0        0   0.7295      0.1
        7        5   5334.7        0    0.126        0        0   0.9211      0.1
        7        5   4507.5   0.0005   0.8446        0        0   4.0119     0.15
        7        5   4477.8   0.0004   1.0155    1e-04        0   4.0085     0.15
        7        5   4373.6        0    0.966    1e-04        0   4.0183     0.15
        7        5   4199.6   0.0149   0.0226   0.0304  -0.0002   0.8516      0.1
        7        5   4099.4        0   0.0194    0.028   -0.001   0.8274      0.1
        7        5   4001.8   0.0023   0.0256   0.0027        0     0.85      0.1
        7        5     3429        0    0.142        0        0   2.8512      0.1
        7        5   2197.8        0   0.2454    1e-04        0   0.7958      0.1
        7        5   2188.1   -1e-04   1.7355   -1e-04        0   0.8199      0.1
        7        5   2064.3    1e-04    4.236   0.0014   -1e-04   0.7958      0.1
        7        5   1885.1   0.4468  -0.8007   0.3715   0.0369   3.0634     0.45
        7        5   1857.2        0    0.394        0        0     0.82      0.1
        7        5   1498.3        0   0.9684        0        0   0.7295      0.1
        7        5      991   2.8315  12.9695  16.8995  -0.5167   0.8162      0.1
        7        5    979.9   0.1764  -0.4582   0.6309   0.0215   1.0251      0.1
        7        5    782.9   0.0014   6.8449        0        0   1.7651      0.1
        7        5      764   1.1769    3.675   3.8084   -0.147    0.978      0.1
        7        5    685.7    0.594  -0.4426   4.3937  -0.3217   0.9795      0.1
        7        5    472.3  -0.0545   1.1395   0.1343  -0.0013   0.7456      0.1
        7        5    418.8   0.4465   3.5875   0.5445  -0.0132   0.8626      0.1
        7        5    411.3        0   1.3202   -1e-04        0   0.9211      0.1
        7        5    391.3   0.0022   9.8112    1e-04        0   2.7078      0.1
        7        5    387.4  -0.0002    5.282  -0.0002        0   0.9211      0.1
        7        5    374.4   0.0961  -1.1219   4.6102  -0.4746   0.8564      0.1
        7        5    348.7  -0.0004  15.4012  -0.0006    1e-04   0.7295      0.1
        7        5    340.2   0.0045  18.4734  -0.0004    1e-04   1.7651      0.1
        7        5    323.3   0.0341  32.2696  -0.0123   0.0018    3.983     0.15
        7        5    311.6   0.2238   0.3397   0.4567  -0.0033   0.8515      0.1
        7        4     9203   0.0111  -0.1354   0.4831  -0.0482   0.5315      0.1
        7        4   7850.8   0.0097   0.0216   0.0354   0.0009   1.5444      0.1
        7        4     7760        0   0.5947   -1e-04        0   6.4512     0.25
        7        4     7742   -1e-04   0.5524        0        0   6.4494     0.25
        7        4   7740.8  -0.0002   0.8844  -0.0004        0   6.4485     0.25
        7        4   7703.2   0.0783  -0.2678   0.2577   -0.019   3.3144     0.35
        7        4   7703.2   0.2348  -0.8031   0.7726  -0.0569   3.3133     0.35
        7        4   7582.3   0.1075  -0.3417   0.3133  -0.0219   3.0892     0.35
        7        4   7581.7   0.0404  -0.1053   0.0858  -0.0048    2.549      0.3
        7        4   5209.1        0   0.0043   0.0195  -0.0018   0.4783      0.2
        7        4   4803.6   0.0202  -0.0542   0.0678   -0.004   1.8505     0.15
        7        4   4757.2        0   0.3191        0        0   4.5945     0.15
        7        4   4745.2   0.0003   0.5548        0        0   4.6121     0.15
        7        4   4708.1        0   0.3688        0        0   4.5974     0.15
        7        4   4707.4   0.0814  -0.2208   0.2735  -0.0166   1.8703     0.15
        7        4   4705.7   0.0025   1.1065   0.0002        0   4.5996     0.15
        7        4   4680.1        0   0.5669   -1e-04        0   4.5904     0.15
        7        4   4676.2   -1e-04   1.7011   0.0004   -1e-04   4.5902     0.15
        7        4   4640.1    0.001   0.9578   -1e-04        0   4.5926     0.15
        7        4   4606.4   0.2266  -1.0525   1.4037  -0.1084   2.6627     0.25
        7        4   4606.2   0.0951  -0.3764   0.4486  -0.0331   2.4572     0.25
        7        4   4512.8   0.0002   0.0054   0.0129  -0.0011   0.5497      0.2
        7        4   4289.9   0.0154  -0.0448   0.0594  -0.0039   1.6851      0.2
        7        4   4124.4        0   0.3355        0        0   4.6276     0.15
        7        4   4073.5   0.0004     0.51   -1e-04        0    4.578     0.15
        7        4   3480.9   0.0045  -0.0291   0.6366  -0.0515   0.1742      0.1
        7        4   3459.1   -1e-04   0.0048    0.006  -0.0004      0.2      0.1
        7        4   3200.9        0    0.011        0        0   0.2391      0.1
        7        4   3078.3   0.0405   0.0627   0.0874   -0.004   1.6451      0.1
        7        4   3004.1  -0.0005   0.0186   0.0007        0   0.2062      0.1
        7        4   2664.4        0   0.1852        0        0   0.2391      0.1
        7        4   2646.4   0.3066   0.6885   0.7846   -0.031   1.6158      0.1
        7        4   2630.2    1e-04   0.6841        0        0   1.5424      0.1
        7        4   2602.6   0.0002   1.1617   -1e-04        0   1.5171      0.1
        7        4   2574.6    1e-04   2.1507   0.0003        0   1.5406      0.1
        7        4   2550.6   -1e-04   3.5429   0.0002        0   1.5142      0.1
        7        4   2457.1        0   0.1785        0        0   0.2391      0.1
        7        4   2430.8  -0.0019   0.0709   0.0026   -1e-04   0.2062      0.1
        7        4   2418.8   0.0002    0.846    1e-04        0   1.5806      0.1
        7        4   2318.1   0.0054   -0.082     0.33   -0.036   0.6469      0.1
        7        4   2234.7    1e-04   1.1331        0        0   1.5707      0.1
        7        4   2190.2   0.0002   1.8069   -1e-04        0   1.4918      0.1
        7        4   2159.5        0    0.574        0        0   1.0459      0.1
        7        4   2080.3   0.1309   0.2038   0.2829  -0.0129   1.6449      0.1
        7        4   1718.6   0.0751  -1.3414   6.4456  -0.6185   0.3433      0.1
        7        4   1699.8   0.1002   0.2187   0.2544  -0.0103   1.6169      0.1
        7        4   1325.3   0.0667  -0.8159   2.9104  -0.2907   0.5315      0.1
        7        4   1279.7   0.0025  -0.0455   0.2315  -0.0235   0.5303      0.1
        7        4   1271.6   0.0036  -0.0444   0.2866  -0.0275   0.1932      0.1
        7        4   1260.3        0   0.8144        0        0   1.0459      0.1
        7        4   1255.8  -0.0014   1.1562   0.3338  -0.0313   1.4122      0.1
        7        4   1239.8   0.0002   1.2463        0        0   1.4918      0.1
        7        4   1233.8        0   1.0352    1e-04        0   1.5142      0.1
        7        4     1231    1e-04   0.8813    1e-04        0   1.5406      0.1
        7        4   1230.4   0.0002   0.6921        0        0   1.5806      0.1
        7        4   1228.4        0   0.6558    1e-04        0   0.7942      0.1
        7        4   1225.5   0.0016  -0.0276   0.1766  -0.0156   0.1317      0.1
        7        4   1223.8        0    0.381        0        0   0.2391      0.1
        7        4   1222.3        0   0.1345        0        0   0.5296      0.1
        7        4   1221.3        0    0.458        0        0   1.4106      0.1
        7        4   1173.6  -0.0128   0.9919   0.1844  -0.0155    1.448      0.2
        7        4   1102.4  -0.0032   0.4261   0.0453  -0.0024   1.4909      0.1
        7        4   1036.2   0.0466  -0.6226    2.309  -0.1996    0.623      0.1
        7        4    993.2  -0.0013    1.377   0.3981  -0.0374   1.4124      0.1
        7        4    955.3   0.0349  -0.2307   1.5474  -0.1407   0.5544      0.1
        7        4    952.9   0.0081  -0.1496    0.761  -0.0774   0.5303      0.1
        7        4    923.2   0.1057  -0.3719   4.7527  -0.4378   0.2552      0.1
        7        4    765.1   0.1051  -1.9051  10.2062  -0.9291    0.349      0.1
        7        4    756.6        0   0.2633        0        0   0.2391      0.1
        7        4    715.7   0.0009   3.2627  -0.0002        0   1.4919      0.1
        7        4    704.8        0   0.2364        0        0   0.2391      0.1
        7        4      678    1e-04   1.9513    1e-04        0   1.0459      0.1
        7        4    322.6   0.0063    -0.12   0.9206  -0.0779   0.0798      0.1
        7        4    297.7   0.0427  -0.4023   1.3341  -0.1392   0.4279      0.1
        7        4    283.5   0.1599  -1.8302   6.3083  -0.5637   0.5187      0.1
        7        4    239.6   0.0238  -0.2925   1.8886   -0.181   0.1931      0.1
        7        4    234.2  -0.0031   0.1646   0.2047  -0.0151   0.1978      0.1
        7        4    225.3   -1e-04   7.3142  -0.0009    1e-04   1.1402      0.1
        7        4    221.8        0   0.7356        0        0   0.2391      0.1
        7        4    217.9   0.0004   3.5092  -0.0003    1e-04   1.4107      0.1
        7        4    209.4  -0.0049   0.1832   0.0068  -0.0002   0.2062      0.1
        7        4    177.6        0   1.5341    1e-04        0   0.7942      0.1
        8        8  27639.7   0.1953  -0.7805   0.8492  -0.0759   13.247      0.5
        8        8  18022.8   0.0971  -0.8743   1.6447  -0.1593  14.3535      0.5
        8        8  11298.9   0.2147  -0.9024   1.0281   -0.082  12.9529      0.5
        8        8   9263.6   1.3752  -0.0677   3.8878  -0.4719  15.3842      0.5
        8        8   7949.5        0      0.4        0        0   0.5587      0.1
        8        8   7773.3   1.0991  -1.9677   5.9828  -0.6378  14.1284     0.45
        8        8   6318.6        0    0.028        0        0   1.0257      0.1
        8        7  25393.1        0    0.004        0        0   0.2971      0.1
        8        7  11945.6   -1e-04   0.0072   0.0015  -0.0002     0.35      0.1
        8        7   9377.4        0   0.0063        0        0   0.3616      0.1
        8        7   8883.3        0   0.0056        0        0   0.3475      0.1
        8        7   8771.8        0   0.0161        0        0   0.3456      0.1
        8        7   4651.7   0.1037  -0.2657   0.2045  -0.0029   3.0303     0.35
        8        7   4593.2        0    0.008   0.0059  -0.0006   0.3499      0.1
        8        7   4349.8        0   0.0048   0.0075  -0.0005      0.3      0.1
        8        7   4341.1   0.0376  -0.0999   0.0783  -0.0003   2.8346      0.3
        8        7     4188   -1e-04   0.0154   0.0079  -0.0008   0.3498      0.1
        8        7   4074.8   0.0923  -0.1817   0.1002  -0.0007   4.2197      0.5
        8        7   3800.2        0   0.1009        0        0    2.234      0.1
        8        7   3077.8        0   0.0099        0        0   0.3616      0.1
        8        7   3017.9        0   0.0082        0        0   0.3475      0.1
        8        7     3009        0   0.0076        0        0   0.3616      0.1
        8        7    386.3        0   0.4461        0        0   0.2804      0.1
        8        7    385.7        0   0.3115        0        0   0.3318      0.1
        8        6   4587.1        0     0.28        0        0   4.6381     0.15
        8        6   3881.6        0   0.1304        0        0   0.9941      0.1
        8        6   3763.1        0   0.0746        0        0   1.6189      0.1
        8        6   3762.3   0.0053  -0.0983   0.4693   0.0054   0.5684      0.1
        8        6   3326.6    0.009   0.0107   0.0226  -0.0004   0.7877      0.1
        8        6   3265.9    1e-04   0.9493   0.1777   0.0623   1.2049      0.1
        8        6   3191.9        0   0.0723        0        0   1.8883      0.1
        8        6   3176.1        0   0.2069        0        0   1.3144      0.1
        8        6   3041.6   0.0139  -0.0463    0.095  -0.0013   1.1799      0.1
        8        6     2092    1e-04   0.7959        0        0   1.5025      0.1
        8        6   1947.2        0   1.1393   0.0002        0   1.3915      0.1
        8        6   1924.2        0   0.5098    1e-04        0   1.3217      0.1
        8        6    834.5  -0.0092  16.2803   6.0953  -0.3399    1.298     0.15
        8        6    703.4   0.0646  -1.0379   5.4702  -0.3506   0.6221      0.1
        8        6    599.6   0.0002   1.4709   1.2954  -0.0807   1.5493      0.1
        8        6    541.6   0.0002   2.4329    1e-04        0   1.2893      0.1
        8        6    374.1  -0.0005    1.893   1.0691  -0.0524   1.1337     0.15
        8        6    320.7   -1e-04   3.8598        0        0   1.5798      0.1
        8        6    300.5   0.0003   13.193   0.0015  -0.0002     1.39      0.1
        8        6    299.3   -1e-04   6.0914        0        0   1.5798      0.1
        8        5   9225.1    1e-04   0.0009   0.0005        0     0.15      0.1
        8        5   8723.6        0   0.0335        0        0   0.9214      0.1
        8        5   6099.6        0   0.0283        0        0   1.0719      0.1
        8        5   4541.3   0.0011   0.6456        0        0   4.8635      0.2
        8        5   4491.5   0.0003   0.6584        0        0   4.8271     0.15
        8        5     4034        0   0.0702        0        0   0.0719      0.1
        8        5   3799.3        0   0.0189        0        0   0.3721      0.1
        8        5     3794        0   0.1226        0        0    2.505      0.1
        8        5   3720.8        0    0.125        0        0   0.3721      0.1
        8        5   3553.8        0   0.0045        0        0   0.0719      0.1
        8        5   3549.1        0   0.0012        0        0   0.0719      0.1
        8        5   3490.9   0.0033   0.0082   0.0069   0.0003   0.1785      0.1
        8        5   3409.1   0.0004    1e-04   0.0016   0.0002   0.2052      0.1
        8        5   3350.7   0.0012   -1e-04   0.0091  -0.0002   0.1795      0.1
        8        5   3066.1    0.023   0.0016   0.0859   0.0015   0.2149      0.1
        8        5   3037.9        0   1.5217        0        0   0.7085      0.1
        8        5   3027.9        0   0.0918        0        0   0.9214      0.1
        8        5   3024.3   0.0002   0.0005   0.0005        0      0.2     0.15
        8        5     3003   0.0007   0.5561        0        0    4.863      0.2
        8        5   2907.1        0   0.2918        0        0   0.9214      0.1
        8        5   2772.5        0   0.6734   -1e-04        0   1.6944      0.1
        8        5   2637.7        0   1.1338  -0.0002        0   1.6242      0.1
        8        5     2620        0   1.0784        0        0   1.0719      0.1
        8        5   2511.2   0.0002   2.8067   -1e-04        0   1.7471      0.1
        8        5   2486.3        0   0.3204        0        0   0.0719      0.1
        8        5   2363.6        0   0.2168        0        0   0.3721      0.1
        8        5   1936.1        0   0.1495        0        0   0.3721      0.1
        8        5   1785.9        0   0.5212        0        0   1.0719      0.1
        8        5   1515.5   0.0008   0.0086   0.0048        0   0.1501      0.1
        8        5   1355.1   0.0016   0.0209   0.0111    1e-04   0.1392      0.1
        8        5   1341.8   0.0734  -0.7096   2.5557  -0.1364   0.3106      0.1
        8        5   1296.4        0   0.2047        0        0   0.3721      0.1
        8        5   1289.4        0   1.1066    1e-04        0   0.0719      0.1
        8        5   1212.9   0.0309  -0.3064   0.8385  -0.0813   0.5422      0.1
        8        5     1102   0.0018   5.6429   0.0008   -1e-04    6.921     0.25
        8        5   1079.9   0.0027  -0.0002   0.0195  -0.0005   0.1795      0.1
        8        5   1067.8   0.0935  -0.1253   0.2148   0.0392   0.8956     0.15
        8        5     1060   0.0103   0.0256   0.0214   0.0011   0.1784      0.1
        8        5     1046   0.0404  -0.2108   0.3873   -0.025   0.6667      0.1
        8        5   1006.7   0.0161  12.4488   0.0002        0   7.5667     0.25
        8        5    922.7   0.7799  -3.0453   4.4113   -0.232   1.0333      0.2
        8        5    844.4   -1e-04   3.3684    1e-04        0   0.7085      0.1
        8        5    789.4   4.7096  -7.7314  39.5926  -1.4842   0.2109      0.1
        8        5    779.9   0.4003  -3.8675   13.929  -0.7433   0.3106      0.1
        8        5    745.8        0   0.5475        0        0   0.3721      0.1
        8        5      713   0.0041   6.5679  -0.0013   0.0002   2.5057      0.1
        8        5    703.9        0    0.576        0        0   0.0719      0.1
        8        5    636.5   0.1084   0.2681   0.2245   0.0112   0.1785      0.1
        8        5      617   1.7032  -6.6508   9.6338  -0.5066   1.0333      0.2
        8        5    609.4   0.4193  -1.9258   5.0398  -0.0611   0.4046      0.1
        8        5    554.4   0.9392   -0.745   8.8543  -0.2444   0.4542      0.1
        8        5      487        0   0.3641        0        0   0.0719      0.1
        8        5    442.8   0.0228   0.0016   0.0852   0.0015   0.2149      0.1
        8        5    379.8   0.1502   0.0108   0.5603   0.0096   0.2149      0.1
        8        5    342.3   0.0096   0.0238   0.0199    0.001   0.1785      0.1
        8        5    306.7   0.0046  -0.0187   0.3118  -0.0071   0.0888      0.1
        8        5    303.5   0.0043   0.0573   0.0305   0.0003   0.1392      0.1
        8        5    289.9   0.0113   0.0019   0.2579  -0.0234   0.1676      0.1
        8        5    288.5        0   3.7916  -0.0007    1e-04   1.6242      0.1
        8        5    285.8   0.0521  -0.4336   1.0532   0.0448   0.5153      0.1
        8        5    279.8   0.0999  -0.2634     0.45   0.0242   0.3298      0.1
        8        5    276.1   0.0124  18.7191   0.0017  -0.0002   3.8567     0.15
        8        5    273.5  -0.0018  25.0077    0.002  -0.0002   4.3545     0.15
        8        5      267   0.1622  -1.1147   2.2783  -0.1975   0.7623     0.15
        8        5    265.5   -1e-04  16.4077   0.0006   -1e-04   1.0719      0.1
        8        5    260.5   0.0005    2.201   2.6463  -0.1639   0.6095     0.15
        8        5    258.6    0.006   6.1638  -0.0005    1e-04    2.506      0.1
        8        5    252.5   0.0128  20.5521   0.0011   -1e-04   3.8567     0.15
        8        5    250.3  -0.0023  31.5306   0.0025  -0.0003   4.3545     0.15
        8        5    238.5   0.1215   0.0327   0.5626   0.0832   0.2035      0.1
        8        5    224.1        0   3.2239    1e-04        0   0.3721      0.1
        8        5    216.2        0   0.5602        0        0   0.3721      0.1
        8        5      213  -0.0657   1.4583   0.2876   0.0223   0.6524      0.1
        8        5    211.3   0.0022   5.2042   0.0232  -0.0015   1.9159      0.1
        8        5    207.2   0.1477  -0.0102   1.0783  -0.0272   0.1795      0.1
        8        5      203   0.0846   0.2543   0.3268  -0.0198   0.4614      0.1
        8        5    200.8    1e-04  10.4614   0.0006   -1e-04   0.0719      0.1
        8        5    196.4   0.0031   19.158  -0.0023   0.0004   1.6946      0.1
        8        5    188.2  -0.0032  32.3813  -0.0036   0.0005   4.8979     0.15
        8        5    184.2  -0.0017   29.127    0.004  -0.0006   6.5238      0.2
        8        5    182.8   0.1135   0.2808    0.235   0.0117   0.1785      0.1
        8        5    171.1   0.0174   0.2317   0.1234   0.0014   0.1392      0.1
        8        5    158.6   0.0012   7.8984   0.0004        0   0.9216      0.1
        8        4   6487.5  -0.0765    4.168   1.2966  -0.1261   2.8234     0.15
        8        4   5875.5   0.0274  -0.0918   0.1266  -0.0106   3.3189     0.15
        8        4   5023.2   -1e-04   0.5197        0        0   5.8621      0.2
        8        4   5006.9        0   0.4687        0        0   5.8758      0.2
        8        4   4982.4   0.0008   0.8823    1e-04        0   5.8662      0.2
        8        4   4981.4   0.0221  -0.0957   0.1292  -0.0117   3.5562      0.2
        8        4   4961.4   0.0012   1.4623    1e-04        0   5.8616      0.2
        8        4   4961.4   0.0009   0.5036  -0.0002        0   5.8627      0.2
        8        4   4958.7        0   0.4494        0        0   5.8588      0.2
        8        4   4953.3   0.0011   1.3491  -0.0006    1e-04   5.8599      0.2
        8        4   4952.5        0   2.1583   -1e-04        0   5.8576      0.2
        8        4   4952.5   0.0004   0.7195    1e-04        0   5.8581      0.2
        8        4   4944.7        0   0.3643        0        0   5.8621      0.2
        8        4   4930.3   0.0407  -0.2476   0.4153  -0.0419    3.991      0.2
        8        4   4930.3   0.1223  -0.7431   1.2467  -0.1257   3.9913      0.2
        8        4   4924.2   0.0007   0.7699    1e-04        0   5.8606      0.2
        8        4   4498.2   0.0226  -0.0754    0.104  -0.0087   3.3188     0.15
        8        4   4493.9   0.0005   0.4192   -1e-04        0   5.8498      0.2
        8        4   4462.6   0.0457  -0.1671   0.2516  -0.0184   3.2313      0.1
        8        4   3236.6        0   0.1399        0        0   1.9093      0.1
        8        4   3164.3    0.016   0.1955   0.0529  -0.0039   2.9938      0.1
        8        4   3129.6        0   0.1965        0        0   3.0685      0.1
        8        4   3083.8    1e-04   0.4411        0        0   2.9807      0.1
        8        4   3077.9        0   0.1517        0        0   1.9094      0.1
        8        4   3031.3   0.0002   0.7817        0        0   2.9583      0.1
        8        4   3023.6   0.0009   1.3603    1e-04        0    2.979      0.1
        8        4   3016.6        0   0.5112        0        0   2.9986      0.1
        8        4   3005.2   0.0002   0.9032   0.0002        0   2.9618      0.1
        8        4   3003.8   0.0009   2.7109        0    1e-04   2.9619      0.1
        8        4   2993.3   0.0007   1.3851   -1e-04        0   2.9537      0.1
        8        4   2991.3   0.0035    4.159   0.0002   -1e-04    2.954      0.1
        8        4   2974.6        0   2.3453   -1e-04        0   2.9549      0.1
        8        4   2941.4   0.3768   2.0972   0.8634  -0.0657   3.0325      0.1
        8        4   2941.4   0.1258   0.6993   0.2887   -0.022   3.0326      0.1
        8        4     2784   0.0075   -0.104   0.5878  -0.0604   1.8618      0.1
        8        4   2696.3   0.0009    1.234   -1e-04        0   2.9394      0.1
        8        4   1660.8   0.1433   2.3447   0.1964  -0.0148   2.9947      0.1
        8        4   1643.7   0.4277   2.2318    1.082  -0.0818   3.0315      0.1
        8        4   1629.2     0.11    1.984   0.1615  -0.0121   2.9994      0.1
        8        4   1524.4   0.0751   1.2396   0.1036  -0.0078   2.9944      0.1
        8        4   1371.3   0.1528  -2.1819  12.1631  -1.1983   2.0811      0.1
        8        4   1085.8  -0.0859   5.0151   1.5551  -0.1513    2.825     0.15
        8        4   1071.6   0.0003   1.3349        0        0   2.9583      0.1
        8        4   1067.9        0   4.0933   -1e-04        0   2.9549      0.1
        8        4   1055.1   0.0012   1.7375    1e-04        0   2.9791      0.1
        8        4   1040.6   0.1517   0.8702   0.3453  -0.0262   3.0318      0.1
        8        4   1037.4   0.0004   2.3306  -0.0002        0   2.9389      0.1
        8        4   1032.5   0.0011   1.5181  -0.0002        0    2.954      0.1
        8        4   1031.9   0.0012   1.3021   -1e-04        0   2.9625      0.1
        8        4     1020   0.0011   1.9488   0.1513  -0.0122   2.9376      0.1
        8        4    943.7    1e-04   1.1447        0        0   2.6478      0.1
        8        4    774.5   0.0308  -0.3144   2.7102  -0.2657   2.0844      0.1
        8        4    760.4   0.0565  -1.0006   9.1628  -0.9287   1.7646      0.1
        8        4    681.3   0.5482   4.2072   1.6253  -0.1233   3.0007     0.15
        8        4    629.7    0.212   -3.126  19.1353  -1.8583   2.0594      0.1
        8        4    202.3   0.0577  -0.7299   3.0596  -0.3423   1.9926      0.1
        8        4    192.9   0.1384  -2.1966   9.3514  -1.0249   2.1022      0.1
        8        4      168   0.0839  -1.2048   5.8036  -0.6387   1.8941      0.1
        8        4    141.3  -0.0005  11.8982  -0.0002        0   3.0188      0.1
